,UID,SCTFS,Shape_Area,AREA_2020,AREA_2019,AREA_2018,AREA_2017,AREA_2016,AREA_2015,AREA_2014,AREA_2013,AREA_2012,AREA_2011,AREA_2010,AREA_2009,AREA_2008,AREA_2007,AREA_2006,FIPSSTCO,County
332893,367210,2017502018720001001,639827.963943922426552,,,1800.000000000000000,,,,,,,,,3600.000000000000000,,,,20175,SEWARD
333009,367327,2017520189450001001,233775.331355432601413,5400.000000000000000,,900.000000000000000,9900.000000000000000,,,,,3600.000000000000000,,58500.000000000000000,,162900.000000000000000,6272.000000000000000,56448.000000000000000,20175,SEWARD
333089,367408,2017520189230001001,34980.084514734393451,1800.000000000000000,,,,900.000000000000000,,,,,900.000000000000000,,900.000000000000000,900.000000000000000,,,20175,SEWARD
333090,367409,2017520189270008001,31339.479605674976483,5400.000000000000000,8100.000000000000000,3600.000000000000000,3600.000000000000000,4500.000000000000000,4500.000000000000000,7200.000000000000000,4500.000000000000000,3600.000000000000000,11700.000000000000000,5400.000000000000000,,,,3136.000000000000000,20175,SEWARD
333172,367492,2017500042390001001,145356.937098480062559,1800.000000000000000,26100.000000000000000,,3600.000000000000000,9000.000000000000000,3600.000000000000000,8100.000000000000000,2700.000000000000000,,900.000000000000000,,5400.000000000000000,3600.000000000000000,,,20175,SEWARD
333207,367528,2017520189300006001,39199.123778128123377,7200.000000000000000,6300.000000000000000,5400.000000000000000,8100.000000000000000,9000.000000000000000,7200.000000000000000,9000.000000000000000,3600.000000000000000,3600.000000000000000,17100.000000000000000,9000.000000000000000,,,,,20175,SEWARD
333595,367918,2017500042390001002,136420.839793789054966,,16200.000000000000000,,14400.000000000000000,9000.000000000000000,4500.000000000000000,,900.000000000000000,3600.000000000000000,,18000.000000000000000,900.000000000000000,,,,20175,SEWARD
333663,367986,2017520189470001001,249206.769685039558681,,,,2700.000000000000000,7200.000000000000000,,,13500.000000000000000,,,900.000000000000000,,135000.000000000000000,3136.000000000000000,,20175,SEWARD
333667,367990,2017520189480001001,270183.383830610837322,81900.000000000000000,1800.000000000000000,,206100.000000000000000,167400.000000000000000,,,6300.000000000000000,1800.000000000000000,,,,13500.000000000000000,3136.000000000000000,97216.000000000000000,20175,SEWARD
333992,368315,2017520189770010001,483483.380823378043715,476100.000000000000000,476100.000000000000000,151200.000000000000000,476100.000000000000000,474300.000000000000000,476100.000000000000000,474300.000000000000000,470700.000000000000000,468900.000000000000000,471600.000000000000000,473400.000000000000000,473400.000000000000000,,464128.000000000000000,467264.000000000000000,20175,SEWARD
334220,368546,2017520189230001002,31154.101645965271018,900.000000000000000,900.000000000000000,,,,,,,900.000000000000000,,,,1800.000000000000000,,,20175,SEWARD
334247,368573,2017520189760015001,31994.684074195865833,2700.000000000000000,5400.000000000000000,1800.000000000000000,3600.000000000000000,9900.000000000000000,5400.000000000000000,10800.000000000000000,2700.000000000000000,9000.000000000000000,13500.000000000000000,,,,,12544.000000000000000,20175,SEWARD
334248,368574,2017520189390001001,475237.904730726440903,12600.000000000000000,445500.000000000000000,10800.000000000000000,52200.000000000000000,6300.000000000000000,7200.000000000000000,56700.000000000000000,14400.000000000000000,9000.000000000000000,7200.000000000000000,39600.000000000000000,900.000000000000000,5400.000000000000000,473536.000000000000000,25088.000000000000000,20175,SEWARD
334547,368877,2017520189820001001,184061.841129355510930,51300.000000000000000,113400.000000000000000,,,,,,3600.000000000000000,7200.000000000000000,30600.000000000000000,25200.000000000000000,,,,,20175,SEWARD
334615,368946,2017520189450001002,224666.890080094017321,900.000000000000000,,1800.000000000000000,19800.000000000000000,53100.000000000000000,,900.000000000000000,4500.000000000000000,7200.000000000000000,6300.000000000000000,4500.000000000000000,9900.000000000000000,91800.000000000000000,3136.000000000000000,9408.000000000000000,20175,SEWARD
334673,369004,2017520189360001003,1012486.127880316693336,990000.000000000000000,47700.000000000000000,954000.000000000000000,1003500.000000000000000,995400.000000000000000,873000.000000000000000,965700.000000000000000,543600.000000000000000,998100.000000000000000,993600.000000000000000,1007100.000000000000000,1001700.000000000000000,998100.000000000000000,1003520.000000000000000,479808.000000000000000,20175,SEWARD
334800,369133,2017520189330001001,641554.587192617240362,1800.000000000000000,1800.000000000000000,,,,,,,,,,3600.000000000000000,,,,20175,SEWARD
334866,369200,2017520189320004003,38559.993447735520022,9900.000000000000000,10800.000000000000000,8100.000000000000000,9000.000000000000000,9900.000000000000000,9000.000000000000000,9900.000000000000000,6300.000000000000000,5400.000000000000000,8100.000000000000000,8100.000000000000000,,,,,20175,SEWARD
335010,369367,2017520189290001001,1000399.844667249009944,979200.000000000000000,986400.000000000000000,974700.000000000000000,973800.000000000000000,985500.000000000000000,972900.000000000000000,983700.000000000000000,976500.000000000000000,956700.000000000000000,987300.000000000000000,977400.000000000000000,8100.000000000000000,,,,20175,SEWARD
335057,369414,2017500042470001003,34281.201176202004717,,5400.000000000000000,,2700.000000000000000,,,,,900.000000000000000,,9000.000000000000000,2700.000000000000000,,3136.000000000000000,,20175,SEWARD
335191,369549,2017520189730001002,480746.956144661118742,1800.000000000000000,478800.000000000000000,477000.000000000000000,,477900.000000000000000,478800.000000000000000,477000.000000000000000,474300.000000000000000,477000.000000000000000,475200.000000000000000,473400.000000000000000,470700.000000000000000,453600.000000000000000,479808.000000000000000,451584.000000000000000,20175,SEWARD
335359,369719,2017520189530001001,161189.263752340950305,127800.000000000000000,139500.000000000000000,121500.000000000000000,127800.000000000000000,110700.000000000000000,129600.000000000000000,60300.000000000000000,75600.000000000000000,60300.000000000000000,58500.000000000000000,77400.000000000000000,8100.000000000000000,54900.000000000000000,109760.000000000000000,59584.000000000000000,20175,SEWARD
335384,369744,2017520189320004005,31773.242686947538459,3600.000000000000000,3600.000000000000000,4500.000000000000000,6300.000000000000000,9900.000000000000000,6300.000000000000000,12600.000000000000000,2700.000000000000000,2700.000000000000000,7200.000000000000000,15300.000000000000000,,,,,20175,SEWARD
335464,369826,2017520189800017001,498026.511706317774951,497700.000000000000000,19800.000000000000000,494100.000000000000000,497700.000000000000000,497700.000000000000000,495000.000000000000000,496800.000000000000000,490500.000000000000000,491400.000000000000000,489600.000000000000000,495000.000000000000000,492300.000000000000000,491400.000000000000000,476672.000000000000000,486080.000000000000000,20175,SEWARD
335497,369860,2017520189780022001,28333.918382870971982,900.000000000000000,900.000000000000000,1800.000000000000000,900.000000000000000,1800.000000000000000,2700.000000000000000,2700.000000000000000,,,2700.000000000000000,2700.000000000000000,1800.000000000000000,1800.000000000000000,,15680.000000000000000,20175,SEWARD
335610,369973,2017520189800017002,27033.109645038839517,19800.000000000000000,15300.000000000000000,15300.000000000000000,13500.000000000000000,12600.000000000000000,16200.000000000000000,19800.000000000000000,5400.000000000000000,18900.000000000000000,8100.000000000000000,13500.000000000000000,15300.000000000000000,14400.000000000000000,15680.000000000000000,18816.000000000000000,20175,SEWARD
335643,370006,2017520189300006002,34750.415552017453592,,,,,1800.000000000000000,,,,2700.000000000000000,2700.000000000000000,900.000000000000000,,,,,20175,SEWARD
335650,370013,2017500042390001005,135690.518736363737844,,36900.000000000000000,2700.000000000000000,35100.000000000000000,1800.000000000000000,3600.000000000000000,,,5400.000000000000000,1800.000000000000000,7200.000000000000000,,1800.000000000000000,,,20175,SEWARD
335689,370053,2017520189180001002,965192.863016690243967,89100.000000000000000,10800.000000000000000,1800.000000000000000,458100.000000000000000,466200.000000000000000,468900.000000000000000,3600.000000000000000,15300.000000000000000,38700.000000000000000,504000.000000000000000,491400.000000000000000,34200.000000000000000,491400.000000000000000,928256.000000000000000,890624.000000000000000,20175,SEWARD
335709,370074,2017520189490001001,564384.708391304942779,,,,,,,,,,,900.000000000000000,,,,,20175,SEWARD
335795,370160,2017502018950001002,12473.647634005465079,9900.000000000000000,9900.000000000000000,1800.000000000000000,9000.000000000000000,900.000000000000000,4500.000000000000000,,2700.000000000000000,,8100.000000000000000,3600.000000000000000,7200.000000000000000,10800.000000000000000,6272.000000000000000,6272.000000000000000,20175,SEWARD
335822,370188,2017520189820001002,421025.243055085127708,174600.000000000000000,10800.000000000000000,,169200.000000000000000,,41400.000000000000000,,18900.000000000000000,108000.000000000000000,65700.000000000000000,1800.000000000000000,171000.000000000000000,382500.000000000000000,,6272.000000000000000,20175,SEWARD
335858,370224,2017520189570007001,483061.442092874553055,470700.000000000000000,464400.000000000000000,54000.000000000000000,21600.000000000000000,470700.000000000000000,459900.000000000000000,6300.000000000000000,470700.000000000000000,166500.000000000000000,45000.000000000000000,457200.000000000000000,462600.000000000000000,473400.000000000000000,464128.000000000000000,,20175,SEWARD
335952,370318,2017520189690003001,12172.373362509651997,900.000000000000000,1800.000000000000000,1800.000000000000000,,1800.000000000000000,1800.000000000000000,900.000000000000000,,,,,,,,,20175,SEWARD
335956,370322,2017520189410001001,482791.355219767254312,,,2700.000000000000000,459000.000000000000000,429300.000000000000000,13500.000000000000000,,,,,15300.000000000000000,2700.000000000000000,9900.000000000000000,,,20175,SEWARD
335995,370361,2017520189650019001,5947.910360884873626,900.000000000000000,900.000000000000000,900.000000000000000,900.000000000000000,900.000000000000000,900.000000000000000,900.000000000000000,,,,900.000000000000000,,,,,20175,SEWARD
336027,370393,2017500042470001004,12045.607565769330904,,,,,,,,,,,,,,3136.000000000000000,3136.000000000000000,20175,SEWARD
336073,370439,2017520189120002001,25635.235807368462702,26100.000000000000000,26100.000000000000000,1800.000000000000000,24300.000000000000000,,26100.000000000000000,,,,26100.000000000000000,,26100.000000000000000,26100.000000000000000,21952.000000000000000,28224.000000000000000,20175,SEWARD
336074,370440,2017520189810020001,27839.494770419118140,1800.000000000000000,1800.000000000000000,,,900.000000000000000,,,,900.000000000000000,,1800.000000000000000,,,,,20175,SEWARD
336098,370464,2017520189470001002,249636.378008844738360,,,,9900.000000000000000,,,900.000000000000000,900.000000000000000,4500.000000000000000,,81000.000000000000000,,182700.000000000000000,,53312.000000000000000,20175,SEWARD
336322,370689,2017520189320004006,28698.188415747757972,4500.000000000000000,7200.000000000000000,2700.000000000000000,900.000000000000000,9000.000000000000000,4500.000000000000000,7200.000000000000000,3600.000000000000000,2700.000000000000000,10800.000000000000000,9000.000000000000000,,,,6272.000000000000000,20175,SEWARD
336501,370869,2017500006730001001,327296.634492440382019,299700.000000000000000,95400.000000000000000,36900.000000000000000,11700.000000000000000,317700.000000000000000,299700.000000000000000,300600.000000000000000,306900.000000000000000,298800.000000000000000,90900.000000000000000,304200.000000000000000,321300.000000000000000,308700.000000000000000,,,20175,SEWARD
336502,370870,2017500006260006001,159510.877055254153674,,,,,,,,,,,,,,,,20175,SEWARD
336503,370871,2017500001510001001,27153.643038104488369,1800.000000000000000,24300.000000000000000,,,6300.000000000000000,,,6300.000000000000000,8100.000000000000000,,5400.000000000000000,4500.000000000000000,,,,20175,SEWARD
336504,370872,2017500008650003001,25837.340807240951108,,,,,,,,,,2700.000000000000000,900.000000000000000,,3600.000000000000000,3136.000000000000000,,20175,SEWARD
336505,370873,2017500004710001001,90994.288857506646309,91800.000000000000000,91800.000000000000000,89100.000000000000000,89100.000000000000000,89100.000000000000000,8100.000000000000000,81900.000000000000000,87300.000000000000000,,89100.000000000000000,85500.000000000000000,81900.000000000000000,89100.000000000000000,75264.000000000000000,75264.000000000000000,20175,SEWARD
336506,370874,2017500002230002001,481609.524246423505247,481500.000000000000000,,470700.000000000000000,,88200.000000000000000,,471600.000000000000000,,461700.000000000000000,,460800.000000000000000,,468900.000000000000000,,448448.000000000000000,20175,SEWARD
336507,370875,2017500009220007001,33066.166819008038146,900.000000000000000,,,34200.000000000000000,,,,,,,,,,,,20175,SEWARD
336508,370876,2017500002170001001,313036.197647514054552,7200.000000000000000,86400.000000000000000,,,900.000000000000000,,,,6300.000000000000000,,2700.000000000000000,,,,,20175,SEWARD
336509,370877,2017500001170001001,516011.154226480459329,8100.000000000000000,900.000000000000000,900.000000000000000,,,900.000000000000000,,1800.000000000000000,72900.000000000000000,498600.000000000000000,,7200.000000000000000,900.000000000000000,6272.000000000000000,,20175,SEWARD
336510,370878,2017500034290001001,103259.107746725130710,,,,,,,,,,,,,,,3136.000000000000000,20175,SEWARD
336511,370879,2017500000970001001,254652.712798048509285,254700.000000000000000,253800.000000000000000,,2700.000000000000000,241200.000000000000000,246600.000000000000000,,7200.000000000000000,21600.000000000000000,40500.000000000000000,3600.000000000000000,,,,,20175,SEWARD
336512,370880,2017500003080001001,29371.333260294450156,19800.000000000000000,1800.000000000000000,900.000000000000000,6300.000000000000000,,,900.000000000000000,,5400.000000000000000,3600.000000000000000,3600.000000000000000,,3600.000000000000000,21952.000000000000000,,20175,SEWARD
336513,370881,2017500002810001001,31244.231777232223976,31500.000000000000000,31500.000000000000000,,31500.000000000000000,26100.000000000000000,2700.000000000000000,900.000000000000000,3600.000000000000000,18000.000000000000000,8100.000000000000000,20700.000000000000000,28800.000000000000000,14400.000000000000000,,9408.000000000000000,20175,SEWARD
336515,370883,2017500001020003001,145716.443497782369377,5400.000000000000000,5400.000000000000000,,,6300.000000000000000,,,,,,10800.000000000000000,,,,,20175,SEWARD
336516,370884,2017500003460001001,39869.098401970346458,900.000000000000000,4500.000000000000000,2700.000000000000000,1800.000000000000000,,,,3600.000000000000000,39600.000000000000000,2700.000000000000000,36900.000000000000000,1800.000000000000000,3600.000000000000000,6272.000000000000000,3136.000000000000000,20175,SEWARD
336517,370885,2017500002810002001,30113.302276116966823,27900.000000000000000,27900.000000000000000,900.000000000000000,27000.000000000000000,24300.000000000000000,1800.000000000000000,,,,5400.000000000000000,900.000000000000000,27000.000000000000000,2700.000000000000000,21952.000000000000000,,20175,SEWARD
336518,370886,2017500005400001001,630426.516297138645314,900.000000000000000,32400.000000000000000,,6300.000000000000000,3600.000000000000000,,,,,,,900.000000000000000,,,,20175,SEWARD
336519,370887,2017500003180004001,35048.717493150725204,3600.000000000000000,1800.000000000000000,,29700.000000000000000,,900.000000000000000,,,2700.000000000000000,2700.000000000000000,,10800.000000000000000,1800.000000000000000,,15680.000000000000000,20175,SEWARD
336520,370888,2017500006640002001,54240.268369669851381,,,,14400.000000000000000,,,,,,,,,,,,20175,SEWARD
336521,370889,2017500000940002001,21512.821803260052548,1800.000000000000000,2700.000000000000000,,1800.000000000000000,3600.000000000000000,2700.000000000000000,7200.000000000000000,5400.000000000000000,4500.000000000000000,,3600.000000000000000,1800.000000000000000,13500.000000000000000,3136.000000000000000,,20175,SEWARD
336522,370890,2017500005680001001,292226.372926521697082,189900.000000000000000,,,26100.000000000000000,,,,,900.000000000000000,,,,,3136.000000000000000,,20175,SEWARD
336523,370891,2017500001040001001,508635.275094422686379,505800.000000000000000,505800.000000000000000,495000.000000000000000,505800.000000000000000,,,493200.000000000000000,498600.000000000000000,495000.000000000000000,500400.000000000000000,496800.000000000000000,484200.000000000000000,504000.000000000000000,451584.000000000000000,454720.000000000000000,20175,SEWARD
336524,370892,2017500008690001001,37587.314969139755704,3600.000000000000000,2700.000000000000000,1800.000000000000000,9000.000000000000000,1800.000000000000000,900.000000000000000,2700.000000000000000,,8100.000000000000000,1800.000000000000000,6300.000000000000000,,5400.000000000000000,6272.000000000000000,15680.000000000000000,20175,SEWARD
336525,370893,2017500008690001002,32852.857641599090130,,,,5400.000000000000000,,,1800.000000000000000,,2700.000000000000000,,,,,,,20175,SEWARD
336526,370894,2017500039590003001,503830.439744378672913,6300.000000000000000,496800.000000000000000,51300.000000000000000,495000.000000000000000,22500.000000000000000,495900.000000000000000,89100.000000000000000,489600.000000000000000,108000.000000000000000,482400.000000000000000,18900.000000000000000,490500.000000000000000,,457856.000000000000000,31360.000000000000000,20175,SEWARD
336527,370895,2017500042830001001,475397.857410568394698,414900.000000000000000,393300.000000000000000,385200.000000000000000,40500.000000000000000,400500.000000000000000,189900.000000000000000,,5400.000000000000000,145800.000000000000000,11700.000000000000000,157500.000000000000000,7200.000000000000000,6300.000000000000000,275968.000000000000000,31360.000000000000000,20175,SEWARD
336528,370896,2017500004960001001,282253.494312823051587,,12600.000000000000000,,,,,,,,,,1800.000000000000000,,,,20175,SEWARD
336529,370897,2017500005810001001,78680.198154751735274,,,1800.000000000000000,,900.000000000000000,15300.000000000000000,,,,900.000000000000000,,,1800.000000000000000,,,20175,SEWARD
336530,370898,2017500033610001001,34004.374175782264501,29700.000000000000000,29700.000000000000000,22500.000000000000000,8100.000000000000000,21600.000000000000000,20700.000000000000000,19800.000000000000000,21600.000000000000000,24300.000000000000000,23400.000000000000000,21600.000000000000000,,900.000000000000000,,,20175,SEWARD
336531,370899,2017500038460001001,32784.813016302592587,9900.000000000000000,11700.000000000000000,900.000000000000000,10800.000000000000000,4500.000000000000000,,,,,3600.000000000000000,900.000000000000000,2700.000000000000000,,,,20175,SEWARD
336532,370900,2017500038170001001,199033.525721541926032,,,,,,,,,,,,,,,,20175,SEWARD
336533,370901,2017500004310001001,562656.318669626372866,32400.000000000000000,500400.000000000000000,472500.000000000000000,491400.000000000000000,487800.000000000000000,446400.000000000000000,460800.000000000000000,470700.000000000000000,473400.000000000000000,477900.000000000000000,471600.000000000000000,482400.000000000000000,68400.000000000000000,,3136.000000000000000,20175,SEWARD
336534,370902,2017500004030001001,497293.918658686685376,12600.000000000000000,485100.000000000000000,477000.000000000000000,479700.000000000000000,486000.000000000000000,448200.000000000000000,209700.000000000000000,301500.000000000000000,488700.000000000000000,348300.000000000000000,474300.000000000000000,129600.000000000000000,485100.000000000000000,442176.000000000000000,3136.000000000000000,20175,SEWARD
336535,370903,2017500002690001001,33476.375856711347296,3600.000000000000000,32400.000000000000000,,2700.000000000000000,,,,,5400.000000000000000,1800.000000000000000,1800.000000000000000,,5400.000000000000000,,,20175,SEWARD
336536,370904,2017500006730003001,128013.546864355550497,67500.000000000000000,14400.000000000000000,7200.000000000000000,24300.000000000000000,102600.000000000000000,52200.000000000000000,51300.000000000000000,59400.000000000000000,63900.000000000000000,11700.000000000000000,62100.000000000000000,117900.000000000000000,69300.000000000000000,,,20175,SEWARD
336537,370905,2017500039570019001,498762.712109322368633,498600.000000000000000,500400.000000000000000,6300.000000000000000,483300.000000000000000,28800.000000000000000,495000.000000000000000,67500.000000000000000,494100.000000000000000,53100.000000000000000,492300.000000000000000,25200.000000000000000,493200.000000000000000,494100.000000000000000,470400.000000000000000,18816.000000000000000,20175,SEWARD
336538,370906,2017500001260007001,64813.125615844073764,21600.000000000000000,2700.000000000000000,1800.000000000000000,3600.000000000000000,5400.000000000000000,,900.000000000000000,5400.000000000000000,4500.000000000000000,6300.000000000000000,16200.000000000000000,5400.000000000000000,3600.000000000000000,,15680.000000000000000,20175,SEWARD
336539,370907,2017500002400001001,633084.471969953738153,4500.000000000000000,21600.000000000000000,3600.000000000000000,2700.000000000000000,900.000000000000000,,,11700.000000000000000,900.000000000000000,900.000000000000000,,,,,,20175,SEWARD
336540,370908,2017500033320011001,33174.264795704053540,2700.000000000000000,,,,,,2700.000000000000000,,5400.000000000000000,5400.000000000000000,9000.000000000000000,2700.000000000000000,1800.000000000000000,,12544.000000000000000,20175,SEWARD
336541,370909,2017500006070001001,308946.580095285840798,,15300.000000000000000,172800.000000000000000,,,,,,55800.000000000000000,900.000000000000000,,,3600.000000000000000,,,20175,SEWARD
336543,370911,2017500003880003001,32092.652668319940858,2700.000000000000000,2700.000000000000000,,,,,900.000000000000000,,1800.000000000000000,,900.000000000000000,900.000000000000000,,,6272.000000000000000,20175,SEWARD
336544,370912,2017500042350003001,27371.480419255229208,,18900.000000000000000,2700.000000000000000,19800.000000000000000,1800.000000000000000,9000.000000000000000,,900.000000000000000,,,900.000000000000000,,,,,20175,SEWARD
336545,370913,2017500004220001001,370203.617105486977380,369000.000000000000000,368100.000000000000000,360000.000000000000000,369900.000000000000000,367200.000000000000000,365400.000000000000000,346500.000000000000000,364500.000000000000000,360000.000000000000000,359100.000000000000000,362700.000000000000000,364500.000000000000000,368100.000000000000000,354368.000000000000000,351232.000000000000000,20175,SEWARD
336546,370914,2017500039800007001,31377.392685223057924,,,900.000000000000000,900.000000000000000,1800.000000000000000,900.000000000000000,900.000000000000000,1800.000000000000000,2700.000000000000000,8100.000000000000000,3600.000000000000000,1800.000000000000000,5400.000000000000000,,,20175,SEWARD
336547,370915,2017500004710001002,163747.631673075607978,130500.000000000000000,19800.000000000000000,27900.000000000000000,138600.000000000000000,14400.000000000000000,,10800.000000000000000,15300.000000000000000,,14400.000000000000000,14400.000000000000000,13500.000000000000000,25200.000000000000000,12544.000000000000000,3136.000000000000000,20175,SEWARD
336548,370916,2017500004520003001,53430.942591055914818,,,,,,900.000000000000000,,,,,,,900.000000000000000,6272.000000000000000,3136.000000000000000,20175,SEWARD
336549,370917,2017500035850001001,74949.504059052807861,2700.000000000000000,900.000000000000000,,,,,,,9000.000000000000000,,,54000.000000000000000,900.000000000000000,,9408.000000000000000,20175,SEWARD
336550,370918,2017500005410001001,768197.393918477115221,28800.000000000000000,5400.000000000000000,1800.000000000000000,37800.000000000000000,,,,,,3600.000000000000000,900.000000000000000,,,,,20175,SEWARD
336551,370919,2017500041770002001,36525.800671733173658,2700.000000000000000,,900.000000000000000,,,,,,,3600.000000000000000,5400.000000000000000,,900.000000000000000,,,20175,SEWARD
336552,370920,2017500041610001001,315899.969933295040391,900.000000000000000,,,,,,,,,,,,,,6272.000000000000000,20175,SEWARD
336553,370921,2017500010000001001,321307.080266496224795,76500.000000000000000,151200.000000000000000,1800.000000000000000,97200.000000000000000,152100.000000000000000,,,90900.000000000000000,,6300.000000000000000,,5400.000000000000000,56700.000000000000000,,,20175,SEWARD
336554,370922,2017500013200001001,410911.291617553448305,2700.000000000000000,,,,4500.000000000000000,4500.000000000000000,,1800.000000000000000,54000.000000000000000,393300.000000000000000,404100.000000000000000,388800.000000000000000,46800.000000000000000,319872.000000000000000,348096.000000000000000,20175,SEWARD
336555,370923,2017500008890009001,4247.045865421005146,,,,,,,,,,,,,,,,20175,SEWARD
336556,370924,2017500006820001001,342664.060953859705478,5400.000000000000000,,3600.000000000000000,198900.000000000000000,900.000000000000000,,,1800.000000000000000,,,9900.000000000000000,,7200.000000000000000,,,20175,SEWARD
336557,370925,2017500000200001001,26044.818686268448801,9000.000000000000000,27900.000000000000000,,1800.000000000000000,20700.000000000000000,,2700.000000000000000,8100.000000000000000,4500.000000000000000,7200.000000000000000,19800.000000000000000,900.000000000000000,8100.000000000000000,,6272.000000000000000,20175,SEWARD
336558,370926,2017500009610004001,21484.477422392847075,1800.000000000000000,3600.000000000000000,4500.000000000000000,,,,,,,,,,3600.000000000000000,3136.000000000000000,12544.000000000000000,20175,SEWARD
336559,370927,2017500003610001001,484131.663986394763924,458100.000000000000000,,,,470700.000000000000000,440100.000000000000000,458100.000000000000000,,463500.000000000000000,,467100.000000000000000,469800.000000000000000,,15680.000000000000000,,20175,SEWARD
336560,370928,2017500005540001001,186341.521779034810606,19800.000000000000000,,1800.000000000000000,12600.000000000000000,900.000000000000000,,,,,900.000000000000000,,,9900.000000000000000,31360.000000000000000,,20175,SEWARD
336561,370929,2017500042080001001,35834.386766289826483,2700.000000000000000,6300.000000000000000,6300.000000000000000,,,900.000000000000000,1800.000000000000000,10800.000000000000000,,900.000000000000000,,900.000000000000000,,6272.000000000000000,,20175,SEWARD
336562,370930,2017500000310001001,502754.827432827267330,9000.000000000000000,900.000000000000000,12600.000000000000000,900.000000000000000,32400.000000000000000,900.000000000000000,45000.000000000000000,234000.000000000000000,243000.000000000000000,472500.000000000000000,498600.000000000000000,493200.000000000000000,489600.000000000000000,476672.000000000000000,486080.000000000000000,20175,SEWARD
336563,370931,2017500000340001001,641480.301955280709080,,2700.000000000000000,,1800.000000000000000,1800.000000000000000,3600.000000000000000,1800.000000000000000,1800.000000000000000,1800.000000000000000,900.000000000000000,14400.000000000000000,1800.000000000000000,9900.000000000000000,6272.000000000000000,21952.000000000000000,20175,SEWARD
336564,370932,2017500001090001001,590473.595597201026976,,,,,,1800.000000000000000,,,,,,,,,,20175,SEWARD
336565,370933,2017500008280002001,246980.962636046955595,,242100.000000000000000,156600.000000000000000,226800.000000000000000,225000.000000000000000,,900.000000000000000,5400.000000000000000,,5400.000000000000000,187200.000000000000000,900.000000000000000,104400.000000000000000,,28224.000000000000000,20175,SEWARD
336566,370934,2017500004560001001,212140.377286702976562,,1800.000000000000000,,166500.000000000000000,,,83700.000000000000000,,,,,4500.000000000000000,,9408.000000000000000,,20175,SEWARD
336567,370935,2017500004090001001,982777.408004898228683,971100.000000000000000,975600.000000000000000,962100.000000000000000,965700.000000000000000,958500.000000000000000,930600.000000000000000,919800.000000000000000,903600.000000000000000,959400.000000000000000,966600.000000000000000,936000.000000000000000,950400.000000000000000,940500.000000000000000,865536.000000000000000,881216.000000000000000,20175,SEWARD
336568,370936,2017500033440001001,595301.885861423565075,,,900.000000000000000,15300.000000000000000,,,,,,,,900.000000000000000,8100.000000000000000,153664.000000000000000,,20175,SEWARD
336569,370937,2017500004130001001,46427.779484172577213,5400.000000000000000,1800.000000000000000,900.000000000000000,900.000000000000000,,4500.000000000000000,,1800.000000000000000,,,,,,,,20175,SEWARD
336570,370938,2017500038840001001,37577.580112966112210,,2700.000000000000000,900.000000000000000,,,,2700.000000000000000,2700.000000000000000,,4500.000000000000000,3600.000000000000000,,23400.000000000000000,3136.000000000000000,9408.000000000000000,20175,SEWARD
336571,370939,2017500038850008001,34773.947139859308663,,2700.000000000000000,1800.000000000000000,900.000000000000000,3600.000000000000000,1800.000000000000000,,4500.000000000000000,1800.000000000000000,,,4500.000000000000000,5400.000000000000000,,,20175,SEWARD
336572,370940,2017500000840001001,32042.965969412347476,,,,,,900.000000000000000,,,,,,,,15680.000000000000000,,20175,SEWARD
336573,370941,2017500005290001001,528125.802525487844832,508500.000000000000000,519300.000000000000000,502200.000000000000000,514800.000000000000000,522000.000000000000000,515700.000000000000000,513000.000000000000000,500400.000000000000000,900.000000000000000,419400.000000000000000,515700.000000000000000,494100.000000000000000,18900.000000000000000,492352.000000000000000,520576.000000000000000,20175,SEWARD
336574,370942,2017500009840003001,37981.472513511587749,2700.000000000000000,,,,2700.000000000000000,,,,,,900.000000000000000,,2700.000000000000000,,3136.000000000000000,20175,SEWARD
336575,370943,2017500003240005001,31183.730466834378603,,,,900.000000000000000,5400.000000000000000,,,,,,,,900.000000000000000,,,20175,SEWARD
336576,370944,2017500034410002001,275094.116668191330973,227700.000000000000000,33300.000000000000000,19800.000000000000000,264600.000000000000000,213300.000000000000000,,209700.000000000000000,221400.000000000000000,68400.000000000000000,,73800.000000000000000,31500.000000000000000,,3136.000000000000000,,20175,SEWARD
336577,370945,2017500042120001001,556369.993117108591832,2700.000000000000000,42300.000000000000000,,,13500.000000000000000,,,9900.000000000000000,,,22500.000000000000000,,8100.000000000000000,3136.000000000000000,,20175,SEWARD
336578,370946,2017500001310001001,28812.680580006770469,2700.000000000000000,3600.000000000000000,,5400.000000000000000,,1800.000000000000000,900.000000000000000,6300.000000000000000,900.000000000000000,11700.000000000000000,9900.000000000000000,,7200.000000000000000,15680.000000000000000,3136.000000000000000,20175,SEWARD
336579,370947,2017500011900001001,338399.140114531794097,,,,,,,,,,,,,,,,20175,SEWARD
336580,370948,2017500005510001001,301008.433954684122000,,50400.000000000000000,104400.000000000000000,,900.000000000000000,,,,2700.000000000000000,,168300.000000000000000,35100.000000000000000,,56448.000000000000000,,20175,SEWARD
336581,370949,2017500001620001001,67341.461852310763788,55800.000000000000000,54900.000000000000000,17100.000000000000000,900.000000000000000,2700.000000000000000,5400.000000000000000,900.000000000000000,1800.000000000000000,3600.000000000000000,8100.000000000000000,6300.000000000000000,900.000000000000000,28800.000000000000000,18816.000000000000000,21952.000000000000000,20175,SEWARD
336582,370950,2017500041770002002,28438.753250513906096,900.000000000000000,,,,,,,1800.000000000000000,,900.000000000000000,,900.000000000000000,,,,20175,SEWARD
336584,370952,2017500005310001001,621915.592483674176037,,,,,,,,,,,10800.000000000000000,2700.000000000000000,,3136.000000000000000,6272.000000000000000,20175,SEWARD
336585,370953,2017500005540001002,91335.497787948508631,5400.000000000000000,,4500.000000000000000,7200.000000000000000,,9900.000000000000000,,,,,,,,,,20175,SEWARD
336586,370954,2017500036320001001,80673.830283314702683,,,,,,,,,,,,,,,,20175,SEWARD
336587,370955,2017500040410001001,345649.616090856550727,50400.000000000000000,1800.000000000000000,,14400.000000000000000,900.000000000000000,,,,900.000000000000000,,2700.000000000000000,,,,,20175,SEWARD
336588,370956,2017500042460002001,180559.058872359717498,142200.000000000000000,3600.000000000000000,2700.000000000000000,72900.000000000000000,136800.000000000000000,,,,,,,,900.000000000000000,,,20175,SEWARD
336589,370957,2017500008870001001,169767.573778156569460,5400.000000000000000,4500.000000000000000,,,,,,900.000000000000000,,900.000000000000000,,,,,,20175,SEWARD
336590,370958,2017500033760001001,147660.837863258057041,10800.000000000000000,5400.000000000000000,1800.000000000000000,5400.000000000000000,1800.000000000000000,900.000000000000000,13500.000000000000000,50400.000000000000000,7200.000000000000000,6300.000000000000000,4500.000000000000000,8100.000000000000000,1800.000000000000000,9408.000000000000000,,20175,SEWARD
336591,370959,2017500004260001001,117892.038509768928634,6300.000000000000000,900.000000000000000,2700.000000000000000,,12600.000000000000000,,,,21600.000000000000000,,9000.000000000000000,,6300.000000000000000,,28224.000000000000000,20175,SEWARD
336592,370960,2017500009820001001,493909.383455776784103,4500.000000000000000,,5400.000000000000000,17100.000000000000000,210600.000000000000000,8100.000000000000000,,11700.000000000000000,214200.000000000000000,370800.000000000000000,1800.000000000000000,,14400.000000000000000,,,20175,SEWARD
336593,370961,2017500008900001001,304748.267520646157209,77400.000000000000000,156600.000000000000000,93600.000000000000000,59400.000000000000000,,,,61200.000000000000000,900.000000000000000,9900.000000000000000,,102600.000000000000000,140400.000000000000000,12544.000000000000000,,20175,SEWARD
336594,370962,2017500039490001001,481406.142998603929300,474300.000000000000000,10800.000000000000000,451800.000000000000000,,409500.000000000000000,3600.000000000000000,,468900.000000000000000,,,463500.000000000000000,,464400.000000000000000,,,20175,SEWARD
336595,370963,2017500009410003001,27759.092169481555175,900.000000000000000,,1800.000000000000000,900.000000000000000,6300.000000000000000,1800.000000000000000,900.000000000000000,2700.000000000000000,3600.000000000000000,1800.000000000000000,5400.000000000000000,4500.000000000000000,9900.000000000000000,,,20175,SEWARD
336596,370964,2017500002180004001,299495.759035670314915,11700.000000000000000,255600.000000000000000,12600.000000000000000,261000.000000000000000,2700.000000000000000,259200.000000000000000,18900.000000000000000,264600.000000000000000,2700.000000000000000,231300.000000000000000,10800.000000000000000,20700.000000000000000,1800.000000000000000,,,20175,SEWARD
336597,370965,2017500041270007001,26023.562969048183732,,,,900.000000000000000,900.000000000000000,,1800.000000000000000,,900.000000000000000,,,,900.000000000000000,,,20175,SEWARD
336598,370966,2017500035510004001,471406.480704917805269,,448200.000000000000000,,459900.000000000000000,,456300.000000000000000,,451800.000000000000000,,444600.000000000000000,,7200.000000000000000,900.000000000000000,,,20175,SEWARD
336599,370967,2017500010110002001,66684.813907870324329,22500.000000000000000,900.000000000000000,,2700.000000000000000,4500.000000000000000,,,1800.000000000000000,,5400.000000000000000,900.000000000000000,900.000000000000000,900.000000000000000,,18816.000000000000000,20175,SEWARD
336600,370968,2017500000590002001,156071.214321510575246,18900.000000000000000,34200.000000000000000,38700.000000000000000,97200.000000000000000,2700.000000000000000,,33300.000000000000000,8100.000000000000000,18000.000000000000000,93600.000000000000000,13500.000000000000000,20700.000000000000000,20700.000000000000000,,,20175,SEWARD
336601,370969,2017500034120001001,22333.953229267193819,4500.000000000000000,3600.000000000000000,1800.000000000000000,3600.000000000000000,3600.000000000000000,900.000000000000000,,,4500.000000000000000,3600.000000000000000,3600.000000000000000,11700.000000000000000,6300.000000000000000,9408.000000000000000,9408.000000000000000,20175,SEWARD
336602,370970,2017500008160001001,636301.660592204658315,900.000000000000000,900.000000000000000,,,5400.000000000000000,4500.000000000000000,2700.000000000000000,1800.000000000000000,,,4500.000000000000000,,1800.000000000000000,,12544.000000000000000,20175,SEWARD
336603,370971,2017500001080001001,413295.313332695688587,6300.000000000000000,26100.000000000000000,1800.000000000000000,50400.000000000000000,10800.000000000000000,4500.000000000000000,,900.000000000000000,5400.000000000000000,1800.000000000000000,19800.000000000000000,1800.000000000000000,12600.000000000000000,144256.000000000000000,,20175,SEWARD
336604,370972,2017500033380004001,22303.155920527235139,8100.000000000000000,900.000000000000000,,1800.000000000000000,2700.000000000000000,,900.000000000000000,1800.000000000000000,9900.000000000000000,3600.000000000000000,900.000000000000000,2700.000000000000000,2700.000000000000000,,,20175,SEWARD
336605,370973,2017500038840010001,23855.942890128542786,4500.000000000000000,900.000000000000000,,900.000000000000000,900.000000000000000,,,900.000000000000000,,,,2700.000000000000000,4500.000000000000000,,,20175,SEWARD
336606,370974,2017500041270003001,14323.742358716268427,900.000000000000000,900.000000000000000,,,2700.000000000000000,,,,,,5400.000000000000000,,,,9408.000000000000000,20175,SEWARD
336607,370975,2017500033850001001,32076.646257237400278,27000.000000000000000,25200.000000000000000,900.000000000000000,1800.000000000000000,9900.000000000000000,,,4500.000000000000000,3600.000000000000000,1800.000000000000000,,9900.000000000000000,9000.000000000000000,12544.000000000000000,28224.000000000000000,20175,SEWARD
336608,370976,2017500003090001001,30951.528309562279901,8100.000000000000000,17100.000000000000000,4500.000000000000000,26100.000000000000000,,,,,900.000000000000000,900.000000000000000,,,900.000000000000000,31360.000000000000000,,20175,SEWARD
336609,370977,2017500041810001001,560853.227998466230929,900.000000000000000,501300.000000000000000,494100.000000000000000,2700.000000000000000,490500.000000000000000,483300.000000000000000,900.000000000000000,474300.000000000000000,488700.000000000000000,499500.000000000000000,118800.000000000000000,549000.000000000000000,534600.000000000000000,3136.000000000000000,492352.000000000000000,20175,SEWARD
336610,370978,2017500037370002001,76293.564859476595302,,,,,,,,,,,,,,,,20175,SEWARD
336611,370979,2017500007440003001,75738.867389732680749,,1800.000000000000000,900.000000000000000,5400.000000000000000,1800.000000000000000,,,,,,900.000000000000000,41400.000000000000000,,,,20175,SEWARD
336612,370980,2017500008860004001,44521.375246091898589,,,,,,,,,,,,,,,,20175,SEWARD
336613,370981,2017500042030001001,90159.972418500969070,2700.000000000000000,,,,,,,1800.000000000000000,,,,,,,,20175,SEWARD
336614,370982,2017500000350001001,636320.296680343220942,,,1800.000000000000000,1800.000000000000000,,2700.000000000000000,,900.000000000000000,5400.000000000000000,1800.000000000000000,40500.000000000000000,4500.000000000000000,2700.000000000000000,15680.000000000000000,,20175,SEWARD
336615,370983,2017500033210002001,317440.503576993593015,,,,,,,,,,,,,,,,20175,SEWARD
336616,370984,2017500035380002001,123803.769171854393790,,,,,,,,,,,,,,,,20175,SEWARD
336617,370985,2017500009770003001,36118.649727045900363,2700.000000000000000,12600.000000000000000,4500.000000000000000,18900.000000000000000,16200.000000000000000,14400.000000000000000,5400.000000000000000,7200.000000000000000,900.000000000000000,1800.000000000000000,13500.000000000000000,1800.000000000000000,900.000000000000000,,,20175,SEWARD
336618,370986,2017500003240005002,26739.485211085710034,,,,,900.000000000000000,,,,,,,,,,,20175,SEWARD
336619,370987,2017500041600001001,514866.271912684314884,512100.000000000000000,510300.000000000000000,498600.000000000000000,511200.000000000000000,506700.000000000000000,,,509400.000000000000000,504900.000000000000000,508500.000000000000000,504900.000000000000000,513000.000000000000000,,486080.000000000000000,,20175,SEWARD
336620,370988,2017500002440001001,194185.218199532828294,,900.000000000000000,,,1800.000000000000000,900.000000000000000,,,,,,,3600.000000000000000,,,20175,SEWARD
336621,370989,2017500007820001001,259596.055124508828158,900.000000000000000,900.000000000000000,13500.000000000000000,3600.000000000000000,,900.000000000000000,8100.000000000000000,11700.000000000000000,103500.000000000000000,3600.000000000000000,,10800.000000000000000,3600.000000000000000,,,20175,SEWARD
336622,370990,2017500001120001001,646463.818803181638941,10800.000000000000000,9900.000000000000000,3600.000000000000000,4500.000000000000000,10800.000000000000000,21600.000000000000000,18900.000000000000000,8100.000000000000000,3600.000000000000000,4500.000000000000000,900.000000000000000,,,,,20175,SEWARD
336623,370991,2017500007410006001,484146.621151860221289,483300.000000000000000,,26100.000000000000000,,900.000000000000000,2700.000000000000000,86400.000000000000000,166500.000000000000000,,,475200.000000000000000,,,467264.000000000000000,,20175,SEWARD
336624,370992,2017500040430001001,502968.676465239259414,489600.000000000000000,493200.000000000000000,3600.000000000000000,,,,484200.000000000000000,494100.000000000000000,1800.000000000000000,,19800.000000000000000,493200.000000000000000,10800.000000000000000,489216.000000000000000,3136.000000000000000,20175,SEWARD
336625,370993,2017500042840003001,325979.353781293088105,,2700.000000000000000,,,,17100.000000000000000,,,,,6300.000000000000000,,,,,20175,SEWARD
336626,370994,2017500041310003001,26537.443525772709108,,1800.000000000000000,,900.000000000000000,900.000000000000000,900.000000000000000,,900.000000000000000,,,1800.000000000000000,900.000000000000000,,,3136.000000000000000,20175,SEWARD
336627,370995,2017500033300005001,60340.656042508519022,,,,1800.000000000000000,900.000000000000000,,900.000000000000000,,10800.000000000000000,,20700.000000000000000,10800.000000000000000,12600.000000000000000,,21952.000000000000000,20175,SEWARD
336628,370996,2017500001570001001,89473.758925193542382,25200.000000000000000,18000.000000000000000,9000.000000000000000,28800.000000000000000,13500.000000000000000,8100.000000000000000,1800.000000000000000,5400.000000000000000,10800.000000000000000,4500.000000000000000,3600.000000000000000,900.000000000000000,30600.000000000000000,9408.000000000000000,,20175,SEWARD
336629,370997,2017500039410003001,29263.149056995669525,,,,,,,,,,2700.000000000000000,1800.000000000000000,900.000000000000000,,,,20175,SEWARD
336630,370998,2017500009530001001,638119.107523167156614,,,,,,,,,,,,900.000000000000000,,,,20175,SEWARD
336631,370999,2017500033310005001,140428.041003793332493,8100.000000000000000,14400.000000000000000,,13500.000000000000000,48600.000000000000000,,,,,1800.000000000000000,1800.000000000000000,,3600.000000000000000,15680.000000000000000,3136.000000000000000,20175,SEWARD
336632,371000,2017500004410002001,444309.687235169170890,432000.000000000000000,4500.000000000000000,1800.000000000000000,440100.000000000000000,3600.000000000000000,,415800.000000000000000,900.000000000000000,68400.000000000000000,3600.000000000000000,195300.000000000000000,,422100.000000000000000,6272.000000000000000,404544.000000000000000,20175,SEWARD
336633,371001,2017500000700001001,302477.192741830251180,5400.000000000000000,7200.000000000000000,,2700.000000000000000,200700.000000000000000,,,12600.000000000000000,1800.000000000000000,8100.000000000000000,95400.000000000000000,20700.000000000000000,1800.000000000000000,,,20175,SEWARD
336634,371002,2017500009690002001,518103.955320003384259,514800.000000000000000,503100.000000000000000,9000.000000000000000,,516600.000000000000000,,,,505800.000000000000000,505800.000000000000000,1800.000000000000000,,510300.000000000000000,445312.000000000000000,,20175,SEWARD
336635,371003,2017500039820001001,538573.242120955372229,509400.000000000000000,503100.000000000000000,503100.000000000000000,512100.000000000000000,497700.000000000000000,505800.000000000000000,482400.000000000000000,509400.000000000000000,495900.000000000000000,513000.000000000000000,522900.000000000000000,900.000000000000000,488700.000000000000000,460992.000000000000000,457856.000000000000000,20175,SEWARD
336636,371004,2017500003770001001,523363.399714559433050,488700.000000000000000,515700.000000000000000,489600.000000000000000,514800.000000000000000,483300.000000000000000,481500.000000000000000,474300.000000000000000,468900.000000000000000,7200.000000000000000,138600.000000000000000,477000.000000000000000,477900.000000000000000,500400.000000000000000,467264.000000000000000,376320.000000000000000,20175,SEWARD
336637,371005,2017500040520002001,424339.559268696699291,,900.000000000000000,900.000000000000000,900.000000000000000,1800.000000000000000,,,900.000000000000000,,,,,9900.000000000000000,6272.000000000000000,15680.000000000000000,20175,SEWARD
336638,371006,2017500005730001001,154482.338052101724315,,8100.000000000000000,,,8100.000000000000000,900.000000000000000,,,1800.000000000000000,1800.000000000000000,,,4500.000000000000000,,,20175,SEWARD
336639,371007,2017500007140002001,12877.598577641145312,,,,,,,,,,,,,,,,20175,SEWARD
336640,371008,2017500038870002001,34016.635744993371191,8100.000000000000000,,4500.000000000000000,3600.000000000000000,10800.000000000000000,7200.000000000000000,8100.000000000000000,6300.000000000000000,,,1800.000000000000000,900.000000000000000,7200.000000000000000,,9408.000000000000000,20175,SEWARD
336641,371009,2017500008890012001,10853.667670077074945,1800.000000000000000,,,,,,,,,,1800.000000000000000,,,,,20175,SEWARD
336642,371010,2017500002030001001,29927.302834897858702,900.000000000000000,,,,,,,,,900.000000000000000,,,900.000000000000000,,,20175,SEWARD
336643,371011,2017500002180001001,259619.612676344258944,9000.000000000000000,225900.000000000000000,9000.000000000000000,230400.000000000000000,235800.000000000000000,15300.000000000000000,226800.000000000000000,900.000000000000000,225900.000000000000000,137700.000000000000000,219600.000000000000000,,900.000000000000000,,,20175,SEWARD
336644,371012,2017500039240003001,21729.450231561571854,,,,,,,,,,,,,,,,20175,SEWARD
336645,371013,2017500042120001002,377560.724206801969558,9900.000000000000000,,,10800.000000000000000,5400.000000000000000,,,,1800.000000000000000,1800.000000000000000,2700.000000000000000,1800.000000000000000,,,,20175,SEWARD
336646,371014,2017500009110004001,28948.889438501471886,9000.000000000000000,5400.000000000000000,4500.000000000000000,7200.000000000000000,6300.000000000000000,900.000000000000000,3600.000000000000000,6300.000000000000000,6300.000000000000000,3600.000000000000000,15300.000000000000000,20700.000000000000000,3600.000000000000000,3136.000000000000000,12544.000000000000000,20175,SEWARD
336647,371015,2017500000450011001,115170.010471061294083,,6300.000000000000000,,5400.000000000000000,,2700.000000000000000,,6300.000000000000000,11700.000000000000000,,15300.000000000000000,,10800.000000000000000,,9408.000000000000000,20175,SEWARD
336648,371016,2017500006730003002,170216.983435066649690,133200.000000000000000,44100.000000000000000,9900.000000000000000,26100.000000000000000,153900.000000000000000,118800.000000000000000,122400.000000000000000,126000.000000000000000,126000.000000000000000,25200.000000000000000,129600.000000000000000,157500.000000000000000,131400.000000000000000,,,20175,SEWARD
336649,371017,2017500003320001001,155778.652852958766744,126900.000000000000000,12600.000000000000000,,112500.000000000000000,,,,15300.000000000000000,900.000000000000000,,19800.000000000000000,,4500.000000000000000,,6272.000000000000000,20175,SEWARD
336650,371018,2017500035760001001,317334.819994158518966,,,,,,,,,,,,,,,,20175,SEWARD
336651,371019,2017500039810002001,79467.248323280859040,15300.000000000000000,12600.000000000000000,6300.000000000000000,9000.000000000000000,8100.000000000000000,8100.000000000000000,5400.000000000000000,5400.000000000000000,,9000.000000000000000,11700.000000000000000,1800.000000000000000,8100.000000000000000,,12544.000000000000000,20175,SEWARD
336652,371020,2017500041830001001,410304.202714432089124,45000.000000000000000,,3600.000000000000000,1800.000000000000000,900.000000000000000,1800.000000000000000,,,1800.000000000000000,900.000000000000000,900.000000000000000,,4500.000000000000000,,78400.000000000000000,20175,SEWARD
336654,371022,2017500003860003001,433269.796562233939767,413100.000000000000000,416700.000000000000000,401400.000000000000000,2700.000000000000000,412200.000000000000000,418500.000000000000000,407700.000000000000000,402300.000000000000000,416700.000000000000000,214200.000000000000000,405000.000000000000000,414900.000000000000000,418500.000000000000000,420224.000000000000000,388864.000000000000000,20175,SEWARD
336655,371023,2017500002950001001,46881.570640748148435,7200.000000000000000,10800.000000000000000,36900.000000000000000,2700.000000000000000,7200.000000000000000,11700.000000000000000,,,900.000000000000000,9000.000000000000000,4500.000000000000000,7200.000000000000000,5400.000000000000000,,15680.000000000000000,20175,SEWARD
336656,371024,2017500009520001001,641538.920047580380924,,,,900.000000000000000,,,,,,,,,900.000000000000000,,,20175,SEWARD
336657,371025,2017500035180002001,37941.589549919379351,3600.000000000000000,2700.000000000000000,2700.000000000000000,,2700.000000000000000,,1800.000000000000000,,2700.000000000000000,,1800.000000000000000,6300.000000000000000,4500.000000000000000,6272.000000000000000,,20175,SEWARD
336658,371026,2017500035580001001,505636.997910458245315,4500.000000000000000,900.000000000000000,,489600.000000000000000,3600.000000000000000,,,,3600.000000000000000,900.000000000000000,473400.000000000000000,,,448448.000000000000000,65856.000000000000000,20175,SEWARD
336659,371027,2017500041890001001,505497.795771047880407,492300.000000000000000,492300.000000000000000,5400.000000000000000,491400.000000000000000,487800.000000000000000,486000.000000000000000,487800.000000000000000,495900.000000000000000,487800.000000000000000,491400.000000000000000,4500.000000000000000,900.000000000000000,1800.000000000000000,3136.000000000000000,,20175,SEWARD
336660,371028,2017500002470004001,38918.107378109278216,900.000000000000000,18000.000000000000000,31500.000000000000000,900.000000000000000,5400.000000000000000,30600.000000000000000,,11700.000000000000000,,,900.000000000000000,,900.000000000000000,,,20175,SEWARD
336662,371030,2017500038420005001,58492.096767992901732,900.000000000000000,5400.000000000000000,,7200.000000000000000,,3600.000000000000000,,5400.000000000000000,,2700.000000000000000,,8100.000000000000000,,9408.000000000000000,,20175,SEWARD
336663,371031,2017500008690001003,32126.111472026033880,,900.000000000000000,,8100.000000000000000,,,2700.000000000000000,,2700.000000000000000,6300.000000000000000,4500.000000000000000,,5400.000000000000000,3136.000000000000000,6272.000000000000000,20175,SEWARD
336664,371032,2017500036140001001,118357.644378472963581,53100.000000000000000,110700.000000000000000,102600.000000000000000,110700.000000000000000,,,8100.000000000000000,1800.000000000000000,7200.000000000000000,80100.000000000000000,86400.000000000000000,59400.000000000000000,91800.000000000000000,94080.000000000000000,78400.000000000000000,20175,SEWARD
336665,371033,2017500041630001001,117000.116978665057104,,3600.000000000000000,92700.000000000000000,,,900.000000000000000,,,9900.000000000000000,900.000000000000000,,18000.000000000000000,56700.000000000000000,,,20175,SEWARD
336666,371034,2017500009000003001,505591.919915714650415,7200.000000000000000,18900.000000000000000,487800.000000000000000,1800.000000000000000,501300.000000000000000,,13500.000000000000000,502200.000000000000000,24300.000000000000000,39600.000000000000000,497700.000000000000000,496800.000000000000000,501300.000000000000000,486080.000000000000000,454720.000000000000000,20175,SEWARD
336667,371035,2017500034110002001,136222.818164860247634,108900.000000000000000,136800.000000000000000,99900.000000000000000,101700.000000000000000,97200.000000000000000,93600.000000000000000,92700.000000000000000,5400.000000000000000,25200.000000000000000,21600.000000000000000,6300.000000000000000,11700.000000000000000,22500.000000000000000,,34496.000000000000000,20175,SEWARD
336668,371036,2017500002040001001,617195.950384488911368,,598500.000000000000000,,,,1800.000000000000000,,,2700.000000000000000,,2700.000000000000000,,,,,20175,SEWARD
336669,371037,2017500035970002001,38637.050876267414424,11700.000000000000000,9900.000000000000000,,23400.000000000000000,6300.000000000000000,,,,5400.000000000000000,,900.000000000000000,,6300.000000000000000,,,20175,SEWARD
336670,371038,2017500041620002001,26420.300059826415236,,900.000000000000000,,,,,,,,,,,,,,20175,SEWARD
336671,371039,2017500036100001001,38893.000289779702143,1800.000000000000000,16200.000000000000000,7200.000000000000000,22500.000000000000000,2700.000000000000000,1800.000000000000000,,2700.000000000000000,8100.000000000000000,2700.000000000000000,2700.000000000000000,2700.000000000000000,4500.000000000000000,,3136.000000000000000,20175,SEWARD
336672,371040,2017500004100002001,61743.573775535136519,,32400.000000000000000,1800.000000000000000,24300.000000000000000,3600.000000000000000,2700.000000000000000,1800.000000000000000,3600.000000000000000,4500.000000000000000,5400.000000000000000,900.000000000000000,,9000.000000000000000,3136.000000000000000,,20175,SEWARD
336673,371041,2017500001570001002,27223.492583377290430,,19800.000000000000000,7200.000000000000000,18000.000000000000000,1800.000000000000000,8100.000000000000000,,,,4500.000000000000000,,,,3136.000000000000000,,20175,SEWARD
336674,371042,2017500004340001002,736060.202561983605847,326700.000000000000000,708300.000000000000000,235800.000000000000000,483300.000000000000000,234900.000000000000000,462600.000000000000000,227700.000000000000000,476100.000000000000000,227700.000000000000000,250200.000000000000000,333000.000000000000000,500400.000000000000000,291600.000000000000000,671104.000000000000000,630336.000000000000000,20175,SEWARD
336675,371043,2017500041620001001,36232.192422273168631,31500.000000000000000,,,,,,,,,,,3600.000000000000000,2700.000000000000000,3136.000000000000000,,20175,SEWARD
336676,371044,2017500042180003001,31097.551012688203627,8100.000000000000000,2700.000000000000000,900.000000000000000,3600.000000000000000,3600.000000000000000,2700.000000000000000,3600.000000000000000,7200.000000000000000,6300.000000000000000,6300.000000000000000,16200.000000000000000,12600.000000000000000,6300.000000000000000,6272.000000000000000,15680.000000000000000,20175,SEWARD
336677,371045,2017500039480001001,37187.476427572415560,1800.000000000000000,3600.000000000000000,,,1800.000000000000000,,,1800.000000000000000,,,900.000000000000000,900.000000000000000,,,,20175,SEWARD
336678,371046,2017500003870001001,878258.236258432967588,785700.000000000000000,864000.000000000000000,847800.000000000000000,11700.000000000000000,841500.000000000000000,852300.000000000000000,831600.000000000000000,820800.000000000000000,869400.000000000000000,859500.000000000000000,848700.000000000000000,870300.000000000000000,856800.000000000000000,784000.000000000000000,840448.000000000000000,20175,SEWARD
336679,371047,2017500035970002002,33485.897490074072266,17100.000000000000000,15300.000000000000000,900.000000000000000,18900.000000000000000,,,2700.000000000000000,900.000000000000000,9900.000000000000000,2700.000000000000000,7200.000000000000000,,7200.000000000000000,15680.000000000000000,6272.000000000000000,20175,SEWARD
336680,371048,2017500008540002001,149873.471267262590118,5400.000000000000000,5400.000000000000000,900.000000000000000,3600.000000000000000,,900.000000000000000,,900.000000000000000,,900.000000000000000,,1800.000000000000000,,12544.000000000000000,,20175,SEWARD
336681,371049,2017500004270002001,21370.398401485836075,900.000000000000000,2700.000000000000000,,900.000000000000000,900.000000000000000,1800.000000000000000,,,,,,,900.000000000000000,,,20175,SEWARD
336682,371050,2017500005050001001,335436.057817554858048,16200.000000000000000,,1800.000000000000000,46800.000000000000000,,,1800.000000000000000,,,,24300.000000000000000,6300.000000000000000,900.000000000000000,,,20175,SEWARD
336683,371051,2017500002030001002,32426.574010659045598,,,,,,,,,1800.000000000000000,,,,,,3136.000000000000000,20175,SEWARD
336684,371052,2017500033670001001,112991.108263669462758,81900.000000000000000,74700.000000000000000,65700.000000000000000,38700.000000000000000,65700.000000000000000,2700.000000000000000,61200.000000000000000,5400.000000000000000,900.000000000000000,12600.000000000000000,67500.000000000000000,21600.000000000000000,1800.000000000000000,,,20175,SEWARD
336685,371053,2017500040730001001,413107.724888035503682,2700.000000000000000,401400.000000000000000,9000.000000000000000,3600.000000000000000,,900.000000000000000,900.000000000000000,,,,,,900.000000000000000,,,20175,SEWARD
336686,371054,2017500004230003001,29104.533160436745675,1800.000000000000000,,,4500.000000000000000,6300.000000000000000,,,900.000000000000000,,,,,,,,20175,SEWARD
336687,371055,2017500041470007001,555944.792043904191814,24300.000000000000000,488700.000000000000000,900.000000000000000,7200.000000000000000,495000.000000000000000,424800.000000000000000,442800.000000000000000,466200.000000000000000,2700.000000000000000,479700.000000000000000,21600.000000000000000,481500.000000000000000,88200.000000000000000,,3136.000000000000000,20175,SEWARD
336688,371056,2017500009600001001,204426.034044548927341,8100.000000000000000,900.000000000000000,,85500.000000000000000,72900.000000000000000,4500.000000000000000,,12600.000000000000000,,140400.000000000000000,66600.000000000000000,82800.000000000000000,63000.000000000000000,3136.000000000000000,,20175,SEWARD
336689,371057,2017500033810002001,32823.408895414577273,28800.000000000000000,1800.000000000000000,1800.000000000000000,27000.000000000000000,5400.000000000000000,900.000000000000000,1800.000000000000000,,9000.000000000000000,1800.000000000000000,5400.000000000000000,3600.000000000000000,8100.000000000000000,,6272.000000000000000,20175,SEWARD
336691,371059,2017500001720002001,134587.353442437917693,6300.000000000000000,6300.000000000000000,2700.000000000000000,5400.000000000000000,2700.000000000000000,2700.000000000000000,,900.000000000000000,900.000000000000000,,14400.000000000000000,,3600.000000000000000,6272.000000000000000,3136.000000000000000,20175,SEWARD
336692,371060,2017500009410001001,498116.276631984219421,485100.000000000000000,2700.000000000000000,481500.000000000000000,6300.000000000000000,487800.000000000000000,461700.000000000000000,482400.000000000000000,487800.000000000000000,479700.000000000000000,484200.000000000000000,483300.000000000000000,489600.000000000000000,477000.000000000000000,448448.000000000000000,482944.000000000000000,20175,SEWARD
336693,371061,2017500041450001001,512737.453535437700339,485100.000000000000000,486900.000000000000000,150300.000000000000000,18900.000000000000000,477900.000000000000000,457200.000000000000000,480600.000000000000000,476100.000000000000000,476100.000000000000000,450900.000000000000000,484200.000000000000000,487800.000000000000000,483300.000000000000000,445312.000000000000000,439040.000000000000000,20175,SEWARD
336694,371062,2017500006240001001,60601.108887244015932,9900.000000000000000,3600.000000000000000,1800.000000000000000,,3600.000000000000000,,,,,,5400.000000000000000,9000.000000000000000,7200.000000000000000,18816.000000000000000,15680.000000000000000,20175,SEWARD
336695,371063,2017500038650001001,499474.476464701059740,,490500.000000000000000,,491400.000000000000000,,490500.000000000000000,,470700.000000000000000,,486000.000000000000000,205200.000000000000000,478800.000000000000000,68400.000000000000000,454720.000000000000000,,20175,SEWARD
336697,371065,2017500003170004001,14379.790664195452337,1800.000000000000000,900.000000000000000,,,2700.000000000000000,,,2700.000000000000000,,5400.000000000000000,,,,12544.000000000000000,,20175,SEWARD
336698,371066,2017500033060011001,76616.049558519545826,18000.000000000000000,9900.000000000000000,6300.000000000000000,9000.000000000000000,23400.000000000000000,6300.000000000000000,11700.000000000000000,23400.000000000000000,15300.000000000000000,29700.000000000000000,19800.000000000000000,,31500.000000000000000,21952.000000000000000,3136.000000000000000,20175,SEWARD
336699,371067,2017500001540001001,65330.477308866000385,29700.000000000000000,,,31500.000000000000000,,,2700.000000000000000,,6300.000000000000000,,4500.000000000000000,4500.000000000000000,1800.000000000000000,,,20175,SEWARD
336700,371068,2017500039570010001,65213.451297718223941,5400.000000000000000,8100.000000000000000,3600.000000000000000,5400.000000000000000,6300.000000000000000,6300.000000000000000,1800.000000000000000,2700.000000000000000,1800.000000000000000,3600.000000000000000,8100.000000000000000,8100.000000000000000,16200.000000000000000,3136.000000000000000,6272.000000000000000,20175,SEWARD
336701,371069,2017500033750002001,80463.658527968276758,69300.000000000000000,,3600.000000000000000,63900.000000000000000,57600.000000000000000,,,900.000000000000000,,900.000000000000000,900.000000000000000,12600.000000000000000,,3136.000000000000000,,20175,SEWARD
336702,371071,2017500040240003001,30821.934079858008772,,1800.000000000000000,2700.000000000000000,1800.000000000000000,,900.000000000000000,,1800.000000000000000,,4500.000000000000000,1800.000000000000000,5400.000000000000000,2700.000000000000000,3136.000000000000000,,20175,SEWARD
336703,371072,2017500002050001001,611741.867917243158445,79200.000000000000000,43200.000000000000000,38700.000000000000000,20700.000000000000000,406800.000000000000000,,900.000000000000000,900.000000000000000,,900.000000000000000,4500.000000000000000,,900.000000000000000,21952.000000000000000,,20175,SEWARD
336704,371073,2017500041000001001,459388.321155177487526,,8100.000000000000000,900.000000000000000,,,900.000000000000000,,,,,,,,,12544.000000000000000,20175,SEWARD
336705,371074,2017500005530001001,308464.704936477646697,1800.000000000000000,900.000000000000000,,,,,,,900.000000000000000,,,,,,,20175,SEWARD
336706,371075,2017500005030001001,507711.883266942226328,,494100.000000000000000,482400.000000000000000,,,,55800.000000000000000,9000.000000000000000,,,,7200.000000000000000,,,,20175,SEWARD
336707,371076,2017500003920001001,1026160.522137654596008,,1001700.000000000000000,109800.000000000000000,7200.000000000000000,991800.000000000000000,522900.000000000000000,973800.000000000000000,734400.000000000000000,246600.000000000000000,968400.000000000000000,513000.000000000000000,955800.000000000000000,926100.000000000000000,,,20175,SEWARD
336708,371077,2017500042100001001,156984.761402478470700,12600.000000000000000,900.000000000000000,2700.000000000000000,,80100.000000000000000,,,900.000000000000000,,,18900.000000000000000,,,,,20175,SEWARD
336709,371078,2017500009000001001,150167.410773239156697,900.000000000000000,,900.000000000000000,,5400.000000000000000,900.000000000000000,,,,12600.000000000000000,,,6300.000000000000000,,,20175,SEWARD
336710,371079,2017500035370002001,284308.286098448152188,,,5400.000000000000000,264600.000000000000000,3600.000000000000000,,1800.000000000000000,10800.000000000000000,138600.000000000000000,17100.000000000000000,16200.000000000000000,,,,,20175,SEWARD
336711,371080,2017500040640001001,41944.891503216553247,35100.000000000000000,900.000000000000000,900.000000000000000,3600.000000000000000,,,,900.000000000000000,,1800.000000000000000,,,900.000000000000000,,,20175,SEWARD
336712,371081,2017500033750003001,341393.987457965617068,2700.000000000000000,348300.000000000000000,3600.000000000000000,344700.000000000000000,342000.000000000000000,900.000000000000000,337500.000000000000000,5400.000000000000000,343800.000000000000000,,343800.000000000000000,,341100.000000000000000,3136.000000000000000,332416.000000000000000,20175,SEWARD
336713,371082,2017500038650001003,487712.547058398486115,488700.000000000000000,,462600.000000000000000,1800.000000000000000,477900.000000000000000,,456300.000000000000000,,378900.000000000000000,315900.000000000000000,265500.000000000000000,234000.000000000000000,234900.000000000000000,360640.000000000000000,228928.000000000000000,20175,SEWARD
336714,371083,2017500010250001002,65145.117044108781556,,,,11700.000000000000000,1800.000000000000000,,,,,,,,,,,20175,SEWARD
336715,371084,2017500000700001002,264899.476219524571206,2700.000000000000000,5400.000000000000000,,,181800.000000000000000,,,,8100.000000000000000,,6300.000000000000000,31500.000000000000000,900.000000000000000,,,20175,SEWARD
336716,371085,2017500001440006001,26210.828468065970810,2700.000000000000000,17100.000000000000000,5400.000000000000000,,9000.000000000000000,900.000000000000000,,1800.000000000000000,18900.000000000000000,900.000000000000000,6300.000000000000000,,7200.000000000000000,3136.000000000000000,,20175,SEWARD
336717,371086,2017500000540001001,30956.763236667389720,2700.000000000000000,18900.000000000000000,900.000000000000000,900.000000000000000,,,2700.000000000000000,900.000000000000000,,900.000000000000000,1800.000000000000000,,8100.000000000000000,,,20175,SEWARD
336718,371087,2017500000840001002,32678.836634984232660,2700.000000000000000,,,,,,,,,3600.000000000000000,,,3600.000000000000000,21952.000000000000000,,20175,SEWARD
336719,371088,2017500040240002001,30659.933725866445457,,,,,900.000000000000000,3600.000000000000000,,,,4500.000000000000000,,1800.000000000000000,3600.000000000000000,,,20175,SEWARD
336720,371089,2017500010130008001,544089.986754505545832,383400.000000000000000,60300.000000000000000,18900.000000000000000,900.000000000000000,370800.000000000000000,227700.000000000000000,,,1800.000000000000000,,,4500.000000000000000,,,12544.000000000000000,20175,SEWARD
336721,371090,2017500001130016001,591643.116787630482577,45000.000000000000000,63000.000000000000000,122400.000000000000000,483300.000000000000000,25200.000000000000000,900.000000000000000,8100.000000000000000,,57600.000000000000000,2700.000000000000000,,,900.000000000000000,,,20175,SEWARD
336722,371091,2017500008360001001,476597.903164266725071,,,,,,,,,,,,,,,,20175,SEWARD
336723,371092,2017500008220001001,637591.262521796044894,9000.000000000000000,,,,,,,,,,,,,,,20175,SEWARD
336724,371093,2017500010250002001,69732.662268689207849,,4500.000000000000000,900.000000000000000,13500.000000000000000,7200.000000000000000,900.000000000000000,,,,2700.000000000000000,,,,,,20175,SEWARD
336725,371094,2017500035510004002,86442.060037450806703,64800.000000000000000,,900.000000000000000,76500.000000000000000,,900.000000000000000,1800.000000000000000,,2700.000000000000000,2700.000000000000000,5400.000000000000000,,7200.000000000000000,,6272.000000000000000,20175,SEWARD
336726,371095,2017500008880002001,36272.872822031131363,3600.000000000000000,,1800.000000000000000,900.000000000000000,5400.000000000000000,,2700.000000000000000,3600.000000000000000,,900.000000000000000,,8100.000000000000000,,3136.000000000000000,,20175,SEWARD
336727,371096,2017500042500001001,204559.859903495089384,16200.000000000000000,900.000000000000000,,,,,,,,,,,,153664.000000000000000,,20175,SEWARD
336728,371097,2017500009670002001,28781.317055666913802,,,,900.000000000000000,,,900.000000000000000,,,,900.000000000000000,3600.000000000000000,900.000000000000000,,,20175,SEWARD
336729,371098,2017500039570008001,25604.199289279964432,3600.000000000000000,4500.000000000000000,3600.000000000000000,1800.000000000000000,3600.000000000000000,1800.000000000000000,,900.000000000000000,900.000000000000000,,6300.000000000000000,4500.000000000000000,6300.000000000000000,9408.000000000000000,15680.000000000000000,20175,SEWARD
336730,371099,2017500002790001001,426742.093772802094463,358200.000000000000000,49500.000000000000000,16200.000000000000000,425700.000000000000000,,,,900.000000000000000,,,414900.000000000000000,900.000000000000000,55800.000000000000000,59584.000000000000000,,20175,SEWARD
336731,371100,2017500035060001001,14854.561290813273445,9000.000000000000000,9000.000000000000000,7200.000000000000000,9900.000000000000000,1800.000000000000000,,2700.000000000000000,1800.000000000000000,,,8100.000000000000000,900.000000000000000,5400.000000000000000,,9408.000000000000000,20175,SEWARD
336732,371101,2017500002760001001,31621.247585484336014,9900.000000000000000,2700.000000000000000,1800.000000000000000,,,,3600.000000000000000,,7200.000000000000000,4500.000000000000000,2700.000000000000000,7200.000000000000000,7200.000000000000000,12544.000000000000000,,20175,SEWARD
336733,371102,2017500007450001001,218219.660810963920085,15300.000000000000000,,,3600.000000000000000,,,,,,,,9900.000000000000000,2700.000000000000000,3136.000000000000000,,20175,SEWARD
336734,371103,2017500003250001001,80404.547559893515427,9000.000000000000000,10800.000000000000000,16200.000000000000000,62100.000000000000000,5400.000000000000000,9000.000000000000000,,7200.000000000000000,,2700.000000000000000,7200.000000000000000,1800.000000000000000,9900.000000000000000,,,20175,SEWARD
336735,371104,2017500004030002001,35857.634692448962596,900.000000000000000,,900.000000000000000,,900.000000000000000,,,,3600.000000000000000,,1800.000000000000000,,1800.000000000000000,,,20175,SEWARD
336736,371105,2017500006990005001,96174.067154612130253,14400.000000000000000,15300.000000000000000,11700.000000000000000,14400.000000000000000,13500.000000000000000,10800.000000000000000,,2700.000000000000000,9000.000000000000000,8100.000000000000000,12600.000000000000000,900.000000000000000,21600.000000000000000,25088.000000000000000,18816.000000000000000,20175,SEWARD
336737,371106,2017500006210001001,1258184.862222389550880,231300.000000000000000,9000.000000000000000,900.000000000000000,6300.000000000000000,1800.000000000000000,4500.000000000000000,,3600.000000000000000,,4500.000000000000000,,,3600.000000000000000,,,20175,SEWARD
336738,371107,2017500040740003001,34498.321070866521040,2700.000000000000000,2700.000000000000000,900.000000000000000,,,,,,900.000000000000000,,,,,,,20175,SEWARD
336739,371108,2017500041920001001,31542.852978571831045,23400.000000000000000,15300.000000000000000,6300.000000000000000,3600.000000000000000,15300.000000000000000,,,6300.000000000000000,,,,900.000000000000000,2700.000000000000000,9408.000000000000000,9408.000000000000000,20175,SEWARD
336740,371109,2017500036000001001,310244.976346467970870,2700.000000000000000,3600.000000000000000,900.000000000000000,,,,,,,,,,9900.000000000000000,,,20175,SEWARD
336741,371110,2017500003200012001,59831.445717441180022,9900.000000000000000,,,,,,,,,,900.000000000000000,6300.000000000000000,900.000000000000000,,3136.000000000000000,20175,SEWARD
336742,371111,2017500034840002001,301658.042664810607675,,,,,,,,,1800.000000000000000,,,30600.000000000000000,,,,20175,SEWARD
336743,371112,2017500003490001001,102852.482243369813659,75600.000000000000000,100800.000000000000000,65700.000000000000000,99900.000000000000000,72000.000000000000000,63900.000000000000000,59400.000000000000000,63900.000000000000000,67500.000000000000000,,,900.000000000000000,70200.000000000000000,,,20175,SEWARD
336744,371113,2017500009220001002,31867.375799120458396,,900.000000000000000,,22500.000000000000000,2700.000000000000000,,,,15300.000000000000000,,900.000000000000000,3600.000000000000000,,,,20175,SEWARD
336745,371114,2017500007110001001,32772.170414785279718,900.000000000000000,5400.000000000000000,,27000.000000000000000,26100.000000000000000,,,5400.000000000000000,4500.000000000000000,900.000000000000000,,18000.000000000000000,14400.000000000000000,21952.000000000000000,,20175,SEWARD
336746,371115,2017500040540013001,92948.368741441488964,,,,,,,,,,,,,,,,20175,SEWARD
336747,371116,2017500000090005001,130352.604891008624691,119700.000000000000000,1800.000000000000000,,124200.000000000000000,,124200.000000000000000,6300.000000000000000,,4500.000000000000000,118800.000000000000000,,126000.000000000000000,,109760.000000000000000,18816.000000000000000,20175,SEWARD
336748,371117,2017500006750001001,500313.160002599994186,900.000000000000000,45000.000000000000000,3600.000000000000000,7200.000000000000000,17100.000000000000000,,400500.000000000000000,158400.000000000000000,,900.000000000000000,1800.000000000000000,,,489216.000000000000000,12544.000000000000000,20175,SEWARD
336749,371118,2017500004140001001,232833.711972198536387,,215100.000000000000000,,208800.000000000000000,,196200.000000000000000,,185400.000000000000000,8100.000000000000000,70200.000000000000000,2700.000000000000000,4500.000000000000000,4500.000000000000000,21952.000000000000000,25088.000000000000000,20175,SEWARD
336750,371119,2017500036500001001,34583.987524230120471,,2700.000000000000000,900.000000000000000,,,,,,,,,,13500.000000000000000,,,20175,SEWARD
336751,371120,2017500001370001001,508550.072067253116984,495000.000000000000000,,436500.000000000000000,,498600.000000000000000,,471600.000000000000000,,,483300.000000000000000,1800.000000000000000,504000.000000000000000,,482944.000000000000000,12544.000000000000000,20175,SEWARD
336752,371121,2017500033320005001,27476.104716903220833,,,,,,,,,,,,,,,6272.000000000000000,20175,SEWARD
336753,371122,2017500041330005001,56197.183293910806242,2700.000000000000000,900.000000000000000,,8100.000000000000000,900.000000000000000,9000.000000000000000,900.000000000000000,1800.000000000000000,6300.000000000000000,,900.000000000000000,,7200.000000000000000,9408.000000000000000,,20175,SEWARD
336754,371123,2017500007660003001,98892.257421096874168,20700.000000000000000,900.000000000000000,,94500.000000000000000,,,,900.000000000000000,3600.000000000000000,,,,,,,20175,SEWARD
336755,371124,2017500005500001001,898746.472204518970102,113400.000000000000000,288000.000000000000000,167400.000000000000000,77400.000000000000000,13500.000000000000000,,,1800.000000000000000,37800.000000000000000,4500.000000000000000,261900.000000000000000,85500.000000000000000,86400.000000000000000,294784.000000000000000,3136.000000000000000,20175,SEWARD
336756,371125,2017500010120005001,28270.337142203374242,24300.000000000000000,7200.000000000000000,900.000000000000000,1800.000000000000000,,,,900.000000000000000,7200.000000000000000,900.000000000000000,2700.000000000000000,4500.000000000000000,15300.000000000000000,3136.000000000000000,,20175,SEWARD
336757,371126,2017500040550005001,123798.430906837413204,,,,,,,,,,,,,,,,20175,SEWARD
336758,371127,2017500041360002001,506739.131477638962679,1800.000000000000000,900.000000000000000,489600.000000000000000,490500.000000000000000,492300.000000000000000,14400.000000000000000,,,42300.000000000000000,900.000000000000000,486900.000000000000000,492300.000000000000000,900.000000000000000,288512.000000000000000,445312.000000000000000,20175,SEWARD
336759,371128,2017500005620001001,213238.969537280878285,6300.000000000000000,196200.000000000000000,,,9000.000000000000000,1800.000000000000000,,14400.000000000000000,,,,,,,,20175,SEWARD
336760,371129,2017500042230001001,557992.508510790998116,1800.000000000000000,500400.000000000000000,35100.000000000000000,515700.000000000000000,479700.000000000000000,477900.000000000000000,477000.000000000000000,489600.000000000000000,462600.000000000000000,20700.000000000000000,472500.000000000000000,15300.000000000000000,483300.000000000000000,457856.000000000000000,473536.000000000000000,20175,SEWARD
336761,371130,2017500002010001001,38878.506747300612915,900.000000000000000,13500.000000000000000,,,900.000000000000000,,,900.000000000000000,1800.000000000000000,1800.000000000000000,10800.000000000000000,2700.000000000000000,9000.000000000000000,,,20175,SEWARD
336762,371131,2017500036150001001,142623.214686111925403,23400.000000000000000,6300.000000000000000,900.000000000000000,27000.000000000000000,5400.000000000000000,900.000000000000000,,,6300.000000000000000,23400.000000000000000,,7200.000000000000000,900.000000000000000,,,20175,SEWARD
336763,371132,2017500034450001001,55987.430219975867658,11700.000000000000000,31500.000000000000000,7200.000000000000000,27900.000000000000000,900.000000000000000,,1800.000000000000000,,900.000000000000000,,2700.000000000000000,,,,,20175,SEWARD
336764,371133,2017500039980010001,29346.794831968221843,900.000000000000000,900.000000000000000,900.000000000000000,900.000000000000000,900.000000000000000,900.000000000000000,900.000000000000000,900.000000000000000,900.000000000000000,900.000000000000000,900.000000000000000,900.000000000000000,1800.000000000000000,,,20175,SEWARD
336765,371134,2017500040400001001,199645.336167467845371,3600.000000000000000,,,1800.000000000000000,,,,,,,,,,,3136.000000000000000,20175,SEWARD
336766,371135,2017500009820001002,34017.463473505806178,8100.000000000000000,,,2700.000000000000000,,,,900.000000000000000,9900.000000000000000,4500.000000000000000,,,12600.000000000000000,,,20175,SEWARD
336767,371136,2017500039190001001,500364.001139325438999,498600.000000000000000,34200.000000000000000,475200.000000000000000,,486000.000000000000000,,479700.000000000000000,1800.000000000000000,476100.000000000000000,,484200.000000000000000,,493200.000000000000000,,457856.000000000000000,20175,SEWARD
336768,371137,2017500037640002001,186584.092561645928072,19800.000000000000000,,,13500.000000000000000,,900.000000000000000,900.000000000000000,900.000000000000000,,2700.000000000000000,1800.000000000000000,2700.000000000000000,,,6272.000000000000000,20175,SEWARD
336769,371138,2017500040990003002,7608.684482165093868,,,,,,,,,,,,,,,,20175,SEWARD
336770,371139,2017500005820001001,424345.197301875741687,,900.000000000000000,4500.000000000000000,,,,,,,900.000000000000000,,22500.000000000000000,900.000000000000000,,,20175,SEWARD
336771,371140,2017500038850019001,26043.036521616450045,900.000000000000000,4500.000000000000000,2700.000000000000000,2700.000000000000000,4500.000000000000000,1800.000000000000000,,6300.000000000000000,1800.000000000000000,,900.000000000000000,1800.000000000000000,4500.000000000000000,,,20175,SEWARD
336772,371141,2017500040640001002,33504.817140634157113,1800.000000000000000,,900.000000000000000,,2700.000000000000000,,900.000000000000000,,9900.000000000000000,,2700.000000000000000,2700.000000000000000,900.000000000000000,,,20175,SEWARD
336773,371142,2017500042830001002,148487.219269916415215,108900.000000000000000,100800.000000000000000,100800.000000000000000,1800.000000000000000,77400.000000000000000,45000.000000000000000,,,59400.000000000000000,2700.000000000000000,53100.000000000000000,1800.000000000000000,6300.000000000000000,72128.000000000000000,12544.000000000000000,20175,SEWARD
336774,371143,2017500000060003001,622338.886875547352247,1800.000000000000000,,900.000000000000000,2700.000000000000000,,,,900.000000000000000,,,,,,,,20175,SEWARD
336775,371144,2017500039580011001,34959.912755591751193,6300.000000000000000,5400.000000000000000,6300.000000000000000,5400.000000000000000,4500.000000000000000,4500.000000000000000,4500.000000000000000,,6300.000000000000000,1800.000000000000000,16200.000000000000000,12600.000000000000000,,15680.000000000000000,,20175,SEWARD
336776,371145,2017500042030001002,1044891.220951897441410,668700.000000000000000,1031400.000000000000000,388800.000000000000000,655200.000000000000000,1034100.000000000000000,1020600.000000000000000,869400.000000000000000,965700.000000000000000,751500.000000000000000,993600.000000000000000,525600.000000000000000,850500.000000000000000,448200.000000000000000,1006656.000000000000000,758912.000000000000000,20175,SEWARD
336777,371146,2017500001540001002,525170.550303530413657,509400.000000000000000,,495000.000000000000000,4500.000000000000000,485100.000000000000000,,466200.000000000000000,900.000000000000000,498600.000000000000000,,487800.000000000000000,2700.000000000000000,503100.000000000000000,,,20175,SEWARD
336778,371147,2017500003890001002,61877.444172277449979,1800.000000000000000,5400.000000000000000,1800.000000000000000,8100.000000000000000,,,,,5400.000000000000000,8100.000000000000000,6300.000000000000000,2700.000000000000000,9900.000000000000000,,18816.000000000000000,20175,SEWARD
336779,371149,2017500035330001001,30569.940916757826926,,,,,,,,,,,,,,,,20175,SEWARD
336780,371150,2017500000650003001,31456.193503572529153,,,,,,,900.000000000000000,,900.000000000000000,,,,,,,20175,SEWARD
336781,371151,2017500035510004003,515648.565025300777052,489600.000000000000000,,498600.000000000000000,,494100.000000000000000,,483300.000000000000000,,514800.000000000000000,,,500400.000000000000000,493200.000000000000000,,,20175,SEWARD
336782,371152,2017500001840001001,34647.579105505865300,3600.000000000000000,29700.000000000000000,,3600.000000000000000,900.000000000000000,,900.000000000000000,900.000000000000000,6300.000000000000000,900.000000000000000,3600.000000000000000,900.000000000000000,1800.000000000000000,,3136.000000000000000,20175,SEWARD
336783,371153,2017500038420003001,56916.266222181817284,900.000000000000000,900.000000000000000,,900.000000000000000,,900.000000000000000,,900.000000000000000,900.000000000000000,2700.000000000000000,,1800.000000000000000,2700.000000000000000,,,20175,SEWARD
336784,371154,2017500008370001001,148700.165178700641263,139500.000000000000000,,900.000000000000000,35100.000000000000000,112500.000000000000000,135900.000000000000000,,1800.000000000000000,,9900.000000000000000,35100.000000000000000,3600.000000000000000,66600.000000000000000,,,20175,SEWARD
336785,371155,2017500005780001001,320390.346710782148875,900.000000000000000,1800.000000000000000,,3600.000000000000000,1800.000000000000000,,900.000000000000000,2700.000000000000000,4500.000000000000000,2700.000000000000000,900.000000000000000,900.000000000000000,7200.000000000000000,,,20175,SEWARD
336786,371156,2017500010120003001,67142.828347007744014,20700.000000000000000,36000.000000000000000,2700.000000000000000,,,,,,1800.000000000000000,2700.000000000000000,900.000000000000000,1800.000000000000000,18000.000000000000000,,,20175,SEWARD
336787,371157,2017500034460001001,33216.233751627754827,6300.000000000000000,15300.000000000000000,900.000000000000000,5400.000000000000000,,,,900.000000000000000,,,,,,,,20175,SEWARD
336788,371158,2017500001510001004,55728.039221938255650,45000.000000000000000,,,,,900.000000000000000,,900.000000000000000,9000.000000000000000,,,900.000000000000000,,,,20175,SEWARD
336789,371159,2017500005050001003,46906.777190830136533,,,900.000000000000000,7200.000000000000000,,,900.000000000000000,,,,1800.000000000000000,900.000000000000000,22500.000000000000000,28224.000000000000000,,20175,SEWARD
336790,371160,2017500041000001002,108652.851152638657368,,900.000000000000000,,,,,,,,,,,,,,20175,SEWARD
336791,371161,2017500005040002001,34098.123839615305769,2700.000000000000000,,,2700.000000000000000,900.000000000000000,,,,,,2700.000000000000000,,,,,20175,SEWARD
336792,371162,2017500002150001001,1232987.996089217020199,306000.000000000000000,11700.000000000000000,15300.000000000000000,1161000.000000000000000,,,900.000000000000000,,1800.000000000000000,900.000000000000000,900.000000000000000,,,,,20175,SEWARD
336793,371163,2017500037480001001,349245.575624451041222,,,,,,,,,,,,,,,,20175,SEWARD
336794,371164,2017500002590002001,31230.830997994791687,,,,27900.000000000000000,,,,,,,,,,,,20175,SEWARD
336795,371165,2017500041070001002,28719.217137186271430,4500.000000000000000,4500.000000000000000,7200.000000000000000,,900.000000000000000,,,1800.000000000000000,1800.000000000000000,,,,,,,20175,SEWARD
336796,371166,2017500007630005001,427946.142621799837798,273600.000000000000000,278100.000000000000000,252900.000000000000000,149400.000000000000000,187200.000000000000000,,141300.000000000000000,98100.000000000000000,240300.000000000000000,76500.000000000000000,427500.000000000000000,396900.000000000000000,47700.000000000000000,392000.000000000000000,363776.000000000000000,20175,SEWARD
336797,371167,2017500012850001001,431223.398821827373467,,,,,,,,,,,,,,,,20175,SEWARD
336798,371168,2017500042290011001,22567.929039196500526,,1800.000000000000000,900.000000000000000,2700.000000000000000,2700.000000000000000,2700.000000000000000,900.000000000000000,2700.000000000000000,4500.000000000000000,900.000000000000000,6300.000000000000000,3600.000000000000000,4500.000000000000000,9408.000000000000000,3136.000000000000000,20175,SEWARD
336799,371169,2017500002870002001,164098.130870837543625,154800.000000000000000,18900.000000000000000,,,,,,21600.000000000000000,,111600.000000000000000,,144900.000000000000000,900.000000000000000,134848.000000000000000,12544.000000000000000,20175,SEWARD
336800,371170,2017500005650001001,18335.677181557413860,,4500.000000000000000,900.000000000000000,8100.000000000000000,3600.000000000000000,10800.000000000000000,,,8100.000000000000000,5400.000000000000000,7200.000000000000000,,9900.000000000000000,,,20175,SEWARD
336801,371171,2017500004610001001,20279.333587350902235,19800.000000000000000,900.000000000000000,1800.000000000000000,17100.000000000000000,11700.000000000000000,,900.000000000000000,3600.000000000000000,,8100.000000000000000,,4500.000000000000000,2700.000000000000000,,3136.000000000000000,20175,SEWARD
336802,371172,2017500000080001001,887391.752630642964505,,,,,,,,,2700.000000000000000,,,,2700.000000000000000,,,20175,SEWARD
336803,371173,2017500001170010001,33063.448979776716442,1800.000000000000000,,900.000000000000000,,900.000000000000000,,,,900.000000000000000,,2700.000000000000000,900.000000000000000,5400.000000000000000,3136.000000000000000,3136.000000000000000,20175,SEWARD
336804,371174,2017500003960001002,166638.747484610794345,53100.000000000000000,3600.000000000000000,,,,,,,,,900.000000000000000,,,15680.000000000000000,,20175,SEWARD
336805,371175,2017500001570001003,32492.355190801699791,900.000000000000000,19800.000000000000000,1800.000000000000000,9000.000000000000000,2700.000000000000000,9900.000000000000000,900.000000000000000,,,2700.000000000000000,2700.000000000000000,,5400.000000000000000,,,20175,SEWARD
336806,371176,2017500009680002001,32377.447478349102312,,2700.000000000000000,2700.000000000000000,3600.000000000000000,1800.000000000000000,1800.000000000000000,1800.000000000000000,2700.000000000000000,,2700.000000000000000,1800.000000000000000,2700.000000000000000,5400.000000000000000,3136.000000000000000,,20175,SEWARD
336807,371177,2017500007040001001,58683.775174254318699,3600.000000000000000,3600.000000000000000,900.000000000000000,900.000000000000000,900.000000000000000,,,,3600.000000000000000,,,5400.000000000000000,4500.000000000000000,,,20175,SEWARD
336808,371178,2017500003240001001,204643.023829394602217,900.000000000000000,4500.000000000000000,,,,900.000000000000000,,,900.000000000000000,,,,,,56448.000000000000000,20175,SEWARD
336809,371179,2017500038100001001,283780.830143066996243,257400.000000000000000,224100.000000000000000,19800.000000000000000,26100.000000000000000,900.000000000000000,,,1800.000000000000000,1800.000000000000000,,249300.000000000000000,,,,,20175,SEWARD
336810,371180,2017500000160005001,515048.497586709388997,504900.000000000000000,12600.000000000000000,13500.000000000000000,225900.000000000000000,504900.000000000000000,504900.000000000000000,493200.000000000000000,487800.000000000000000,494100.000000000000000,503100.000000000000000,477000.000000000000000,509400.000000000000000,500400.000000000000000,486080.000000000000000,479808.000000000000000,20175,SEWARD
336811,371181,2017500042500001002,182019.594316778966459,71100.000000000000000,,,49500.000000000000000,4500.000000000000000,,,,,,45000.000000000000000,,,116032.000000000000000,,20175,SEWARD
336812,371182,2017500004520002001,29042.673364676709753,,,,,,,,900.000000000000000,,,,900.000000000000000,,,,20175,SEWARD
336813,371183,2017500004820006001,69737.388966724160127,900.000000000000000,900.000000000000000,,,,1800.000000000000000,,,,,6300.000000000000000,,,,,20175,SEWARD
336814,371184,2017500001100001002,222037.634725177253131,31500.000000000000000,42300.000000000000000,,48600.000000000000000,4500.000000000000000,31500.000000000000000,,,1800.000000000000000,,900.000000000000000,,,,,20175,SEWARD
336815,371185,2017500002810002002,29727.998560532647389,27900.000000000000000,28800.000000000000000,,27900.000000000000000,24300.000000000000000,,,,24300.000000000000000,1800.000000000000000,19800.000000000000000,23400.000000000000000,3600.000000000000000,21952.000000000000000,9408.000000000000000,20175,SEWARD
336816,371186,2017500009230001001,32981.113918528099020,3600.000000000000000,900.000000000000000,1800.000000000000000,1800.000000000000000,,,,,3600.000000000000000,7200.000000000000000,,1800.000000000000000,11700.000000000000000,,,20175,SEWARD
336817,371187,2017500008320001001,386070.459303314797580,257400.000000000000000,389700.000000000000000,26100.000000000000000,389700.000000000000000,,254700.000000000000000,248400.000000000000000,13500.000000000000000,380700.000000000000000,38700.000000000000000,381600.000000000000000,369900.000000000000000,384300.000000000000000,379456.000000000000000,31360.000000000000000,20175,SEWARD
336818,371188,2017500007400005001,31640.834153366569808,1800.000000000000000,4500.000000000000000,900.000000000000000,5400.000000000000000,,4500.000000000000000,1800.000000000000000,1800.000000000000000,2700.000000000000000,900.000000000000000,4500.000000000000000,6300.000000000000000,2700.000000000000000,3136.000000000000000,3136.000000000000000,20175,SEWARD
336819,371189,2017500041270004001,6704.876677332638792,,,,,,,,,,,,,,,,20175,SEWARD
336820,371190,2017500002760001002,481035.681038453592919,480600.000000000000000,470700.000000000000000,459000.000000000000000,462600.000000000000000,460800.000000000000000,447300.000000000000000,454500.000000000000000,450900.000000000000000,470700.000000000000000,466200.000000000000000,453600.000000000000000,466200.000000000000000,464400.000000000000000,432768.000000000000000,47040.000000000000000,20175,SEWARD
336821,371191,2017500008310002001,81188.279121854007826,80100.000000000000000,1800.000000000000000,1800.000000000000000,71100.000000000000000,72000.000000000000000,,,4500.000000000000000,3600.000000000000000,7200.000000000000000,63000.000000000000000,6300.000000000000000,18000.000000000000000,31360.000000000000000,28224.000000000000000,20175,SEWARD
336822,371192,2017500007140003001,54522.136885496896866,,5400.000000000000000,,,,,,,,,,,,,,20175,SEWARD
336823,371193,2017500008700001002,217223.560832674033009,1800.000000000000000,24300.000000000000000,10800.000000000000000,,1800.000000000000000,,,,7200.000000000000000,,900.000000000000000,,1800.000000000000000,3136.000000000000000,,20175,SEWARD
336824,371194,2017500001150014001,102012.308599420954124,20700.000000000000000,8100.000000000000000,9900.000000000000000,12600.000000000000000,19800.000000000000000,16200.000000000000000,12600.000000000000000,6300.000000000000000,7200.000000000000000,26100.000000000000000,12600.000000000000000,27000.000000000000000,17100.000000000000000,6272.000000000000000,43904.000000000000000,20175,SEWARD
336825,371195,2017500034340001001,341686.732875656976830,46800.000000000000000,327600.000000000000000,20700.000000000000000,324900.000000000000000,10800.000000000000000,236700.000000000000000,21600.000000000000000,246600.000000000000000,132300.000000000000000,246600.000000000000000,189000.000000000000000,246600.000000000000000,333000.000000000000000,279104.000000000000000,307328.000000000000000,20175,SEWARD
336826,371196,2017500003980003001,422062.953055430960376,11700.000000000000000,5400.000000000000000,6300.000000000000000,1800.000000000000000,3600.000000000000000,3600.000000000000000,2700.000000000000000,900.000000000000000,6300.000000000000000,5400.000000000000000,2700.000000000000000,,5400.000000000000000,,,20175,SEWARD
336827,371197,2017500004340001003,253281.285094624559861,247500.000000000000000,225000.000000000000000,245700.000000000000000,,246600.000000000000000,,234900.000000000000000,,247500.000000000000000,104400.000000000000000,243900.000000000000000,18000.000000000000000,247500.000000000000000,150528.000000000000000,12544.000000000000000,20175,SEWARD
336828,371198,2017500035460001001,86543.431573486101115,900.000000000000000,,900.000000000000000,,,,,,,,,,,,,20175,SEWARD
336829,371199,2017500007410001001,507111.568537385726813,,498600.000000000000000,1800.000000000000000,501300.000000000000000,,484200.000000000000000,,502200.000000000000000,2700.000000000000000,23400.000000000000000,1800.000000000000000,8100.000000000000000,497700.000000000000000,,464128.000000000000000,20175,SEWARD
336830,371200,2017500007220001001,192938.103896643675398,18900.000000000000000,76500.000000000000000,,30600.000000000000000,9000.000000000000000,,,6300.000000000000000,,2700.000000000000000,94500.000000000000000,,43200.000000000000000,15680.000000000000000,,20175,SEWARD
336831,371201,2017500004130001003,82815.318159062269842,3600.000000000000000,80100.000000000000000,,,900.000000000000000,900.000000000000000,2700.000000000000000,56700.000000000000000,2700.000000000000000,,32400.000000000000000,1800.000000000000000,36900.000000000000000,34496.000000000000000,,20175,SEWARD
336832,371202,2017500009200001001,843221.323725659400225,130500.000000000000000,,2700.000000000000000,28800.000000000000000,,,,,,900.000000000000000,900.000000000000000,900.000000000000000,21600.000000000000000,,,20175,SEWARD
336833,371203,2017500001470009001,19142.718203884975082,,,,,,1800.000000000000000,1800.000000000000000,900.000000000000000,1800.000000000000000,2700.000000000000000,1800.000000000000000,1800.000000000000000,,,,20175,SEWARD
336834,371204,2017500001310001002,30453.670216629099741,4500.000000000000000,4500.000000000000000,2700.000000000000000,9900.000000000000000,10800.000000000000000,1800.000000000000000,,1800.000000000000000,1800.000000000000000,13500.000000000000000,8100.000000000000000,900.000000000000000,10800.000000000000000,6272.000000000000000,9408.000000000000000,20175,SEWARD
336835,371205,2017500035960001002,29507.273384543179418,900.000000000000000,25200.000000000000000,11700.000000000000000,25200.000000000000000,,,,900.000000000000000,,,3600.000000000000000,,2700.000000000000000,3136.000000000000000,,20175,SEWARD
336836,371206,2017500005330001001,502654.573351369646844,5400.000000000000000,492300.000000000000000,2700.000000000000000,487800.000000000000000,99900.000000000000000,495000.000000000000000,1800.000000000000000,470700.000000000000000,8100.000000000000000,471600.000000000000000,,16200.000000000000000,900.000000000000000,467264.000000000000000,,20175,SEWARD
336837,371207,2017500012060001001,286554.856640269223135,19800.000000000000000,,,3600.000000000000000,,900.000000000000000,9000.000000000000000,,,,,,2700.000000000000000,,,20175,SEWARD
336838,371208,2017500007950001001,294071.554440114297904,,2700.000000000000000,1800.000000000000000,3600.000000000000000,900.000000000000000,,,2700.000000000000000,,1800.000000000000000,2700.000000000000000,2700.000000000000000,2700.000000000000000,,,20175,SEWARD
336839,371209,2017500035070001001,15201.657539535512115,5400.000000000000000,9000.000000000000000,7200.000000000000000,9900.000000000000000,900.000000000000000,,900.000000000000000,,,,,,4500.000000000000000,,,20175,SEWARD
336840,371210,2017500039630003001,27708.764765512707527,3600.000000000000000,3600.000000000000000,,1800.000000000000000,,,1800.000000000000000,900.000000000000000,,,,,900.000000000000000,,,20175,SEWARD
336841,371211,2017500000090015001,24959.406224265050696,,,,,,,,,900.000000000000000,,4500.000000000000000,2700.000000000000000,,,3136.000000000000000,20175,SEWARD
336842,371212,2017500040990002002,8526.296293315346702,,900.000000000000000,,,,,,,,,,,,,,20175,SEWARD
336843,371213,2017500038460001002,502393.827955214015674,501300.000000000000000,498600.000000000000000,,9900.000000000000000,1800.000000000000000,,,,,502200.000000000000000,493200.000000000000000,494100.000000000000000,1800.000000000000000,473536.000000000000000,432768.000000000000000,20175,SEWARD
336844,371214,2017500008000001001,512768.001934237545356,506700.000000000000000,504900.000000000000000,499500.000000000000000,9900.000000000000000,502200.000000000000000,492300.000000000000000,493200.000000000000000,482400.000000000000000,474300.000000000000000,,,8100.000000000000000,,,,20175,SEWARD
336845,371215,2017500042070001002,471225.648863560636528,2700.000000000000000,396000.000000000000000,386100.000000000000000,,2700.000000000000000,343800.000000000000000,,1800.000000000000000,900.000000000000000,,,,15300.000000000000000,,,20175,SEWARD
336846,371216,2017500039450001001,186849.741812851221766,160200.000000000000000,174600.000000000000000,,163800.000000000000000,141300.000000000000000,,,,,27900.000000000000000,,900.000000000000000,,,,20175,SEWARD
336847,371217,2017500009710001001,241427.563716810313053,,12600.000000000000000,83700.000000000000000,,,,,,15300.000000000000000,900.000000000000000,5400.000000000000000,3600.000000000000000,,,,20175,SEWARD
336849,371219,2017500007020002001,314913.435852532507852,11700.000000000000000,17100.000000000000000,,,8100.000000000000000,2700.000000000000000,,900.000000000000000,,,,,36900.000000000000000,,,20175,SEWARD
336850,371220,2017500004380001001,624880.095395786804147,13500.000000000000000,,,72900.000000000000000,26100.000000000000000,,,,,,,,,25088.000000000000000,6272.000000000000000,20175,SEWARD
336851,371221,2017500000220009001,31795.488418293141876,21600.000000000000000,3600.000000000000000,,,,,,,2700.000000000000000,,,,900.000000000000000,,,20175,SEWARD
336852,371222,2017500040190001001,519014.939683394797612,505800.000000000000000,507600.000000000000000,900.000000000000000,139500.000000000000000,13500.000000000000000,499500.000000000000000,459900.000000000000000,2700.000000000000000,,,,24300.000000000000000,512100.000000000000000,492352.000000000000000,470400.000000000000000,20175,SEWARD
336853,371223,2017500000510001001,328363.819937440333888,73800.000000000000000,73800.000000000000000,,33300.000000000000000,,1800.000000000000000,,,900.000000000000000,13500.000000000000000,175500.000000000000000,58500.000000000000000,8100.000000000000000,,,20175,SEWARD
336854,371224,2017500034030002001,297606.436342431756202,216900.000000000000000,216900.000000000000000,121500.000000000000000,12600.000000000000000,183600.000000000000000,109800.000000000000000,101700.000000000000000,92700.000000000000000,900.000000000000000,5400.000000000000000,900.000000000000000,1800.000000000000000,900.000000000000000,,,20175,SEWARD
336855,371225,2017500035950005001,48235.823084244810161,14400.000000000000000,11700.000000000000000,2700.000000000000000,14400.000000000000000,10800.000000000000000,17100.000000000000000,2700.000000000000000,15300.000000000000000,10800.000000000000000,9900.000000000000000,21600.000000000000000,16200.000000000000000,6300.000000000000000,,12544.000000000000000,20175,SEWARD
336856,371226,2017500041770002003,372192.798176611191593,900.000000000000000,,,,900.000000000000000,,,,,,,,,,59584.000000000000000,20175,SEWARD
336857,371227,2017500004270001001,21502.257910724900285,900.000000000000000,2700.000000000000000,900.000000000000000,1800.000000000000000,1800.000000000000000,900.000000000000000,900.000000000000000,1800.000000000000000,6300.000000000000000,900.000000000000000,900.000000000000000,,2700.000000000000000,,3136.000000000000000,20175,SEWARD
336858,371228,2017500003260001001,574954.200164388981648,,7200.000000000000000,,,8100.000000000000000,5400.000000000000000,,3600.000000000000000,4500.000000000000000,3600.000000000000000,1800.000000000000000,1800.000000000000000,,50176.000000000000000,,20175,SEWARD
336860,371230,2017500003170003001,31875.078255969299789,900.000000000000000,,,19800.000000000000000,3600.000000000000000,,,900.000000000000000,900.000000000000000,900.000000000000000,,2700.000000000000000,3600.000000000000000,9408.000000000000000,3136.000000000000000,20175,SEWARD
336861,371231,2017500039320005001,226127.550864855176769,36000.000000000000000,36000.000000000000000,26100.000000000000000,36000.000000000000000,37800.000000000000000,34200.000000000000000,20700.000000000000000,18000.000000000000000,31500.000000000000000,36900.000000000000000,40500.000000000000000,37800.000000000000000,51300.000000000000000,34496.000000000000000,50176.000000000000000,20175,SEWARD
336862,371232,2017500033750002002,415198.595519687572960,412200.000000000000000,36900.000000000000000,393300.000000000000000,10800.000000000000000,411300.000000000000000,393300.000000000000000,2700.000000000000000,406800.000000000000000,,407700.000000000000000,2700.000000000000000,411300.000000000000000,,376320.000000000000000,,20175,SEWARD
336863,371233,2017500007400004001,26363.118711744929897,900.000000000000000,3600.000000000000000,,5400.000000000000000,,900.000000000000000,900.000000000000000,900.000000000000000,900.000000000000000,900.000000000000000,3600.000000000000000,13500.000000000000000,2700.000000000000000,9408.000000000000000,,20175,SEWARD
336864,371234,2017500034100001001,252635.739484313788125,253800.000000000000000,252900.000000000000000,,,247500.000000000000000,240300.000000000000000,,244800.000000000000000,245700.000000000000000,,900.000000000000000,246600.000000000000000,244800.000000000000000,,,20175,SEWARD
336865,371235,2017500003710001002,131684.931021732190857,124200.000000000000000,3600.000000000000000,900.000000000000000,111600.000000000000000,97200.000000000000000,,,,,900.000000000000000,2700.000000000000000,1800.000000000000000,,6272.000000000000000,,20175,SEWARD
336866,371236,2017500009050001001,70476.915044127745205,37800.000000000000000,14400.000000000000000,,5400.000000000000000,1800.000000000000000,1800.000000000000000,,3600.000000000000000,2700.000000000000000,3600.000000000000000,4500.000000000000000,900.000000000000000,8100.000000000000000,,12544.000000000000000,20175,SEWARD
336867,371237,2017500003240005004,484848.537883906392381,2700.000000000000000,,,15300.000000000000000,,,,,,,,9000.000000000000000,,,68992.000000000000000,20175,SEWARD
336868,371238,2017500011460003002,9021.033762364968425,,,,,,,,,,,1800.000000000000000,,,,,20175,SEWARD
336869,371239,2017500003780001001,33349.876172468459117,900.000000000000000,10800.000000000000000,900.000000000000000,,,3600.000000000000000,,,6300.000000000000000,,12600.000000000000000,2700.000000000000000,900.000000000000000,,9408.000000000000000,20175,SEWARD
336870,371240,2017500003450001002,30930.685973225874477,,1800.000000000000000,,,,,,4500.000000000000000,22500.000000000000000,,25200.000000000000000,900.000000000000000,,,3136.000000000000000,20175,SEWARD
336871,371241,2017500034450001002,24292.754913662436593,1800.000000000000000,11700.000000000000000,900.000000000000000,20700.000000000000000,,,,,,3600.000000000000000,,,,,,20175,SEWARD
336872,371242,2017500006860003001,271757.335533796285745,900.000000000000000,14400.000000000000000,,,,,,,,1800.000000000000000,,,900.000000000000000,,,20175,SEWARD
336873,371243,2017500006990001001,505603.270205573819112,504000.000000000000000,504000.000000000000000,505800.000000000000000,504900.000000000000000,506700.000000000000000,495900.000000000000000,502200.000000000000000,500400.000000000000000,505800.000000000000000,506700.000000000000000,505800.000000000000000,103500.000000000000000,502200.000000000000000,489216.000000000000000,482944.000000000000000,20175,SEWARD
336874,371244,2017500004030002002,505370.610723777732346,489600.000000000000000,483300.000000000000000,8100.000000000000000,476100.000000000000000,486000.000000000000000,462600.000000000000000,456300.000000000000000,473400.000000000000000,462600.000000000000000,485100.000000000000000,42300.000000000000000,477900.000000000000000,8100.000000000000000,464128.000000000000000,435904.000000000000000,20175,SEWARD
336875,371245,2017500000330001001,497292.768278978765011,490500.000000000000000,488700.000000000000000,486900.000000000000000,485100.000000000000000,900.000000000000000,472500.000000000000000,1800.000000000000000,477900.000000000000000,486000.000000000000000,489600.000000000000000,490500.000000000000000,484200.000000000000000,478800.000000000000000,476672.000000000000000,448448.000000000000000,20175,SEWARD
336876,371246,2017500035510004004,16245.050592939905982,,18900.000000000000000,,18900.000000000000000,,18900.000000000000000,,18900.000000000000000,,18900.000000000000000,,,,,,20175,SEWARD
336877,371247,2017500009990001002,926180.597314479644410,144900.000000000000000,366300.000000000000000,14400.000000000000000,61200.000000000000000,348300.000000000000000,124200.000000000000000,238500.000000000000000,40500.000000000000000,94500.000000000000000,,,,,269696.000000000000000,103488.000000000000000,20175,SEWARD
336878,371248,2017500001840001004,522638.997970503347460,515700.000000000000000,515700.000000000000000,501300.000000000000000,510300.000000000000000,500400.000000000000000,494100.000000000000000,491400.000000000000000,505800.000000000000000,511200.000000000000000,504000.000000000000000,504900.000000000000000,503100.000000000000000,505800.000000000000000,476672.000000000000000,482944.000000000000000,20175,SEWARD
336879,371249,2017500004250011001,28431.680259688440856,6300.000000000000000,5400.000000000000000,3600.000000000000000,900.000000000000000,2700.000000000000000,5400.000000000000000,,4500.000000000000000,1800.000000000000000,3600.000000000000000,4500.000000000000000,4500.000000000000000,,,,20175,SEWARD
336880,371250,2017500006400001001,140195.997967034723843,126900.000000000000000,122400.000000000000000,5400.000000000000000,126900.000000000000000,34200.000000000000000,11700.000000000000000,,,78300.000000000000000,,,,5400.000000000000000,,,20175,SEWARD
336881,371251,2017500007400003001,30405.391659335979057,1800.000000000000000,,,1800.000000000000000,,,900.000000000000000,,,5400.000000000000000,,3600.000000000000000,,3136.000000000000000,,20175,SEWARD
336882,371252,2017500006500001001,180848.957812298351200,2700.000000000000000,1800.000000000000000,,2700.000000000000000,1800.000000000000000,,,,900.000000000000000,,,5400.000000000000000,,,,20175,SEWARD
336883,371253,2017500041910001001,31227.179578454313742,27000.000000000000000,27000.000000000000000,,900.000000000000000,14400.000000000000000,4500.000000000000000,,7200.000000000000000,2700.000000000000000,900.000000000000000,5400.000000000000000,,9000.000000000000000,6272.000000000000000,18816.000000000000000,20175,SEWARD
336884,371254,2017500003360001001,320325.940723936539143,6300.000000000000000,13500.000000000000000,13500.000000000000000,5400.000000000000000,7200.000000000000000,900.000000000000000,,7200.000000000000000,,2700.000000000000000,2700.000000000000000,,4500.000000000000000,,3136.000000000000000,20175,SEWARD
336885,371255,2017500008740002001,12904.426207338940003,,,,,,,,,,,,,,,,20175,SEWARD
336886,371256,2017500007440002001,182333.216021520958748,16200.000000000000000,20700.000000000000000,2700.000000000000000,21600.000000000000000,19800.000000000000000,12600.000000000000000,8100.000000000000000,1800.000000000000000,2700.000000000000000,15300.000000000000000,45900.000000000000000,76500.000000000000000,14400.000000000000000,,31360.000000000000000,20175,SEWARD
336887,371257,2017500041590006001,34426.835298120298830,3600.000000000000000,1800.000000000000000,1800.000000000000000,,,2700.000000000000000,1800.000000000000000,,,900.000000000000000,12600.000000000000000,3600.000000000000000,9000.000000000000000,3136.000000000000000,15680.000000000000000,20175,SEWARD
336888,371258,2017500041560012001,36258.466548410688119,7200.000000000000000,1800.000000000000000,3600.000000000000000,900.000000000000000,,,900.000000000000000,,11700.000000000000000,25200.000000000000000,19800.000000000000000,31500.000000000000000,24300.000000000000000,21952.000000000000000,3136.000000000000000,20175,SEWARD
336889,371259,2017500039240001001,154513.342323678079993,,,,,,,,,,,,,,,,20175,SEWARD
336890,371260,2017500002850001001,778875.397973427781835,,,,747900.000000000000000,,,,,755100.000000000000000,711000.000000000000000,900.000000000000000,,1800.000000000000000,9408.000000000000000,50176.000000000000000,20175,SEWARD
336891,371261,2017500000540003001,36845.584966619069746,5400.000000000000000,26100.000000000000000,,,1800.000000000000000,2700.000000000000000,900.000000000000000,,3600.000000000000000,900.000000000000000,,,1800.000000000000000,,,20175,SEWARD
336892,371262,2017500001260004001,60206.857858656549070,29700.000000000000000,1800.000000000000000,9900.000000000000000,900.000000000000000,2700.000000000000000,900.000000000000000,2700.000000000000000,900.000000000000000,9900.000000000000000,5400.000000000000000,18000.000000000000000,6300.000000000000000,10800.000000000000000,9408.000000000000000,18816.000000000000000,20175,SEWARD
336893,371263,2017500035510004005,26530.782676016304322,,,900.000000000000000,,,900.000000000000000,,,,,,,,,,20175,SEWARD
336894,371264,2017500001170015001,44444.105846482285415,,,,,,,,,,,,,,,,20175,SEWARD
336895,371265,2017500007420001001,404762.822510887752287,,18000.000000000000000,2700.000000000000000,27000.000000000000000,,,,2700.000000000000000,5400.000000000000000,,,,73800.000000000000000,,,20175,SEWARD
336896,371266,2017500004220002001,43373.625997212620860,44100.000000000000000,44100.000000000000000,42300.000000000000000,43200.000000000000000,44100.000000000000000,44100.000000000000000,44100.000000000000000,43200.000000000000000,29700.000000000000000,44100.000000000000000,44100.000000000000000,44100.000000000000000,44100.000000000000000,40768.000000000000000,50176.000000000000000,20175,SEWARD
336897,371267,2017500003890001003,37427.489306783711072,,8100.000000000000000,,2700.000000000000000,,,,900.000000000000000,900.000000000000000,900.000000000000000,,3600.000000000000000,,,,20175,SEWARD
336898,371269,2017500003910001001,502483.823162417684216,18000.000000000000000,242100.000000000000000,235800.000000000000000,4500.000000000000000,237600.000000000000000,1800.000000000000000,228600.000000000000000,235800.000000000000000,233100.000000000000000,471600.000000000000000,486000.000000000000000,489600.000000000000000,493200.000000000000000,470400.000000000000000,454720.000000000000000,20175,SEWARD
336899,371270,2017500006800002001,199420.658462932042312,,,,14400.000000000000000,,,,,,,,,,,,20175,SEWARD
336900,371271,2017500035180003001,145214.042788175895112,10800.000000000000000,20700.000000000000000,8100.000000000000000,18000.000000000000000,10800.000000000000000,9900.000000000000000,7200.000000000000000,15300.000000000000000,2700.000000000000000,12600.000000000000000,21600.000000000000000,9000.000000000000000,36000.000000000000000,3136.000000000000000,34496.000000000000000,20175,SEWARD
336901,371272,2017500006610002001,32804.845269747725979,,4500.000000000000000,,,,,,,,,900.000000000000000,,,,,20175,SEWARD
336902,371273,2017500036940012001,130820.697656394579099,,,,,,,,,,,,,,,,20175,SEWARD
336903,371274,2017500040640001003,454170.800932586833369,,434700.000000000000000,,438300.000000000000000,4500.000000000000000,419400.000000000000000,,419400.000000000000000,,424800.000000000000000,,433800.000000000000000,423900.000000000000000,401408.000000000000000,,20175,SEWARD
336904,371275,2017500039590001001,420692.046985173481517,320400.000000000000000,11700.000000000000000,253800.000000000000000,68400.000000000000000,301500.000000000000000,243900.000000000000000,15300.000000000000000,198900.000000000000000,49500.000000000000000,245700.000000000000000,198000.000000000000000,20700.000000000000000,395100.000000000000000,94080.000000000000000,373184.000000000000000,20175,SEWARD
336905,371276,2017500041930001001,27691.541122794584226,18000.000000000000000,11700.000000000000000,2700.000000000000000,,11700.000000000000000,1800.000000000000000,,900.000000000000000,4500.000000000000000,,,900.000000000000000,12600.000000000000000,9408.000000000000000,12544.000000000000000,20175,SEWARD
336906,371277,2017500003970003001,59388.290935585398984,5400.000000000000000,2700.000000000000000,900.000000000000000,1800.000000000000000,2700.000000000000000,3600.000000000000000,,1800.000000000000000,,3600.000000000000000,1800.000000000000000,6300.000000000000000,900.000000000000000,,,20175,SEWARD
336907,371279,2017500002460001001,60142.675568794293213,5400.000000000000000,45000.000000000000000,54900.000000000000000,4500.000000000000000,14400.000000000000000,51300.000000000000000,5400.000000000000000,10800.000000000000000,7200.000000000000000,8100.000000000000000,11700.000000000000000,9000.000000000000000,16200.000000000000000,,25088.000000000000000,20175,SEWARD
336908,371280,2017500012050001001,25280.218933141713933,,,,,,,,,,,,,,,,20175,SEWARD
336909,371281,2017500007080001001,298623.477403835044242,900.000000000000000,,,260100.000000000000000,,,,,,1800.000000000000000,,,1800.000000000000000,,,20175,SEWARD
336910,371282,2017500004250012001,123626.972382447973359,21600.000000000000000,,,18000.000000000000000,,,,,,,,,,,,20175,SEWARD
336911,371283,2017500036940002001,236414.835401483520400,,,,,,18000.000000000000000,,,,,,,,,,20175,SEWARD
336912,371284,2017500038490001001,123850.742578967634472,7200.000000000000000,3600.000000000000000,,7200.000000000000000,,,,,,,900.000000000000000,,9900.000000000000000,,,20175,SEWARD
336913,371285,2017500002960001002,321450.933446892013308,900.000000000000000,,2700.000000000000000,,,,,,,9000.000000000000000,2700.000000000000000,900.000000000000000,1800.000000000000000,,6272.000000000000000,20175,SEWARD
336914,371286,2017500008050002001,531464.063171955873258,,,,,,,,,,,,,,,,20175,SEWARD
336915,371287,2017500000450007001,31089.254020256779768,900.000000000000000,5400.000000000000000,,5400.000000000000000,,3600.000000000000000,,,,,8100.000000000000000,900.000000000000000,9000.000000000000000,,6272.000000000000000,20175,SEWARD
336916,371288,2017500002690001002,32855.790324688445253,4500.000000000000000,31500.000000000000000,3600.000000000000000,4500.000000000000000,2700.000000000000000,900.000000000000000,900.000000000000000,,4500.000000000000000,4500.000000000000000,4500.000000000000000,1800.000000000000000,5400.000000000000000,,6272.000000000000000,20175,SEWARD
336917,371289,2017500000880001001,340791.003504527267069,1800.000000000000000,5400.000000000000000,2700.000000000000000,51300.000000000000000,239400.000000000000000,,,,,3600.000000000000000,285300.000000000000000,42300.000000000000000,162900.000000000000000,,15680.000000000000000,20175,SEWARD
336918,371290,2017500004450001001,154980.618934455851559,149400.000000000000000,145800.000000000000000,144000.000000000000000,147600.000000000000000,142200.000000000000000,145800.000000000000000,147600.000000000000000,144900.000000000000000,146700.000000000000000,124200.000000000000000,2700.000000000000000,148500.000000000000000,3600.000000000000000,106624.000000000000000,,20175,SEWARD
336919,371291,2017500003970001001,501049.014338969544042,498600.000000000000000,4500.000000000000000,481500.000000000000000,,495000.000000000000000,,482400.000000000000000,,472500.000000000000000,27900.000000000000000,444600.000000000000000,495900.000000000000000,23400.000000000000000,451584.000000000000000,6272.000000000000000,20175,SEWARD
336920,371292,2017500006700002001,37857.656222507990606,,,900.000000000000000,,1800.000000000000000,,900.000000000000000,,,,2700.000000000000000,,,,,20175,SEWARD
336921,371293,2017500002760001003,39047.931119373795809,8100.000000000000000,,,,1800.000000000000000,,,,9900.000000000000000,900.000000000000000,,1800.000000000000000,1800.000000000000000,,3136.000000000000000,20175,SEWARD
336922,371294,2017500039910005001,32447.413317689428368,9000.000000000000000,5400.000000000000000,6300.000000000000000,8100.000000000000000,7200.000000000000000,1800.000000000000000,4500.000000000000000,2700.000000000000000,11700.000000000000000,4500.000000000000000,8100.000000000000000,11700.000000000000000,9900.000000000000000,6272.000000000000000,,20175,SEWARD
336923,371295,2017500002430001001,319899.913018326915335,,9900.000000000000000,,,,,,,,,,,,3136.000000000000000,,20175,SEWARD
336924,371296,2017500006050002001,1196301.712201854912564,,,,,,,,,,,,,,,,20175,SEWARD
336925,371297,2017500003770001002,35407.272078510170104,31500.000000000000000,,,30600.000000000000000,10800.000000000000000,1800.000000000000000,,,,900.000000000000000,900.000000000000000,3600.000000000000000,12600.000000000000000,,3136.000000000000000,20175,SEWARD
336926,371298,2017500000160007001,69223.692120387961040,3600.000000000000000,2700.000000000000000,,2700.000000000000000,5400.000000000000000,5400.000000000000000,1800.000000000000000,900.000000000000000,1800.000000000000000,9000.000000000000000,6300.000000000000000,4500.000000000000000,8100.000000000000000,,18816.000000000000000,20175,SEWARD
336927,371299,2017500008120001001,33502.255006214625610,900.000000000000000,,900.000000000000000,900.000000000000000,5400.000000000000000,900.000000000000000,,,6300.000000000000000,,900.000000000000000,900.000000000000000,8100.000000000000000,,,20175,SEWARD
336928,371300,2017500004180002001,31525.690882167313248,27000.000000000000000,,,,,,,,,,,,,3136.000000000000000,,20175,SEWARD
336929,371301,2017500041630001002,99708.127653386836755,,900.000000000000000,91800.000000000000000,,,,,,27000.000000000000000,,,81000.000000000000000,3600.000000000000000,,,20175,SEWARD
336930,371302,2017500002950001002,36636.185167196708790,1800.000000000000000,4500.000000000000000,29700.000000000000000,,,3600.000000000000000,,900.000000000000000,900.000000000000000,2700.000000000000000,4500.000000000000000,900.000000000000000,1800.000000000000000,,15680.000000000000000,20175,SEWARD
336931,371303,2017500009070001001,32652.942335882478801,,900.000000000000000,,,900.000000000000000,,,,900.000000000000000,,,,900.000000000000000,,,20175,SEWARD
336932,371304,2017500037860005001,22319.585936097260856,900.000000000000000,,,,,,1800.000000000000000,,1800.000000000000000,,,,1800.000000000000000,3136.000000000000000,,20175,SEWARD
336933,371305,2017500038840001002,17780.868847735753661,2700.000000000000000,900.000000000000000,2700.000000000000000,10800.000000000000000,,,9000.000000000000000,2700.000000000000000,,3600.000000000000000,900.000000000000000,,8100.000000000000000,,3136.000000000000000,20175,SEWARD
336934,371306,2017500034420001001,33240.471650986284658,6300.000000000000000,16200.000000000000000,7200.000000000000000,26100.000000000000000,,,900.000000000000000,,,900.000000000000000,,,2700.000000000000000,3136.000000000000000,,20175,SEWARD
336935,371307,2017500041770002004,36549.490271224291064,,,,,,,,,,,,,,,3136.000000000000000,20175,SEWARD
336936,371308,2017500003170002001,35666.321134225952846,3600.000000000000000,,,19800.000000000000000,3600.000000000000000,1800.000000000000000,,1800.000000000000000,1800.000000000000000,2700.000000000000000,,1800.000000000000000,2700.000000000000000,,,20175,SEWARD
336937,371309,2017500001600001001,67127.263619377874420,56700.000000000000000,50400.000000000000000,14400.000000000000000,,900.000000000000000,1800.000000000000000,,,,,,15300.000000000000000,26100.000000000000000,34496.000000000000000,6272.000000000000000,20175,SEWARD
336938,371310,2017500006750001002,481507.203204754798207,211500.000000000000000,33300.000000000000000,8100.000000000000000,2700.000000000000000,900.000000000000000,,,,229500.000000000000000,372600.000000000000000,378000.000000000000000,162000.000000000000000,315000.000000000000000,,,20175,SEWARD
336939,371311,2017500033060010001,31943.468550246361701,18000.000000000000000,18000.000000000000000,2700.000000000000000,6300.000000000000000,9000.000000000000000,900.000000000000000,1800.000000000000000,900.000000000000000,1800.000000000000000,2700.000000000000000,14400.000000000000000,,3600.000000000000000,9408.000000000000000,12544.000000000000000,20175,SEWARD
336940,371312,2017500039500003001,34749.245081603723520,,6300.000000000000000,,4500.000000000000000,,,,1800.000000000000000,,,,5400.000000000000000,,12544.000000000000000,9408.000000000000000,20175,SEWARD
336941,371313,2017500002370002001,33480.857147009628534,,9900.000000000000000,,7200.000000000000000,,900.000000000000000,,,1800.000000000000000,,900.000000000000000,12600.000000000000000,,,,20175,SEWARD
336942,371314,2017500006610001001,480300.373458557587583,5400.000000000000000,,900.000000000000000,2700.000000000000000,,,,,,,,,4500.000000000000000,,,20175,SEWARD
336943,371315,2017500002370002002,26665.493141277358518,,1800.000000000000000,,,,900.000000000000000,,,,,,3600.000000000000000,,12544.000000000000000,,20175,SEWARD
336944,371316,2017500000780001001,503310.931845324696042,489600.000000000000000,322200.000000000000000,491400.000000000000000,495900.000000000000000,495900.000000000000000,492300.000000000000000,490500.000000000000000,492300.000000000000000,486000.000000000000000,499500.000000000000000,21600.000000000000000,,,,,20175,SEWARD
336945,371317,2017500040060009001,39685.908725870001945,4500.000000000000000,5400.000000000000000,,3600.000000000000000,8100.000000000000000,,,2700.000000000000000,,,,,1800.000000000000000,,,20175,SEWARD
336946,371318,2017500002500001001,548657.085059443488717,210600.000000000000000,427500.000000000000000,424800.000000000000000,541800.000000000000000,414000.000000000000000,,,418500.000000000000000,402300.000000000000000,414000.000000000000000,420300.000000000000000,6300.000000000000000,4500.000000000000000,3136.000000000000000,47040.000000000000000,20175,SEWARD
336947,371319,2017500036210004001,36000.676812928948493,3600.000000000000000,,,4500.000000000000000,3600.000000000000000,,,3600.000000000000000,,,,900.000000000000000,4500.000000000000000,18816.000000000000000,,20175,SEWARD
336948,371320,2017500000740002001,85585.118643129593693,1800.000000000000000,5400.000000000000000,900.000000000000000,1800.000000000000000,,,,,1800.000000000000000,,900.000000000000000,1800.000000000000000,900.000000000000000,,,20175,SEWARD
336949,371321,2017500040230005001,29320.672833507051109,900.000000000000000,,,,2700.000000000000000,900.000000000000000,,1800.000000000000000,,1800.000000000000000,1800.000000000000000,7200.000000000000000,6300.000000000000000,9408.000000000000000,12544.000000000000000,20175,SEWARD
336950,371322,2017500042720001001,607539.513186127995141,,,,,,,,,,,,,,,,20175,SEWARD
336951,371323,2017500042940001002,596321.117704802658409,319500.000000000000000,19800.000000000000000,5400.000000000000000,,2700.000000000000000,,,900.000000000000000,,208800.000000000000000,21600.000000000000000,,,,,20175,SEWARD
336952,371324,2017500000810002002,509407.130875415401533,504000.000000000000000,493200.000000000000000,455400.000000000000000,489600.000000000000000,489600.000000000000000,,388800.000000000000000,,479700.000000000000000,1800.000000000000000,502200.000000000000000,462600.000000000000000,486000.000000000000000,473536.000000000000000,435904.000000000000000,20175,SEWARD
336953,371325,2017500005640001001,44044.371262908323843,11700.000000000000000,28800.000000000000000,,,11700.000000000000000,,,1800.000000000000000,,3600.000000000000000,,2700.000000000000000,8100.000000000000000,,,20175,SEWARD
336954,371326,2017500011460002001,673596.710994393564761,374400.000000000000000,35100.000000000000000,143100.000000000000000,86400.000000000000000,654300.000000000000000,646200.000000000000000,557100.000000000000000,653400.000000000000000,,658800.000000000000000,656100.000000000000000,658800.000000000000000,,649152.000000000000000,558208.000000000000000,20175,SEWARD
336955,371327,2017500036390001001,281484.948477578407619,2700.000000000000000,1800.000000000000000,,,2700.000000000000000,,8100.000000000000000,4500.000000000000000,,,114300.000000000000000,900.000000000000000,4500.000000000000000,,,20175,SEWARD
336956,371328,2017500004020001002,29937.937946182501037,15300.000000000000000,20700.000000000000000,9000.000000000000000,16200.000000000000000,,,,,,,1800.000000000000000,,900.000000000000000,,12544.000000000000000,20175,SEWARD
336957,371329,2017500004910003001,556933.526513080811128,5400.000000000000000,7200.000000000000000,553500.000000000000000,557100.000000000000000,557100.000000000000000,554400.000000000000000,551700.000000000000000,556200.000000000000000,557100.000000000000000,556200.000000000000000,554400.000000000000000,526500.000000000000000,554400.000000000000000,508032.000000000000000,551936.000000000000000,20175,SEWARD
336958,371330,2017500002210001001,36730.413423716410762,29700.000000000000000,29700.000000000000000,9000.000000000000000,3600.000000000000000,29700.000000000000000,900.000000000000000,,21600.000000000000000,1800.000000000000000,8100.000000000000000,1800.000000000000000,900.000000000000000,4500.000000000000000,3136.000000000000000,,20175,SEWARD
336959,371331,2017500002210001002,27141.724602791495272,25200.000000000000000,25200.000000000000000,10800.000000000000000,900.000000000000000,22500.000000000000000,,900.000000000000000,10800.000000000000000,4500.000000000000000,5400.000000000000000,2700.000000000000000,1800.000000000000000,9000.000000000000000,3136.000000000000000,,20175,SEWARD
336960,371332,2017500038840008001,516158.827805113221984,500400.000000000000000,900.000000000000000,,499500.000000000000000,498600.000000000000000,,,504900.000000000000000,486900.000000000000000,,,498600.000000000000000,515700.000000000000000,9408.000000000000000,,20175,SEWARD
336961,371333,2017500004990001001,315003.358494850865100,11700.000000000000000,1800.000000000000000,,2700.000000000000000,,,900.000000000000000,,,,,5400.000000000000000,900.000000000000000,,12544.000000000000000,20175,SEWARD
336962,371334,2017500041920001002,33432.812040369724855,22500.000000000000000,29700.000000000000000,24300.000000000000000,19800.000000000000000,1800.000000000000000,,900.000000000000000,1800.000000000000000,,900.000000000000000,3600.000000000000000,15300.000000000000000,1800.000000000000000,37632.000000000000000,37632.000000000000000,20175,SEWARD
336964,371336,2017500038470001001,34180.793749143711466,8100.000000000000000,7200.000000000000000,5400.000000000000000,9900.000000000000000,19800.000000000000000,1800.000000000000000,10800.000000000000000,,10800.000000000000000,,900.000000000000000,900.000000000000000,2700.000000000000000,,,20175,SEWARD
336965,371337,2017500003320003001,507866.253479943377897,66600.000000000000000,54900.000000000000000,477900.000000000000000,36900.000000000000000,464400.000000000000000,354600.000000000000000,900.000000000000000,484200.000000000000000,,472500.000000000000000,900.000000000000000,,14400.000000000000000,366912.000000000000000,,20175,SEWARD
336966,371338,2017500009400001001,314913.525859954766929,42300.000000000000000,245700.000000000000000,,42300.000000000000000,900.000000000000000,,,,,4500.000000000000000,900.000000000000000,,900.000000000000000,,,20175,SEWARD
336967,371339,2017500039000001001,410729.754736187343951,18000.000000000000000,1800.000000000000000,343800.000000000000000,366300.000000000000000,9900.000000000000000,329400.000000000000000,2700.000000000000000,334800.000000000000000,,318600.000000000000000,325800.000000000000000,316800.000000000000000,338400.000000000000000,,,20175,SEWARD
336968,371340,2017500000540003002,34171.737018505322339,900.000000000000000,25200.000000000000000,,,9000.000000000000000,,,,5400.000000000000000,8100.000000000000000,,900.000000000000000,,6272.000000000000000,18816.000000000000000,20175,SEWARD
336969,371341,2017500000260005001,171807.343322269851342,,,,,,,,,,,,,,,,20175,SEWARD
336970,371342,2017500036130001001,492560.155410804203711,2700.000000000000000,485100.000000000000000,,,486900.000000000000000,7200.000000000000000,484200.000000000000000,,463500.000000000000000,20700.000000000000000,476100.000000000000000,,465300.000000000000000,18816.000000000000000,448448.000000000000000,20175,SEWARD
336971,371343,2017500009680001001,497504.150476976996288,7200.000000000000000,496800.000000000000000,492300.000000000000000,495900.000000000000000,3600.000000000000000,495000.000000000000000,486900.000000000000000,491400.000000000000000,20700.000000000000000,482400.000000000000000,13500.000000000000000,495900.000000000000000,496800.000000000000000,479808.000000000000000,34496.000000000000000,20175,SEWARD
336972,371344,2017500008890004001,505705.719431617646478,,,,,,,,,,,7200.000000000000000,,1800.000000000000000,6272.000000000000000,,20175,SEWARD
336973,371345,2017500007300001001,1791205.571550565073267,,,,,,,,,,,2700.000000000000000,,,,,20175,SEWARD
336974,371346,2017500039240002001,249595.935142320871819,,,,,,,,,,,,,,,,20175,SEWARD
336975,371347,2017500042350001001,881759.676912195747718,1800.000000000000000,350100.000000000000000,354600.000000000000000,368100.000000000000000,352800.000000000000000,333900.000000000000000,343800.000000000000000,342900.000000000000000,3600.000000000000000,,661500.000000000000000,,187200.000000000000000,21952.000000000000000,,20175,SEWARD
336976,371348,2017500008720001001,622014.946562220226042,54000.000000000000000,555300.000000000000000,,570600.000000000000000,,,,2700.000000000000000,,3600.000000000000000,2700.000000000000000,,1800.000000000000000,,,20175,SEWARD
336977,371349,2017500035180001001,502979.218954597017728,4500.000000000000000,36900.000000000000000,424800.000000000000000,8100.000000000000000,465300.000000000000000,,,,429300.000000000000000,29700.000000000000000,,473400.000000000000000,,429632.000000000000000,,20175,SEWARD
336978,371350,2017500042500001003,220565.725108521699440,20700.000000000000000,15300.000000000000000,900.000000000000000,,,,,,1800.000000000000000,1800.000000000000000,6300.000000000000000,1800.000000000000000,27000.000000000000000,125440.000000000000000,,20175,SEWARD
336979,371351,2017500039980003001,29582.990663867072726,,,,,900.000000000000000,,,,900.000000000000000,,,,,,,20175,SEWARD
336980,371352,2017500010120001001,502889.826457968971226,504000.000000000000000,5400.000000000000000,488700.000000000000000,900.000000000000000,499500.000000000000000,5400.000000000000000,475200.000000000000000,900.000000000000000,501300.000000000000000,492300.000000000000000,499500.000000000000000,496800.000000000000000,497700.000000000000000,65856.000000000000000,435904.000000000000000,20175,SEWARD
336981,371353,2017500038800001001,38794.820651229303621,5400.000000000000000,36000.000000000000000,7200.000000000000000,36000.000000000000000,3600.000000000000000,3600.000000000000000,900.000000000000000,,,,,900.000000000000000,,,18816.000000000000000,20175,SEWARD
336982,371354,2017500002690001003,31877.030293458861706,6300.000000000000000,28800.000000000000000,3600.000000000000000,5400.000000000000000,,,,,9900.000000000000000,2700.000000000000000,4500.000000000000000,,2700.000000000000000,,3136.000000000000000,20175,SEWARD
336983,371355,2017500004520001001,526562.885816003894433,900.000000000000000,513900.000000000000000,2700.000000000000000,516600.000000000000000,2700.000000000000000,509400.000000000000000,,495000.000000000000000,,504900.000000000000000,,518400.000000000000000,1800.000000000000000,501760.000000000000000,,20175,SEWARD
336984,371356,2017500004360002001,29833.814908095366263,1800.000000000000000,1800.000000000000000,,900.000000000000000,1800.000000000000000,900.000000000000000,,2700.000000000000000,,,4500.000000000000000,2700.000000000000000,4500.000000000000000,9408.000000000000000,21952.000000000000000,20175,SEWARD
336985,371357,2017500042000001001,258042.892556975915795,,,,,900.000000000000000,,,,,900.000000000000000,,,5400.000000000000000,,,20175,SEWARD
336986,371358,2017500035680001001,613285.053364274092019,9000.000000000000000,36900.000000000000000,8100.000000000000000,12600.000000000000000,14400.000000000000000,,6300.000000000000000,3600.000000000000000,6300.000000000000000,7200.000000000000000,,18000.000000000000000,191700.000000000000000,18816.000000000000000,50176.000000000000000,20175,SEWARD
336987,371359,2017500034990001002,47552.388228945754236,6300.000000000000000,22500.000000000000000,18900.000000000000000,39600.000000000000000,7200.000000000000000,900.000000000000000,1800.000000000000000,4500.000000000000000,10800.000000000000000,3600.000000000000000,,2700.000000000000000,3600.000000000000000,,,20175,SEWARD
336988,371360,2017500035650001001,47059.608603861030133,,900.000000000000000,,,,,,900.000000000000000,,,,,,,,20175,SEWARD
336989,371361,2017500041470002001,32677.721614132478862,,1800.000000000000000,1800.000000000000000,,,,,,,,,,,,,20175,SEWARD
336990,371362,2017500010250002002,74525.807012444187421,7200.000000000000000,10800.000000000000000,,18900.000000000000000,12600.000000000000000,,,,900.000000000000000,,,,,,3136.000000000000000,20175,SEWARD
336991,371363,2017500000630003001,67337.833477489446523,,,,,,,,,,,,,,,,20175,SEWARD
336992,371364,2017500009110005001,32190.520947095792508,5400.000000000000000,1800.000000000000000,,6300.000000000000000,7200.000000000000000,6300.000000000000000,2700.000000000000000,1800.000000000000000,4500.000000000000000,7200.000000000000000,13500.000000000000000,8100.000000000000000,7200.000000000000000,,6272.000000000000000,20175,SEWARD
336993,371365,2017500002210001003,504084.742243619868532,504000.000000000000000,504000.000000000000000,498600.000000000000000,9000.000000000000000,499500.000000000000000,495000.000000000000000,900.000000000000000,495000.000000000000000,495900.000000000000000,499500.000000000000000,477000.000000000000000,393300.000000000000000,252900.000000000000000,473536.000000000000000,12544.000000000000000,20175,SEWARD
336994,371366,2017500007580001003,44507.884960697731003,27900.000000000000000,,,,40500.000000000000000,,,1800.000000000000000,39600.000000000000000,,,39600.000000000000000,,31360.000000000000000,,20175,SEWARD
336995,371367,2017500039610001001,501131.516397777537350,499500.000000000000000,5400.000000000000000,498600.000000000000000,900.000000000000000,,491400.000000000000000,,495000.000000000000000,410400.000000000000000,481500.000000000000000,495900.000000000000000,491400.000000000000000,9900.000000000000000,467264.000000000000000,25088.000000000000000,20175,SEWARD
336996,371368,2017500001840001005,28498.935714076309523,9000.000000000000000,27000.000000000000000,900.000000000000000,9000.000000000000000,4500.000000000000000,900.000000000000000,1800.000000000000000,1800.000000000000000,8100.000000000000000,9900.000000000000000,3600.000000000000000,2700.000000000000000,7200.000000000000000,,15680.000000000000000,20175,SEWARD
336997,371369,2017500009390001001,281976.089697686897125,65700.000000000000000,268200.000000000000000,33300.000000000000000,42300.000000000000000,2700.000000000000000,,,,12600.000000000000000,,,900.000000000000000,,,,20175,SEWARD
336998,371370,2017500036940015001,116910.813718515579239,,4500.000000000000000,,900.000000000000000,900.000000000000000,,,,,,,,,,,20175,SEWARD
336999,371371,2017500006240001002,90741.323007698229048,41400.000000000000000,,,,,,,,,,73800.000000000000000,89100.000000000000000,57600.000000000000000,81536.000000000000000,59584.000000000000000,20175,SEWARD
337000,371372,2017500000160013001,30763.275149862922262,,900.000000000000000,,,2700.000000000000000,,2700.000000000000000,,4500.000000000000000,,,1800.000000000000000,4500.000000000000000,6272.000000000000000,15680.000000000000000,20175,SEWARD
337001,371373,2017500007050002001,292947.760033102647867,1800.000000000000000,6300.000000000000000,,,6300.000000000000000,,,2700.000000000000000,,,1800.000000000000000,,,,,20175,SEWARD
337002,371374,2017500033650001001,33696.476673779427074,29700.000000000000000,1800.000000000000000,900.000000000000000,,4500.000000000000000,,,,,1800.000000000000000,2700.000000000000000,900.000000000000000,3600.000000000000000,,,20175,SEWARD
337003,371375,2017500040040001001,18985.076276751362457,900.000000000000000,,,,,,,,,,,,,,,20175,SEWARD
337004,371376,2017500005710001001,331347.602255890495144,76500.000000000000000,68400.000000000000000,5400.000000000000000,292500.000000000000000,16200.000000000000000,,,1800.000000000000000,,,,7200.000000000000000,2700.000000000000000,,,20175,SEWARD
337005,371377,2017500005060001002,22844.797754500210431,1800.000000000000000,10800.000000000000000,900.000000000000000,,4500.000000000000000,900.000000000000000,,1800.000000000000000,,,8100.000000000000000,3600.000000000000000,1800.000000000000000,,,20175,SEWARD
337006,371378,2017500007990001001,500612.723470262484625,9000.000000000000000,495000.000000000000000,14400.000000000000000,483300.000000000000000,11700.000000000000000,486000.000000000000000,472500.000000000000000,43200.000000000000000,488700.000000000000000,484200.000000000000000,486000.000000000000000,478800.000000000000000,483300.000000000000000,448448.000000000000000,476672.000000000000000,20175,SEWARD
337007,371379,2017500005010008001,302535.734755337471142,4500.000000000000000,2700.000000000000000,67500.000000000000000,1800.000000000000000,5400.000000000000000,17100.000000000000000,,18900.000000000000000,,,126000.000000000000000,,,3136.000000000000000,15680.000000000000000,20175,SEWARD
337008,371380,2017500006990016001,130042.022924591234187,16200.000000000000000,18900.000000000000000,11700.000000000000000,13500.000000000000000,14400.000000000000000,900.000000000000000,6300.000000000000000,4500.000000000000000,5400.000000000000000,15300.000000000000000,15300.000000000000000,900.000000000000000,12600.000000000000000,3136.000000000000000,28224.000000000000000,20175,SEWARD
337009,371381,2017500042520001001,417695.028399102739058,,,,,,,,,,,,,,,,20175,SEWARD
337010,371382,2017500041430001001,1986001.788764273049310,1215000.000000000000000,980100.000000000000000,967500.000000000000000,1364400.000000000000000,1331100.000000000000000,1257300.000000000000000,961200.000000000000000,989100.000000000000000,1023300.000000000000000,978300.000000000000000,981900.000000000000000,989100.000000000000000,944100.000000000000000,959616.000000000000000,1003520.000000000000000,20175,SEWARD
337011,371383,2017500003240004001,69432.264919798530173,,900.000000000000000,900.000000000000000,,,,,,,,,,,28224.000000000000000,,20175,SEWARD
337012,371384,2017500007570001001,324892.503604684199672,2700.000000000000000,1800.000000000000000,,900.000000000000000,96300.000000000000000,,,,,,5400.000000000000000,4500.000000000000000,1800.000000000000000,,106624.000000000000000,20175,SEWARD
337013,371385,2017500006640001001,293982.106407843879424,,6300.000000000000000,,,900.000000000000000,,,,,,,,,,,20175,SEWARD
337014,371386,2017500000850001001,317590.999433351098560,144000.000000000000000,,,,,248400.000000000000000,,900.000000000000000,289800.000000000000000,900.000000000000000,,277200.000000000000000,,,225792.000000000000000,20175,SEWARD
337015,371387,2017500005920001001,638989.441741305170581,107100.000000000000000,14400.000000000000000,900.000000000000000,86400.000000000000000,74700.000000000000000,32400.000000000000000,,,,2700.000000000000000,14400.000000000000000,59400.000000000000000,108000.000000000000000,31360.000000000000000,,20175,SEWARD
337016,371388,2017500001440001002,485160.127405934210401,418500.000000000000000,393300.000000000000000,4500.000000000000000,436500.000000000000000,39600.000000000000000,437400.000000000000000,394200.000000000000000,900.000000000000000,428400.000000000000000,441900.000000000000000,900.000000000000000,466200.000000000000000,45900.000000000000000,,426496.000000000000000,20175,SEWARD
337017,371389,2017500036940001001,641892.184722149628215,8100.000000000000000,32400.000000000000000,,8100.000000000000000,1800.000000000000000,,,,,,1800.000000000000000,,900.000000000000000,,,20175,SEWARD
337018,371390,2017500034930002001,35877.268606140096381,,,,,,,,,,,1800.000000000000000,,,,,20175,SEWARD
337019,371391,2017500042850002003,60445.288367329354514,900.000000000000000,900.000000000000000,17100.000000000000000,18000.000000000000000,,,,,,,,10800.000000000000000,900.000000000000000,,18816.000000000000000,20175,SEWARD
337020,371392,2017500039460001001,25945.138968417508295,900.000000000000000,3600.000000000000000,,4500.000000000000000,900.000000000000000,,900.000000000000000,900.000000000000000,900.000000000000000,900.000000000000000,2700.000000000000000,,2700.000000000000000,,,20175,SEWARD
337021,371393,2017500006060001001,435472.159117752686143,152100.000000000000000,201600.000000000000000,900.000000000000000,139500.000000000000000,6300.000000000000000,,,,,900.000000000000000,1800.000000000000000,,4500.000000000000000,,3136.000000000000000,20175,SEWARD
337022,371394,2017500006800001001,823485.111248798435554,40500.000000000000000,125100.000000000000000,,31500.000000000000000,9900.000000000000000,,,,,,,,10800.000000000000000,,,20175,SEWARD
337023,371395,2017500038440001001,171608.753357666020747,7200.000000000000000,3600.000000000000000,,7200.000000000000000,3600.000000000000000,,,,,,,32400.000000000000000,19800.000000000000000,9408.000000000000000,9408.000000000000000,20175,SEWARD
337024,371396,2017500002770001001,32595.991696614932152,6300.000000000000000,,,,5400.000000000000000,,,1800.000000000000000,3600.000000000000000,3600.000000000000000,1800.000000000000000,6300.000000000000000,2700.000000000000000,,9408.000000000000000,20175,SEWARD
337025,371397,2017500008960004001,122463.899870071691112,,,,,,,,,,,,,,,,20175,SEWARD
337027,371399,2017500038930001001,491405.072908657020889,104400.000000000000000,472500.000000000000000,,1800.000000000000000,,479700.000000000000000,,484200.000000000000000,,487800.000000000000000,900.000000000000000,18000.000000000000000,487800.000000000000000,310464.000000000000000,482944.000000000000000,20175,SEWARD
337028,371400,2017500040620002001,14178.614707169566827,3600.000000000000000,2700.000000000000000,,,2700.000000000000000,900.000000000000000,,2700.000000000000000,,1800.000000000000000,6300.000000000000000,2700.000000000000000,1800.000000000000000,,6272.000000000000000,20175,SEWARD
337029,371401,2017500041270005001,35862.380167337294552,,,,,,,,,,900.000000000000000,1800.000000000000000,,,,3136.000000000000000,20175,SEWARD
337030,371402,2017500040990002004,7695.538987385078144,,,,,,,,,,,,,,,,20175,SEWARD
337031,371403,2017500040600002001,48209.997393001896853,2700.000000000000000,,,900.000000000000000,,,,,900.000000000000000,,2700.000000000000000,,900.000000000000000,,,20175,SEWARD
337032,371404,2017500040640001005,43426.937198414787417,,,900.000000000000000,,,,,,2700.000000000000000,,,,,3136.000000000000000,,20175,SEWARD
337033,371405,2017500004580001001,304715.731830933305901,900.000000000000000,900.000000000000000,1800.000000000000000,,,,,,,,,,,,,20175,SEWARD
337034,371406,2017500035950007001,31852.471953259559086,2700.000000000000000,,,900.000000000000000,900.000000000000000,,,,900.000000000000000,,,7200.000000000000000,,,,20175,SEWARD
337035,371407,2017500006100001001,308839.025622164539527,,12600.000000000000000,900.000000000000000,21600.000000000000000,6300.000000000000000,2700.000000000000000,17100.000000000000000,1800.000000000000000,3600.000000000000000,,22500.000000000000000,,,,,20175,SEWARD
337036,371408,2017500000410001001,633353.386891578789800,281700.000000000000000,236700.000000000000000,9900.000000000000000,190800.000000000000000,78300.000000000000000,50400.000000000000000,3600.000000000000000,13500.000000000000000,7200.000000000000000,3600.000000000000000,234900.000000000000000,3600.000000000000000,4500.000000000000000,,,20175,SEWARD
337037,371409,2017500002800002001,633376.648014257196337,,494100.000000000000000,481500.000000000000000,2700.000000000000000,,486900.000000000000000,,,5400.000000000000000,6300.000000000000000,1800.000000000000000,,21600.000000000000000,,12544.000000000000000,20175,SEWARD
337039,371411,2017500003630002001,136894.073737130063819,,,900.000000000000000,,,,,2700.000000000000000,,900.000000000000000,1800.000000000000000,6300.000000000000000,6300.000000000000000,12544.000000000000000,6272.000000000000000,20175,SEWARD
337040,371412,2017500009010003001,91130.293632570188493,,2700.000000000000000,,,1800.000000000000000,,,,,,,,,,,20175,SEWARD
337041,371413,2017500006220001001,1210645.748577773338184,140400.000000000000000,7200.000000000000000,,4500.000000000000000,,,,,,900.000000000000000,,1800.000000000000000,,,,20175,SEWARD
337042,371414,2017500034950002001,156704.688635491125751,,,,,,,,,,900.000000000000000,,,,,,20175,SEWARD
337043,371415,2017500041440001001,126079.228196919721086,6300.000000000000000,6300.000000000000000,,3600.000000000000000,,,,,,,6300.000000000000000,,8100.000000000000000,,,20175,SEWARD
337045,371417,2017500000900001001,481318.222720529884100,,,,,,,,,,,,,,,,20175,SEWARD
337046,371418,2017500036120013001,31260.412803919964063,900.000000000000000,3600.000000000000000,,900.000000000000000,2700.000000000000000,900.000000000000000,,1800.000000000000000,,,,3600.000000000000000,,,,20175,SEWARD
337047,371419,2017500039890010001,27076.951475584493892,5400.000000000000000,7200.000000000000000,3600.000000000000000,6300.000000000000000,6300.000000000000000,4500.000000000000000,1800.000000000000000,,1800.000000000000000,9000.000000000000000,7200.000000000000000,7200.000000000000000,3600.000000000000000,,,20175,SEWARD
337048,371420,2017500009740001001,644507.542283134185709,614700.000000000000000,,,13500.000000000000000,,,1800.000000000000000,4500.000000000000000,,,900.000000000000000,,900.000000000000000,3136.000000000000000,,20175,SEWARD
337049,371421,2017500041320004001,527895.747285408084281,,1800.000000000000000,,514800.000000000000000,,517500.000000000000000,,,524700.000000000000000,,,,526500.000000000000000,,,20175,SEWARD
337050,371422,2017500040990002005,9072.514668555462777,,2700.000000000000000,,900.000000000000000,,,,,,,,,,,,20175,SEWARD
337051,371423,2017500039270001001,5437.356358302715307,,,,,,,,,,,,,,,,20175,SEWARD
337052,371424,2017500036940013001,112717.311321611123276,,,,,,,,,,,,2700.000000000000000,,,,20175,SEWARD
337053,371425,2017500006010001001,600229.244782110909000,56700.000000000000000,36000.000000000000000,,,511200.000000000000000,1800.000000000000000,,,,900.000000000000000,,,6300.000000000000000,,,20175,SEWARD
337054,371426,2017500010250001003,84416.642189016609336,,900.000000000000000,,,12600.000000000000000,,,,,900.000000000000000,,,,,,20175,SEWARD
337055,371427,2017500039500002001,32246.404251880976517,,1800.000000000000000,,900.000000000000000,900.000000000000000,,1800.000000000000000,,900.000000000000000,,,2700.000000000000000,,,,20175,SEWARD
337056,371428,2017500002530003001,316150.358628218818922,77400.000000000000000,311400.000000000000000,13500.000000000000000,309600.000000000000000,295200.000000000000000,4500.000000000000000,27900.000000000000000,,272700.000000000000000,263700.000000000000000,300600.000000000000000,263700.000000000000000,297000.000000000000000,269696.000000000000000,,20175,SEWARD
337057,371429,2017500003140001001,234037.609569090302102,,,,3600.000000000000000,,,,,,,,,,,,20175,SEWARD
337058,371430,2017500008230003001,32167.178212628401525,,1800.000000000000000,,900.000000000000000,,900.000000000000000,2700.000000000000000,2700.000000000000000,1800.000000000000000,7200.000000000000000,2700.000000000000000,6300.000000000000000,1800.000000000000000,3136.000000000000000,,20175,SEWARD
337059,371431,2017500040990003003,6614.350165539929549,,900.000000000000000,,,,,,,,,,,,,,20175,SEWARD
337060,371432,2017500006800001002,434425.817213668662589,,86400.000000000000000,2700.000000000000000,7200.000000000000000,46800.000000000000000,,,,,,900.000000000000000,4500.000000000000000,,,,20175,SEWARD
337061,371433,2017500009370004001,31880.586871436633373,1800.000000000000000,900.000000000000000,,,1800.000000000000000,900.000000000000000,,3600.000000000000000,2700.000000000000000,900.000000000000000,3600.000000000000000,1800.000000000000000,900.000000000000000,,,20175,SEWARD
337062,371434,2017500002810002003,29857.158170914950460,25200.000000000000000,25200.000000000000000,,26100.000000000000000,24300.000000000000000,900.000000000000000,,,1800.000000000000000,900.000000000000000,2700.000000000000000,26100.000000000000000,2700.000000000000000,21952.000000000000000,9408.000000000000000,20175,SEWARD
337063,371435,2017500009100001001,299010.899692321429029,45900.000000000000000,1800.000000000000000,7200.000000000000000,1800.000000000000000,54000.000000000000000,4500.000000000000000,900.000000000000000,1800.000000000000000,900.000000000000000,900.000000000000000,,,6300.000000000000000,9408.000000000000000,3136.000000000000000,20175,SEWARD
337064,371436,2017500040490001003,32782.600672833897988,,,,,,,,,2700.000000000000000,,900.000000000000000,,,,,20175,SEWARD
337065,371437,2017500005650002001,99492.610938074940350,1800.000000000000000,15300.000000000000000,2700.000000000000000,5400.000000000000000,25200.000000000000000,,13500.000000000000000,9900.000000000000000,2700.000000000000000,16200.000000000000000,1800.000000000000000,24300.000000000000000,,9408.000000000000000,,20175,SEWARD
337066,371438,2017500040740010001,26809.578122689421434,,,,,,,,900.000000000000000,,,,,,,,20175,SEWARD
337067,371439,2017500042850002004,5456.640714546612799,,,,,,,,,,,,,4500.000000000000000,,,20175,SEWARD
337068,371440,2017500000220009002,27277.422317566633865,24300.000000000000000,,,,,,,,6300.000000000000000,7200.000000000000000,,,2700.000000000000000,,3136.000000000000000,20175,SEWARD
337069,371441,2017500010120008001,28329.469834351213649,8100.000000000000000,13500.000000000000000,900.000000000000000,900.000000000000000,2700.000000000000000,,,,4500.000000000000000,,7200.000000000000000,1800.000000000000000,3600.000000000000000,,,20175,SEWARD
337070,371442,2017500008840001001,636364.346569074317813,1800.000000000000000,900.000000000000000,,,,,,,,,,900.000000000000000,,,,20175,SEWARD
337071,371443,2017500002200011001,625806.645919841364957,,900.000000000000000,900.000000000000000,,,2700.000000000000000,,2700.000000000000000,2700.000000000000000,,6300.000000000000000,900.000000000000000,3600.000000000000000,,,20175,SEWARD
337072,371444,2017500040630001001,1277078.281862257979810,365400.000000000000000,1119600.000000000000000,163800.000000000000000,4500.000000000000000,1800.000000000000000,13500.000000000000000,,6300.000000000000000,,,1800.000000000000000,,7200.000000000000000,6272.000000000000000,3136.000000000000000,20175,SEWARD
337073,371445,2017500002810002004,34020.168504697910976,28800.000000000000000,31500.000000000000000,,27900.000000000000000,27000.000000000000000,2700.000000000000000,,,27000.000000000000000,4500.000000000000000,22500.000000000000000,27000.000000000000000,3600.000000000000000,34496.000000000000000,25088.000000000000000,20175,SEWARD
337074,371446,2017500009260001001,503218.889072219317313,,495000.000000000000000,1800.000000000000000,162000.000000000000000,,,,487800.000000000000000,,63900.000000000000000,490500.000000000000000,491400.000000000000000,487800.000000000000000,489216.000000000000000,454720.000000000000000,20175,SEWARD
337075,371447,2017500009050001002,26115.388354689181142,5400.000000000000000,7200.000000000000000,,2700.000000000000000,900.000000000000000,3600.000000000000000,,3600.000000000000000,,2700.000000000000000,12600.000000000000000,6300.000000000000000,3600.000000000000000,3136.000000000000000,3136.000000000000000,20175,SEWARD
337076,371448,2017500041620001002,28595.157998506820149,,,,,,,,,,,,5400.000000000000000,900.000000000000000,9408.000000000000000,3136.000000000000000,20175,SEWARD
337077,371449,2017500000840001003,36466.175026514363708,,4500.000000000000000,2700.000000000000000,10800.000000000000000,,,,,2700.000000000000000,3600.000000000000000,,,,,15680.000000000000000,20175,SEWARD
337078,371450,2017500004230001001,119964.138061009711237,86400.000000000000000,1800.000000000000000,1800.000000000000000,70200.000000000000000,900.000000000000000,2700.000000000000000,,900.000000000000000,900.000000000000000,,8100.000000000000000,1800.000000000000000,2700.000000000000000,3136.000000000000000,,20175,SEWARD
337079,371451,2017500009220007002,31937.595776384951023,1800.000000000000000,,,29700.000000000000000,,,,,,900.000000000000000,,,,,,20175,SEWARD
337080,371452,2017500041070001004,9475.929868111437827,,,,,,,,,,,,,,,,20175,SEWARD
337081,371453,2017500035130001002,35388.581369763021939,2700.000000000000000,900.000000000000000,,9000.000000000000000,13500.000000000000000,900.000000000000000,900.000000000000000,,,1800.000000000000000,3600.000000000000000,2700.000000000000000,2700.000000000000000,3136.000000000000000,,20175,SEWARD
337082,371454,2017500041010001002,696419.098180230357684,2700.000000000000000,684000.000000000000000,,,1800.000000000000000,,,,,,11700.000000000000000,8100.000000000000000,3600.000000000000000,,18816.000000000000000,20175,SEWARD
337083,371455,2017500005570001001,287093.363449193304405,900.000000000000000,900.000000000000000,,900.000000000000000,2700.000000000000000,,,,,3600.000000000000000,,15300.000000000000000,74700.000000000000000,,,20175,SEWARD
337084,371456,2017500040350002001,1289432.920344663085416,9900.000000000000000,9900.000000000000000,,6300.000000000000000,,,,,900.000000000000000,,,,,,,20175,SEWARD
337085,371457,2017500034420001002,29815.900043767098396,7200.000000000000000,5400.000000000000000,9900.000000000000000,12600.000000000000000,,,,,,900.000000000000000,,,1800.000000000000000,,,20175,SEWARD
337086,371458,2017500002580001001,29122.199466642487096,1800.000000000000000,,,,2700.000000000000000,,,,9000.000000000000000,,1800.000000000000000,3600.000000000000000,1800.000000000000000,,,20175,SEWARD
337087,371459,2017500000940007001,52666.257007973552390,1800.000000000000000,,900.000000000000000,,,,,,2700.000000000000000,3600.000000000000000,,,1800.000000000000000,,,20175,SEWARD
337088,371460,2017500000090001002,7806.374141137582228,,,,,,,,,,,,,,,,20175,SEWARD
337089,371461,2017500006370002001,531845.342517614015378,514800.000000000000000,316800.000000000000000,216900.000000000000000,13500.000000000000000,519300.000000000000000,512100.000000000000000,513900.000000000000000,514800.000000000000000,514800.000000000000000,517500.000000000000000,495000.000000000000000,527400.000000000000000,239400.000000000000000,,,20175,SEWARD
337090,371462,2017500039570009001,25232.478742047627748,3600.000000000000000,1800.000000000000000,,2700.000000000000000,1800.000000000000000,6300.000000000000000,2700.000000000000000,4500.000000000000000,,4500.000000000000000,12600.000000000000000,9000.000000000000000,12600.000000000000000,,18816.000000000000000,20175,SEWARD
337091,371463,2017500006950003001,26689.571821420388005,,,,,,,,,,,,,,,,20175,SEWARD
337092,371464,2017500009750001001,636291.024914591573179,621000.000000000000000,,,10800.000000000000000,3600.000000000000000,,11700.000000000000000,,2700.000000000000000,,,5400.000000000000000,1800.000000000000000,,9408.000000000000000,20175,SEWARD
337093,371465,2017500035570001001,629012.957421902916394,493200.000000000000000,5400.000000000000000,900.000000000000000,1800.000000000000000,467100.000000000000000,,,36900.000000000000000,234000.000000000000000,425700.000000000000000,5400.000000000000000,505800.000000000000000,532800.000000000000000,6272.000000000000000,12544.000000000000000,20175,SEWARD
337094,371466,2017500001540001005,77158.535919647591072,31500.000000000000000,,3600.000000000000000,72000.000000000000000,2700.000000000000000,1800.000000000000000,,,7200.000000000000000,1800.000000000000000,4500.000000000000000,18000.000000000000000,7200.000000000000000,3136.000000000000000,6272.000000000000000,20175,SEWARD
337095,371467,2017500009240001002,62837.713028496196785,1800.000000000000000,,,900.000000000000000,3600.000000000000000,4500.000000000000000,,,,2700.000000000000000,6300.000000000000000,,1800.000000000000000,,,20175,SEWARD
337096,371468,2017500006760001001,409380.751177791971713,1800.000000000000000,336600.000000000000000,391500.000000000000000,,,326700.000000000000000,,,900.000000000000000,900.000000000000000,3600.000000000000000,384300.000000000000000,7200.000000000000000,6272.000000000000000,90944.000000000000000,20175,SEWARD
337097,371469,2017500034810001001,220915.623729845101479,162900.000000000000000,200700.000000000000000,158400.000000000000000,170100.000000000000000,158400.000000000000000,151200.000000000000000,84600.000000000000000,152100.000000000000000,148500.000000000000000,142200.000000000000000,,,,,,20175,SEWARD
337098,371470,2017500033300004001,31135.359111448546173,,,,,,,,,2700.000000000000000,,4500.000000000000000,,6300.000000000000000,,3136.000000000000000,20175,SEWARD
337099,371471,2017500001600001002,29126.599837052133807,17100.000000000000000,20700.000000000000000,2700.000000000000000,900.000000000000000,5400.000000000000000,,,1800.000000000000000,,,,900.000000000000000,6300.000000000000000,9408.000000000000000,9408.000000000000000,20175,SEWARD
337100,371472,2017500005710001002,317848.174134455213789,136800.000000000000000,47700.000000000000000,,280800.000000000000000,36000.000000000000000,,,5400.000000000000000,6300.000000000000000,,9900.000000000000000,5400.000000000000000,5400.000000000000000,,12544.000000000000000,20175,SEWARD
337101,371473,2017500000810001001,29495.293163654860109,1800.000000000000000,18900.000000000000000,14400.000000000000000,16200.000000000000000,5400.000000000000000,,,,,900.000000000000000,14400.000000000000000,12600.000000000000000,,,12544.000000000000000,20175,SEWARD
337102,371474,2017500035200001001,507997.318697684328072,494100.000000000000000,494100.000000000000000,495900.000000000000000,501300.000000000000000,499500.000000000000000,498600.000000000000000,475200.000000000000000,485100.000000000000000,495900.000000000000000,491400.000000000000000,492300.000000000000000,486000.000000000000000,491400.000000000000000,489216.000000000000000,454720.000000000000000,20175,SEWARD
337103,371475,2017500000220006001,66277.863196034115390,,,,,4500.000000000000000,2700.000000000000000,,,,900.000000000000000,,3600.000000000000000,2700.000000000000000,,,20175,SEWARD
337104,371476,2017500007400002001,35630.564560714177787,,1800.000000000000000,1800.000000000000000,5400.000000000000000,,,,900.000000000000000,,900.000000000000000,,2700.000000000000000,,,6272.000000000000000,20175,SEWARD
337105,371477,2017500041330004001,26607.951068173602835,,900.000000000000000,,6300.000000000000000,,4500.000000000000000,,,8100.000000000000000,,,,9000.000000000000000,,,20175,SEWARD
337106,371478,2017500000750002001,93542.236844219907653,,,,,,,,,,,,900.000000000000000,900.000000000000000,,,20175,SEWARD
337107,371479,2017500038740004001,30507.854648679316597,3600.000000000000000,3600.000000000000000,900.000000000000000,900.000000000000000,,,,900.000000000000000,,900.000000000000000,,900.000000000000000,,,,20175,SEWARD
337108,371480,2017500005460001001,507951.710110586893279,474300.000000000000000,900.000000000000000,9900.000000000000000,27900.000000000000000,43200.000000000000000,,,900.000000000000000,,5400.000000000000000,900.000000000000000,3600.000000000000000,36000.000000000000000,,,20175,SEWARD
337110,371482,2017500042940001003,489902.850124704767950,257400.000000000000000,,,,,,900.000000000000000,,,,,,,,,20175,SEWARD
337111,371483,2017500003450001003,515555.735162311233580,504900.000000000000000,,,513000.000000000000000,504000.000000000000000,486000.000000000000000,1800.000000000000000,507600.000000000000000,243900.000000000000000,,253800.000000000000000,498600.000000000000000,,501760.000000000000000,40768.000000000000000,20175,SEWARD
337112,371484,2017500035940002001,9296.341765089895489,,,,900.000000000000000,,,,,,,,,,3136.000000000000000,,20175,SEWARD
337113,371485,2017500000970001003,32032.888142448413419,900.000000000000000,900.000000000000000,,7200.000000000000000,900.000000000000000,8100.000000000000000,,,900.000000000000000,,,,,3136.000000000000000,,20175,SEWARD
337114,371486,2017500035950004001,54864.033178884783410,3600.000000000000000,900.000000000000000,900.000000000000000,3600.000000000000000,900.000000000000000,900.000000000000000,900.000000000000000,4500.000000000000000,,4500.000000000000000,,1800.000000000000000,,,,20175,SEWARD
337115,371487,2017500038500001001,197702.914394483348588,1800.000000000000000,3600.000000000000000,,,,,,,900.000000000000000,2700.000000000000000,,,900.000000000000000,,,20175,SEWARD
337116,371488,2017500039100002001,226026.516293983848300,,,,,,,,,,,900.000000000000000,900.000000000000000,900.000000000000000,,25088.000000000000000,20175,SEWARD
337117,371489,2017500002570001001,1280560.104123226366937,1263600.000000000000000,1238400.000000000000000,,,3600.000000000000000,,,8100.000000000000000,,,38700.000000000000000,,37800.000000000000000,128576.000000000000000,25088.000000000000000,20175,SEWARD
337118,371490,2017500034830001001,509209.545328693930060,12600.000000000000000,,1800.000000000000000,17100.000000000000000,900.000000000000000,1800.000000000000000,17100.000000000000000,270900.000000000000000,,179100.000000000000000,1800.000000000000000,87300.000000000000000,1800.000000000000000,,,20175,SEWARD
337119,371491,2017500004350001001,313151.839138503302820,17100.000000000000000,,,,,,900.000000000000000,,,,,,,,,20175,SEWARD
337120,371492,2017500042460003001,534839.417403739644215,508500.000000000000000,513900.000000000000000,6300.000000000000000,497700.000000000000000,10800.000000000000000,11700.000000000000000,496800.000000000000000,8100.000000000000000,502200.000000000000000,7200.000000000000000,502200.000000000000000,521100.000000000000000,6300.000000000000000,3136.000000000000000,482944.000000000000000,20175,SEWARD
337121,371493,2017500039770004001,120762.751990530785406,11700.000000000000000,7200.000000000000000,15300.000000000000000,2700.000000000000000,1800.000000000000000,,2700.000000000000000,,,,19800.000000000000000,9000.000000000000000,,,15680.000000000000000,20175,SEWARD
337122,371494,2017500011460008001,522395.212012299743947,48600.000000000000000,86400.000000000000000,1800.000000000000000,505800.000000000000000,1800.000000000000000,486900.000000000000000,495900.000000000000000,2700.000000000000000,506700.000000000000000,516600.000000000000000,498600.000000000000000,511200.000000000000000,,486080.000000000000000,,20175,SEWARD
337123,371495,2017500003180001001,508859.355707185401116,504900.000000000000000,,,244800.000000000000000,2700.000000000000000,900.000000000000000,,,235800.000000000000000,279900.000000000000000,57600.000000000000000,505800.000000000000000,6300.000000000000000,,486080.000000000000000,20175,SEWARD
337124,371496,2017500042080001002,32510.717286641840474,,2700.000000000000000,6300.000000000000000,,,,,,,,,,3600.000000000000000,,9408.000000000000000,20175,SEWARD
337125,371497,2017500039800006001,515723.230711102369241,3600.000000000000000,,900.000000000000000,,,,490500.000000000000000,499500.000000000000000,501300.000000000000000,498600.000000000000000,506700.000000000000000,508500.000000000000000,494100.000000000000000,,3136.000000000000000,20175,SEWARD
337126,371498,2017500009800001002,68353.479941527912160,1800.000000000000000,48600.000000000000000,2700.000000000000000,900.000000000000000,,2700.000000000000000,,,,,,,1800.000000000000000,,,20175,SEWARD
337127,371499,2017500000990001001,266495.669844690535683,3600.000000000000000,7200.000000000000000,,,,,,,,,217800.000000000000000,,,,,20175,SEWARD
337128,371500,2017500035130001003,31818.560018607731763,,,,,,,,,,3600.000000000000000,5400.000000000000000,,,12544.000000000000000,6272.000000000000000,20175,SEWARD
337129,371501,2017500003270001001,20194.838577291666297,,6300.000000000000000,9900.000000000000000,,,,,,21600.000000000000000,21600.000000000000000,,,,3136.000000000000000,12544.000000000000000,20175,SEWARD
337130,371502,2017500041510003001,30524.753185387355188,900.000000000000000,1800.000000000000000,,,900.000000000000000,900.000000000000000,900.000000000000000,,,,6300.000000000000000,4500.000000000000000,3600.000000000000000,3136.000000000000000,15680.000000000000000,20175,SEWARD
337131,371503,2017500040460002001,34166.099051125413098,900.000000000000000,,,,900.000000000000000,,,1800.000000000000000,1800.000000000000000,4500.000000000000000,900.000000000000000,900.000000000000000,1800.000000000000000,,3136.000000000000000,20175,SEWARD
337133,371505,2017500041310005001,26435.080347839924798,1800.000000000000000,,900.000000000000000,1800.000000000000000,,,,,,,7200.000000000000000,1800.000000000000000,,,3136.000000000000000,20175,SEWARD
337134,371506,2017500033200001002,726820.867192701785825,240300.000000000000000,640800.000000000000000,236700.000000000000000,480600.000000000000000,241200.000000000000000,443700.000000000000000,229500.000000000000000,468900.000000000000000,247500.000000000000000,466200.000000000000000,692100.000000000000000,672300.000000000000000,506700.000000000000000,658560.000000000000000,464128.000000000000000,20175,SEWARD
337135,371507,2017500009890002001,32362.067193590119132,900.000000000000000,,,,,900.000000000000000,,,,1800.000000000000000,1800.000000000000000,1800.000000000000000,1800.000000000000000,3136.000000000000000,,20175,SEWARD
337136,371508,2017500039510001001,501628.924436488072388,,496800.000000000000000,,499500.000000000000000,2700.000000000000000,,478800.000000000000000,,490500.000000000000000,166500.000000000000000,,14400.000000000000000,,445312.000000000000000,15680.000000000000000,20175,SEWARD
337137,371509,2017500000420002001,30651.040436573632178,5400.000000000000000,4500.000000000000000,2700.000000000000000,5400.000000000000000,4500.000000000000000,1800.000000000000000,6300.000000000000000,3600.000000000000000,6300.000000000000000,3600.000000000000000,9000.000000000000000,,8100.000000000000000,3136.000000000000000,,20175,SEWARD
337138,371510,2017500003240005006,507531.184787580161355,,,,,900.000000000000000,900.000000000000000,,,227700.000000000000000,281700.000000000000000,33300.000000000000000,,2700.000000000000000,6272.000000000000000,,20175,SEWARD
337139,371511,2017500037510001001,641899.589160702540539,,900.000000000000000,,,,,,,2700.000000000000000,,4500.000000000000000,9000.000000000000000,10800.000000000000000,,6272.000000000000000,20175,SEWARD
337140,371512,2017500003790001001,306585.675908456149045,171900.000000000000000,,,,,,,,2700.000000000000000,,3600.000000000000000,,,,,20175,SEWARD
337141,371513,2017500001150001001,498935.123386027640663,495900.000000000000000,5400.000000000000000,478800.000000000000000,14400.000000000000000,495900.000000000000000,492300.000000000000000,234900.000000000000000,487800.000000000000000,486000.000000000000000,494100.000000000000000,482400.000000000000000,491400.000000000000000,490500.000000000000000,464128.000000000000000,457856.000000000000000,20175,SEWARD
337142,371514,2017500004250010001,26854.381677428111288,2700.000000000000000,1800.000000000000000,1800.000000000000000,,900.000000000000000,1800.000000000000000,900.000000000000000,900.000000000000000,900.000000000000000,900.000000000000000,3600.000000000000000,1800.000000000000000,,3136.000000000000000,,20175,SEWARD
337143,371515,2017500035680003001,847766.462797428248450,63900.000000000000000,2700.000000000000000,,27000.000000000000000,,,8100.000000000000000,,,1800.000000000000000,6300.000000000000000,,332100.000000000000000,12544.000000000000000,,20175,SEWARD
337144,371516,2017500001140001001,93421.152772860659752,90900.000000000000000,90900.000000000000000,6300.000000000000000,,,,,,900.000000000000000,,7200.000000000000000,,,,9408.000000000000000,20175,SEWARD
337145,371517,2017500004460001001,85324.920934380250401,39600.000000000000000,42300.000000000000000,41400.000000000000000,38700.000000000000000,41400.000000000000000,36900.000000000000000,36900.000000000000000,39600.000000000000000,29700.000000000000000,,,3600.000000000000000,,,21952.000000000000000,20175,SEWARD
337146,371518,2017500000620001001,303663.289442556328140,,,,,,,,,,,,,,,,20175,SEWARD
337147,371519,2017500004340001004,10660.541484818400932,,,,,,,,,4500.000000000000000,,1800.000000000000000,900.000000000000000,3600.000000000000000,3136.000000000000000,,20175,SEWARD
337148,371520,2017500008510001001,311036.325651427556295,,900.000000000000000,2700.000000000000000,,,,,,900.000000000000000,,900.000000000000000,,900.000000000000000,,6272.000000000000000,20175,SEWARD
337149,371521,2017500004270002002,31973.515942748872476,1800.000000000000000,10800.000000000000000,,9900.000000000000000,10800.000000000000000,11700.000000000000000,1800.000000000000000,3600.000000000000000,,4500.000000000000000,,2700.000000000000000,900.000000000000000,,,20175,SEWARD
337150,371522,2017500039570018001,505134.427814244816545,498600.000000000000000,501300.000000000000000,22500.000000000000000,503100.000000000000000,44100.000000000000000,497700.000000000000000,494100.000000000000000,40500.000000000000000,494100.000000000000000,6300.000000000000000,470700.000000000000000,479700.000000000000000,490500.000000000000000,479808.000000000000000,442176.000000000000000,20175,SEWARD
337151,371523,2017500002680001001,106930.778034399583703,2700.000000000000000,,,,1800.000000000000000,,,,8100.000000000000000,,2700.000000000000000,,4500.000000000000000,,,20175,SEWARD
337152,371524,2017500002950001003,37623.952153032696515,900.000000000000000,3600.000000000000000,27900.000000000000000,,,5400.000000000000000,,2700.000000000000000,,1800.000000000000000,,1800.000000000000000,1800.000000000000000,,,20175,SEWARD
337153,371525,2017500003170009001,25211.288866330789460,6300.000000000000000,,900.000000000000000,2700.000000000000000,,,1800.000000000000000,,8100.000000000000000,,4500.000000000000000,7200.000000000000000,,3136.000000000000000,,20175,SEWARD
337154,371526,2017500007440002002,856780.774838510551490,795600.000000000000000,453600.000000000000000,,9000.000000000000000,1800.000000000000000,,7200.000000000000000,5400.000000000000000,,784800.000000000000000,763200.000000000000000,806400.000000000000000,774900.000000000000000,743232.000000000000000,652288.000000000000000,20175,SEWARD
337155,371527,2017500001470007001,28944.613196956233878,,,,,,,,,900.000000000000000,,,900.000000000000000,900.000000000000000,,,20175,SEWARD
337156,371528,2017500009690003001,26701.349410074813932,900.000000000000000,,1800.000000000000000,2700.000000000000000,,,,,,,900.000000000000000,,,,3136.000000000000000,20175,SEWARD
337157,371529,2017500001470003001,25685.647331381522235,,,,,,,,,,,,,,,,20175,SEWARD
337158,371530,2017500008080001001,373780.319714787241537,900.000000000000000,,,900.000000000000000,,,,,,,,,,,,20175,SEWARD
337159,371531,2017500004330001001,205542.328967007051688,199800.000000000000000,6300.000000000000000,189000.000000000000000,12600.000000000000000,,190800.000000000000000,,,193500.000000000000000,153900.000000000000000,,189000.000000000000000,4500.000000000000000,6272.000000000000000,,20175,SEWARD
337160,371532,2017500039920001001,1000415.240278439712711,996300.000000000000000,511200.000000000000000,490500.000000000000000,992700.000000000000000,994500.000000000000000,978300.000000000000000,985500.000000000000000,981900.000000000000000,491400.000000000000000,990000.000000000000000,983700.000000000000000,988200.000000000000000,988200.000000000000000,856128.000000000000000,232064.000000000000000,20175,SEWARD
337161,371533,2017500001150013001,72201.574621927531553,6300.000000000000000,2700.000000000000000,900.000000000000000,3600.000000000000000,9000.000000000000000,6300.000000000000000,2700.000000000000000,4500.000000000000000,9000.000000000000000,8100.000000000000000,4500.000000000000000,18000.000000000000000,16200.000000000000000,15680.000000000000000,21952.000000000000000,20175,SEWARD
337162,371534,2017500002250004001,28621.452475576825236,3600.000000000000000,3600.000000000000000,,900.000000000000000,,4500.000000000000000,,1800.000000000000000,,2700.000000000000000,,4500.000000000000000,,3136.000000000000000,,20175,SEWARD
337163,371535,2017500003800001001,520321.471935907553416,,509400.000000000000000,900.000000000000000,511200.000000000000000,,495000.000000000000000,,497700.000000000000000,,480600.000000000000000,37800.000000000000000,514800.000000000000000,900.000000000000000,489216.000000000000000,3136.000000000000000,20175,SEWARD
337164,371536,2017500003700002001,113164.575505229484406,,,,,,,,,,,,,,,,20175,SEWARD
337165,371537,2017500010110002003,18956.252042008378339,9000.000000000000000,2700.000000000000000,,,6300.000000000000000,2700.000000000000000,1800.000000000000000,1800.000000000000000,4500.000000000000000,5400.000000000000000,1800.000000000000000,5400.000000000000000,5400.000000000000000,,,20175,SEWARD
337166,371538,2017500034120001002,22187.994828732331371,900.000000000000000,2700.000000000000000,4500.000000000000000,2700.000000000000000,1800.000000000000000,1800.000000000000000,,,3600.000000000000000,5400.000000000000000,5400.000000000000000,11700.000000000000000,5400.000000000000000,,6272.000000000000000,20175,SEWARD
337167,371539,2017500041000001003,78391.307951883718488,,4500.000000000000000,,,900.000000000000000,,,,,,,,,,,20175,SEWARD
337168,371540,2017500002040001002,340343.467346279474441,5400.000000000000000,900.000000000000000,,38700.000000000000000,1800.000000000000000,,,4500.000000000000000,900.000000000000000,,24300.000000000000000,,,3136.000000000000000,,20175,SEWARD
337169,371541,2017500011460003003,1117138.135547119425610,1098900.000000000000000,1107000.000000000000000,1071900.000000000000000,1089900.000000000000000,1098900.000000000000000,1067400.000000000000000,923400.000000000000000,1104300.000000000000000,1098900.000000000000000,1107000.000000000000000,,1097100.000000000000000,1097100.000000000000000,1025472.000000000000000,1038016.000000000000000,20175,SEWARD
337170,371542,2017500041900002001,79095.923785937251523,2700.000000000000000,,,,,,,,,,,,,,9408.000000000000000,20175,SEWARD
337171,371543,2017500008830001001,324687.336804578197189,248400.000000000000000,288000.000000000000000,51300.000000000000000,133200.000000000000000,3600.000000000000000,,,,,,,,,,,20175,SEWARD
337172,371544,2017500007440004001,567389.610320240608416,7200.000000000000000,466200.000000000000000,1800.000000000000000,531900.000000000000000,540000.000000000000000,525600.000000000000000,500400.000000000000000,524700.000000000000000,522900.000000000000000,488700.000000000000000,536400.000000000000000,546300.000000000000000,525600.000000000000000,423360.000000000000000,501760.000000000000000,20175,SEWARD
337173,371545,2017500035080001001,24116.991339410611545,3600.000000000000000,900.000000000000000,7200.000000000000000,24300.000000000000000,,,,,,,4500.000000000000000,,2700.000000000000000,3136.000000000000000,3136.000000000000000,20175,SEWARD
337174,371546,2017500003780001002,21615.720095810491330,,4500.000000000000000,,,,,,,6300.000000000000000,,2700.000000000000000,4500.000000000000000,2700.000000000000000,,9408.000000000000000,20175,SEWARD
337175,371547,2017500003200014001,18241.722742862268205,,2700.000000000000000,,,,,,,,,,,,,,20175,SEWARD
337176,371548,2017500003380004001,234630.982020942698000,17100.000000000000000,16200.000000000000000,3600.000000000000000,9900.000000000000000,900.000000000000000,3600.000000000000000,900.000000000000000,,,900.000000000000000,2700.000000000000000,18000.000000000000000,,,,20175,SEWARD
337177,371549,2017500036140001002,1558411.423293510451913,18000.000000000000000,1545300.000000000000000,1497600.000000000000000,1502100.000000000000000,1392300.000000000000000,1190700.000000000000000,1162800.000000000000000,4500.000000000000000,1011600.000000000000000,1514700.000000000000000,1510200.000000000000000,1430100.000000000000000,1381500.000000000000000,1473920.000000000000000,1505280.000000000000000,20175,SEWARD
337178,371550,2017500008880005001,31273.835795469578443,900.000000000000000,,900.000000000000000,900.000000000000000,,900.000000000000000,,,1800.000000000000000,,1800.000000000000000,,1800.000000000000000,,,20175,SEWARD
337179,371551,2017500001440005001,31563.284397110215650,,,,,,,,,,,,,900.000000000000000,,,20175,SEWARD
337180,371552,2017500005410001002,641123.852672350942157,17100.000000000000000,5400.000000000000000,14400.000000000000000,254700.000000000000000,1800.000000000000000,,3600.000000000000000,,,,900.000000000000000,,900.000000000000000,,,20175,SEWARD
337181,371553,2017500040590001001,37464.029481142832083,,,,,,,,,,,2700.000000000000000,,,,,20175,SEWARD
337182,371554,2017500007960001001,647126.280596439726651,4500.000000000000000,,,4500.000000000000000,,,,,5400.000000000000000,,1800.000000000000000,1800.000000000000000,5400.000000000000000,3136.000000000000000,3136.000000000000000,20175,SEWARD
337183,371555,2017500006370001002,510935.044371675001457,512100.000000000000000,392400.000000000000000,507600.000000000000000,512100.000000000000000,447300.000000000000000,,509400.000000000000000,511200.000000000000000,503100.000000000000000,506700.000000000000000,511200.000000000000000,511200.000000000000000,488700.000000000000000,470400.000000000000000,445312.000000000000000,20175,SEWARD
337184,371556,2017500039940001001,575424.484575459733605,1800.000000000000000,221400.000000000000000,5400.000000000000000,5400.000000000000000,16200.000000000000000,,,1800.000000000000000,7200.000000000000000,8100.000000000000000,,,7200.000000000000000,,,20175,SEWARD
337185,371557,2017500037340006001,459029.607587383361533,4500.000000000000000,355500.000000000000000,,,2700.000000000000000,1800.000000000000000,,,,,,,,,,20175,SEWARD
337186,371558,2017500034750001001,489157.598934879584704,80100.000000000000000,487800.000000000000000,25200.000000000000000,486000.000000000000000,484200.000000000000000,459000.000000000000000,349200.000000000000000,476100.000000000000000,486000.000000000000000,456300.000000000000000,471600.000000000000000,484200.000000000000000,3600.000000000000000,470400.000000000000000,65856.000000000000000,20175,SEWARD
337187,371559,2017500005650002002,464229.864996008400340,4500.000000000000000,29700.000000000000000,22500.000000000000000,13500.000000000000000,462600.000000000000000,,450900.000000000000000,900.000000000000000,,407700.000000000000000,32400.000000000000000,461700.000000000000000,,448448.000000000000000,3136.000000000000000,20175,SEWARD
337188,371560,2017500007270001002,32117.659489465509978,20700.000000000000000,27000.000000000000000,900.000000000000000,900.000000000000000,10800.000000000000000,,,,,,,3600.000000000000000,10800.000000000000000,18816.000000000000000,25088.000000000000000,20175,SEWARD
337189,371561,2017500003900001002,31998.665820477450325,,35100.000000000000000,2700.000000000000000,32400.000000000000000,32400.000000000000000,,,,,,,900.000000000000000,16200.000000000000000,,3136.000000000000000,20175,SEWARD
337190,371562,2017500005070001002,140179.419712124799844,137700.000000000000000,6300.000000000000000,10800.000000000000000,122400.000000000000000,41400.000000000000000,2700.000000000000000,,1800.000000000000000,66600.000000000000000,900.000000000000000,101700.000000000000000,111600.000000000000000,114300.000000000000000,3136.000000000000000,,20175,SEWARD
337191,371563,2017500033480001002,199870.189784243673785,81000.000000000000000,93600.000000000000000,,172800.000000000000000,103500.000000000000000,88200.000000000000000,,95400.000000000000000,,63000.000000000000000,1800.000000000000000,94500.000000000000000,3600.000000000000000,,,20175,SEWARD
337192,371564,2017500006260003001,404974.453118243662175,,,,,,,,,,,900.000000000000000,,,,,20175,SEWARD
337193,371565,2017500039810003001,98043.998819175889366,8100.000000000000000,4500.000000000000000,1800.000000000000000,1800.000000000000000,900.000000000000000,2700.000000000000000,900.000000000000000,900.000000000000000,,5400.000000000000000,13500.000000000000000,1800.000000000000000,3600.000000000000000,,9408.000000000000000,20175,SEWARD
337194,371566,2017500001440013001,1766880.203949684742838,4500.000000000000000,900.000000000000000,,2700.000000000000000,2700.000000000000000,900.000000000000000,3600.000000000000000,,7200.000000000000000,5400.000000000000000,15300.000000000000000,13500.000000000000000,33300.000000000000000,9408.000000000000000,6272.000000000000000,20175,SEWARD
337195,371567,2017500004130002002,141362.412102239031810,21600.000000000000000,,900.000000000000000,116100.000000000000000,125100.000000000000000,,,45900.000000000000000,16200.000000000000000,,2700.000000000000000,31500.000000000000000,56700.000000000000000,119168.000000000000000,,20175,SEWARD
337196,371568,2017500036720001001,368845.443727097881492,365400.000000000000000,8100.000000000000000,351900.000000000000000,3600.000000000000000,900.000000000000000,364500.000000000000000,,366300.000000000000000,,160200.000000000000000,51300.000000000000000,369000.000000000000000,,332416.000000000000000,6272.000000000000000,20175,SEWARD
337197,371569,2017500034740001001,132919.884594872768503,120600.000000000000000,117000.000000000000000,,115200.000000000000000,117900.000000000000000,3600.000000000000000,,,18000.000000000000000,,100800.000000000000000,,103500.000000000000000,97216.000000000000000,62720.000000000000000,20175,SEWARD
337198,371570,2017500035510004006,28191.090282532957644,,,,,,900.000000000000000,,1800.000000000000000,,900.000000000000000,,900.000000000000000,,,,20175,SEWARD
337199,371571,2017500040640001006,43006.928242558547936,2700.000000000000000,,,,,,,,4500.000000000000000,,2700.000000000000000,,,,,20175,SEWARD
337200,371572,2017500011450001001,65235.234604148085054,,,,,,,,,,,,,,,,20175,SEWARD
337201,371573,2017500004000002001,25959.498874032862659,,,,,,,,,,,,,,,,20175,SEWARD
337202,371574,2017500036780002001,325669.113712957245298,,,,,,,,,,,,,,,,20175,SEWARD
337203,371575,2017500002560001001,213768.381373865908245,,900.000000000000000,900.000000000000000,,,,,,1800.000000000000000,,,,3600.000000000000000,3136.000000000000000,,20175,SEWARD
337204,371576,2017500003870001002,103119.257059870695230,15300.000000000000000,90000.000000000000000,900.000000000000000,4500.000000000000000,900.000000000000000,,900.000000000000000,,21600.000000000000000,15300.000000000000000,13500.000000000000000,5400.000000000000000,9900.000000000000000,,28224.000000000000000,20175,SEWARD
337205,371577,2017500004270002003,27164.915784895260003,,3600.000000000000000,900.000000000000000,21600.000000000000000,,12600.000000000000000,1800.000000000000000,2700.000000000000000,,7200.000000000000000,3600.000000000000000,5400.000000000000000,5400.000000000000000,,,20175,SEWARD
337206,371578,2017500003170001001,209999.914407398900948,26100.000000000000000,,,,211500.000000000000000,,,211500.000000000000000,32400.000000000000000,205200.000000000000000,,,207900.000000000000000,181888.000000000000000,,20175,SEWARD
337207,371579,2017500002690001004,34092.816162287956104,6300.000000000000000,35100.000000000000000,2700.000000000000000,4500.000000000000000,2700.000000000000000,3600.000000000000000,2700.000000000000000,2700.000000000000000,7200.000000000000000,6300.000000000000000,4500.000000000000000,3600.000000000000000,8100.000000000000000,,,20175,SEWARD
337208,371580,2017500033520001001,933186.804300882737152,66600.000000000000000,622800.000000000000000,18000.000000000000000,165600.000000000000000,504000.000000000000000,,,72000.000000000000000,17100.000000000000000,,,9000.000000000000000,,,6272.000000000000000,20175,SEWARD
337209,371581,2017500035360001002,31303.612394166455488,900.000000000000000,7200.000000000000000,1800.000000000000000,4500.000000000000000,1800.000000000000000,,900.000000000000000,,1800.000000000000000,,2700.000000000000000,,1800.000000000000000,,,20175,SEWARD
337210,371582,2017500039890004001,30521.224352912704489,900.000000000000000,,,,,,,,,,,,900.000000000000000,,,20175,SEWARD
337211,371583,2017500040230002001,34066.413881741260411,900.000000000000000,2700.000000000000000,2700.000000000000000,2700.000000000000000,900.000000000000000,900.000000000000000,,,900.000000000000000,3600.000000000000000,900.000000000000000,3600.000000000000000,4500.000000000000000,3136.000000000000000,,20175,SEWARD
337212,371584,2017500008980001001,28897.609508465160616,5400.000000000000000,5400.000000000000000,2700.000000000000000,2700.000000000000000,6300.000000000000000,1800.000000000000000,2700.000000000000000,,8100.000000000000000,2700.000000000000000,4500.000000000000000,7200.000000000000000,3600.000000000000000,3136.000000000000000,9408.000000000000000,20175,SEWARD
337213,371585,2017500041360001001,500300.634138764289673,488700.000000000000000,900.000000000000000,,1800.000000000000000,494100.000000000000000,,,492300.000000000000000,,494100.000000000000000,,21600.000000000000000,10800.000000000000000,470400.000000000000000,,20175,SEWARD
337214,371586,2017500001370001004,523591.024789917515591,518400.000000000000000,,485100.000000000000000,1800.000000000000000,512100.000000000000000,,494100.000000000000000,,,487800.000000000000000,,510300.000000000000000,900.000000000000000,486080.000000000000000,,20175,SEWARD
337216,371588,2017500010120011001,30984.114521666848304,5400.000000000000000,7200.000000000000000,,8100.000000000000000,,,,,4500.000000000000000,,6300.000000000000000,5400.000000000000000,2700.000000000000000,9408.000000000000000,,20175,SEWARD
337217,371589,2017500002010001002,69688.751586746191606,9900.000000000000000,50400.000000000000000,19800.000000000000000,9000.000000000000000,8100.000000000000000,3600.000000000000000,3600.000000000000000,9000.000000000000000,900.000000000000000,7200.000000000000000,8100.000000000000000,2700.000000000000000,22500.000000000000000,9408.000000000000000,6272.000000000000000,20175,SEWARD
337218,371590,2017500006700003001,30169.284946576830407,1800.000000000000000,900.000000000000000,900.000000000000000,,900.000000000000000,,900.000000000000000,,,,3600.000000000000000,900.000000000000000,,3136.000000000000000,,20175,SEWARD
337219,371591,2017500001170003001,506694.487304405367468,44100.000000000000000,29700.000000000000000,474300.000000000000000,,489600.000000000000000,,476100.000000000000000,900.000000000000000,478800.000000000000000,97200.000000000000000,,26100.000000000000000,900.000000000000000,31360.000000000000000,3136.000000000000000,20175,SEWARD
337220,371592,2017500007920004001,318604.681837158161215,26100.000000000000000,171900.000000000000000,,100800.000000000000000,172800.000000000000000,,,,,2700.000000000000000,,,,,,20175,SEWARD
337221,371593,2017500042120012001,61705.907192554404901,,900.000000000000000,,,,,,,,,,,,,,20175,SEWARD
337222,371594,2017500034970002001,32521.645870530006505,,,,,,,,,,,,,,,,20175,SEWARD
337223,371595,2017500041630001003,305489.292506189201958,3600.000000000000000,242100.000000000000000,,27000.000000000000000,1800.000000000000000,,,,,3600.000000000000000,245700.000000000000000,,,40768.000000000000000,,20175,SEWARD
337224,371596,2017500006490001001,359251.698814888368361,1800.000000000000000,,,7200.000000000000000,,,,,,,900.000000000000000,,,,,20175,SEWARD
337225,371597,2017500034100001002,63174.224777014613210,4500.000000000000000,57600.000000000000000,,900.000000000000000,26100.000000000000000,900.000000000000000,,2700.000000000000000,,,900.000000000000000,4500.000000000000000,2700.000000000000000,,,20175,SEWARD
337226,371598,2017500033710004002,623377.704055787762627,1800.000000000000000,2700.000000000000000,278100.000000000000000,,,127800.000000000000000,,900.000000000000000,107100.000000000000000,,,604800.000000000000000,1800.000000000000000,,,20175,SEWARD
337227,371599,2017500006260004001,95814.766397085360950,,,,,,,,,,,,,,,,20175,SEWARD
337228,371600,2017500003800003001,61656.882999115441635,900.000000000000000,,,,,,,,,,,,,6272.000000000000000,,20175,SEWARD
337229,371601,2017500008130001001,486894.490137902670540,,,,,,,,,,,,,,,,20175,SEWARD
337230,371602,2017500042610001001,291816.441814547404647,290700.000000000000000,14400.000000000000000,278100.000000000000000,12600.000000000000000,287100.000000000000000,287100.000000000000000,285300.000000000000000,277200.000000000000000,277200.000000000000000,275400.000000000000000,274500.000000000000000,260100.000000000000000,,,3136.000000000000000,20175,SEWARD
337231,371603,2017500001790001001,616692.280595811665989,,,,,,,,,,,,2700.000000000000000,,,,20175,SEWARD
337232,371604,2017500006260001001,654713.480317693320103,,,,,,,,,900.000000000000000,,1800.000000000000000,,,,,20175,SEWARD
337233,371605,2017500000940004002,15033.391732813970521,,,,,,900.000000000000000,900.000000000000000,,2700.000000000000000,4500.000000000000000,9000.000000000000000,4500.000000000000000,4500.000000000000000,,3136.000000000000000,20175,SEWARD
337234,371606,2017500038920001001,473020.278626026643906,,,1800.000000000000000,,,900.000000000000000,,,,,,,,,,20175,SEWARD
337235,371607,2017500033850002001,29737.394357910034159,,,,,,,,,,,,,,,,20175,SEWARD
337236,371608,2017500003430002001,29851.030949005198636,27900.000000000000000,27900.000000000000000,2700.000000000000000,31500.000000000000000,4500.000000000000000,2700.000000000000000,,2700.000000000000000,2700.000000000000000,8100.000000000000000,8100.000000000000000,25200.000000000000000,900.000000000000000,3136.000000000000000,,20175,SEWARD
337237,371609,2017500039730006001,34684.112708942091558,900.000000000000000,,,,900.000000000000000,,,900.000000000000000,,1800.000000000000000,,,,6272.000000000000000,,20175,SEWARD
337238,371610,2017500000200001002,481627.414962508366443,458100.000000000000000,461700.000000000000000,443700.000000000000000,453600.000000000000000,436500.000000000000000,444600.000000000000000,29700.000000000000000,465300.000000000000000,450000.000000000000000,464400.000000000000000,457200.000000000000000,456300.000000000000000,458100.000000000000000,420224.000000000000000,413952.000000000000000,20175,SEWARD
337239,371611,2017500004520004001,29449.665225262109743,900.000000000000000,,,,900.000000000000000,,,,,,1800.000000000000000,,1800.000000000000000,,,20175,SEWARD
337240,371612,2017500000870005001,36640.590221483354981,11700.000000000000000,12600.000000000000000,2700.000000000000000,5400.000000000000000,2700.000000000000000,3600.000000000000000,2700.000000000000000,3600.000000000000000,7200.000000000000000,2700.000000000000000,900.000000000000000,3600.000000000000000,6300.000000000000000,15680.000000000000000,3136.000000000000000,20175,SEWARD
337241,371613,2017500002810001002,32778.007045869686408,33300.000000000000000,33300.000000000000000,900.000000000000000,28800.000000000000000,25200.000000000000000,4500.000000000000000,900.000000000000000,900.000000000000000,28800.000000000000000,4500.000000000000000,25200.000000000000000,28800.000000000000000,3600.000000000000000,25088.000000000000000,25088.000000000000000,20175,SEWARD
337242,371614,2017500041320004002,537888.842821555794217,520200.000000000000000,900.000000000000000,506700.000000000000000,900.000000000000000,531900.000000000000000,,493200.000000000000000,25200.000000000000000,,510300.000000000000000,69300.000000000000000,,6300.000000000000000,470400.000000000000000,3136.000000000000000,20175,SEWARD
337243,371615,2017500002840001002,372240.786690141540021,,,,365400.000000000000000,1800.000000000000000,,,,,,,,11700.000000000000000,3136.000000000000000,200704.000000000000000,20175,SEWARD
337244,371616,2017500005270002001,216117.113190032454440,8100.000000000000000,10800.000000000000000,,,2700.000000000000000,,,,,,,900.000000000000000,,,,20175,SEWARD
337245,371618,2017500009000005001,33790.467092740196676,900.000000000000000,2700.000000000000000,,900.000000000000000,5400.000000000000000,,900.000000000000000,4500.000000000000000,5400.000000000000000,6300.000000000000000,10800.000000000000000,9900.000000000000000,10800.000000000000000,12544.000000000000000,12544.000000000000000,20175,SEWARD
337246,371619,2017500038870004001,35391.871596753881022,5400.000000000000000,,5400.000000000000000,900.000000000000000,5400.000000000000000,3600.000000000000000,5400.000000000000000,8100.000000000000000,,,,2700.000000000000000,9000.000000000000000,12544.000000000000000,21952.000000000000000,20175,SEWARD
337247,371620,2017500003090001002,34452.310457097926701,2700.000000000000000,900.000000000000000,3600.000000000000000,32400.000000000000000,900.000000000000000,900.000000000000000,,1800.000000000000000,2700.000000000000000,900.000000000000000,,,,18816.000000000000000,,20175,SEWARD
337248,371621,2017500000840001004,506276.258118313562591,498600.000000000000000,4500.000000000000000,,,471600.000000000000000,463500.000000000000000,481500.000000000000000,487800.000000000000000,,,,481500.000000000000000,496800.000000000000000,486080.000000000000000,,20175,SEWARD
337249,371622,2017500009050001004,506043.474917527229991,342000.000000000000000,495900.000000000000000,1800.000000000000000,484200.000000000000000,26100.000000000000000,477000.000000000000000,48600.000000000000000,481500.000000000000000,90000.000000000000000,486900.000000000000000,482400.000000000000000,477900.000000000000000,482400.000000000000000,470400.000000000000000,464128.000000000000000,20175,SEWARD
337250,371623,2017500042310008001,506797.722768462379463,,499500.000000000000000,474300.000000000000000,495900.000000000000000,9000.000000000000000,492300.000000000000000,464400.000000000000000,1800.000000000000000,476100.000000000000000,481500.000000000000000,490500.000000000000000,494100.000000000000000,456300.000000000000000,439040.000000000000000,417088.000000000000000,20175,SEWARD
337251,371624,2017500003140001002,242231.201157578907441,1800.000000000000000,9000.000000000000000,,9900.000000000000000,1800.000000000000000,,,900.000000000000000,,,,,5400.000000000000000,,,20175,SEWARD
337252,371625,2017500003710001003,1024278.547885079868138,1016100.000000000000000,,982800.000000000000000,,1004400.000000000000000,,975600.000000000000000,,1002600.000000000000000,266400.000000000000000,983700.000000000000000,8100.000000000000000,994500.000000000000000,997248.000000000000000,31360.000000000000000,20175,SEWARD
337253,371626,2017500040970001001,113287.796661951302667,2700.000000000000000,12600.000000000000000,12600.000000000000000,1800.000000000000000,98100.000000000000000,90000.000000000000000,,,98100.000000000000000,96300.000000000000000,96300.000000000000000,,,,9408.000000000000000,20175,SEWARD
337254,371627,2017500003940005001,149172.687735375802731,,,,,,,,900.000000000000000,,,,,,,,20175,SEWARD
337255,371628,2017500002940002001,31887.559436699921207,23400.000000000000000,2700.000000000000000,900.000000000000000,21600.000000000000000,18900.000000000000000,,,4500.000000000000000,1800.000000000000000,1800.000000000000000,900.000000000000000,21600.000000000000000,1800.000000000000000,6272.000000000000000,,20175,SEWARD
337256,371629,2017500003190002001,514288.515096576360520,,900.000000000000000,1800.000000000000000,,,,,,,,,,,181888.000000000000000,,20175,SEWARD
337257,371630,2017500004280001001,25303.509416020595381,5400.000000000000000,900.000000000000000,,5400.000000000000000,5400.000000000000000,,,,9000.000000000000000,,,7200.000000000000000,4500.000000000000000,9408.000000000000000,,20175,SEWARD
337258,371631,2017500008880006001,31923.118053982871061,,6300.000000000000000,,3600.000000000000000,,4500.000000000000000,,,,,9000.000000000000000,,6300.000000000000000,,,20175,SEWARD
337259,371632,2017500007340004002,105254.795417355708196,,99000.000000000000000,,105300.000000000000000,2700.000000000000000,,97200.000000000000000,,66600.000000000000000,97200.000000000000000,99900.000000000000000,4500.000000000000000,3600.000000000000000,,3136.000000000000000,20175,SEWARD
337260,371633,2017500004220002002,125704.460182798196911,900.000000000000000,1800.000000000000000,,9000.000000000000000,900.000000000000000,1800.000000000000000,,,900.000000000000000,3600.000000000000000,900.000000000000000,5400.000000000000000,11700.000000000000000,9408.000000000000000,,20175,SEWARD
337261,371634,2017500000150003001,26318.822066623637511,,,,,,,,,,,,,900.000000000000000,,,20175,SEWARD
337262,371635,2017500039470001001,505126.564348650688771,488700.000000000000000,11700.000000000000000,477900.000000000000000,900.000000000000000,495900.000000000000000,,68400.000000000000000,500400.000000000000000,40500.000000000000000,494100.000000000000000,492300.000000000000000,12600.000000000000000,497700.000000000000000,448448.000000000000000,457856.000000000000000,20175,SEWARD
337263,371636,2017500039980004001,34434.147409350502130,8100.000000000000000,7200.000000000000000,4500.000000000000000,6300.000000000000000,7200.000000000000000,2700.000000000000000,6300.000000000000000,6300.000000000000000,7200.000000000000000,2700.000000000000000,9000.000000000000000,6300.000000000000000,9000.000000000000000,9408.000000000000000,18816.000000000000000,20175,SEWARD
337264,371637,2017500001370001005,38391.171268763609987,900.000000000000000,3600.000000000000000,900.000000000000000,2700.000000000000000,900.000000000000000,3600.000000000000000,,1800.000000000000000,900.000000000000000,,2700.000000000000000,29700.000000000000000,3600.000000000000000,21952.000000000000000,12544.000000000000000,20175,SEWARD
337265,371638,2017500042080001003,34289.144759458402405,4500.000000000000000,3600.000000000000000,900.000000000000000,,3600.000000000000000,900.000000000000000,1800.000000000000000,,,,2700.000000000000000,,,,3136.000000000000000,20175,SEWARD
337266,371639,2017500042610011001,68094.557139905533404,5400.000000000000000,4500.000000000000000,4500.000000000000000,4500.000000000000000,5400.000000000000000,4500.000000000000000,4500.000000000000000,4500.000000000000000,7200.000000000000000,900.000000000000000,900.000000000000000,,10800.000000000000000,,15680.000000000000000,20175,SEWARD
337267,371640,2017500009920001001,281864.921632782847155,13500.000000000000000,1800.000000000000000,,11700.000000000000000,,,4500.000000000000000,5400.000000000000000,224100.000000000000000,226800.000000000000000,232200.000000000000000,225000.000000000000000,228600.000000000000000,,,20175,SEWARD
337268,371641,2017500039350002002,34895.139128566763247,6300.000000000000000,8100.000000000000000,,6300.000000000000000,3600.000000000000000,3600.000000000000000,,6300.000000000000000,900.000000000000000,9000.000000000000000,9900.000000000000000,3600.000000000000000,900.000000000000000,6272.000000000000000,12544.000000000000000,20175,SEWARD
337269,371642,2017500011460003004,9520.686820714776331,1800.000000000000000,5400.000000000000000,900.000000000000000,1800.000000000000000,6300.000000000000000,3600.000000000000000,4500.000000000000000,2700.000000000000000,1800.000000000000000,9000.000000000000000,,2700.000000000000000,2700.000000000000000,3136.000000000000000,9408.000000000000000,20175,SEWARD
337270,371643,2017500003910011001,37403.370026612770744,,3600.000000000000000,,,900.000000000000000,,,1800.000000000000000,,,4500.000000000000000,4500.000000000000000,900.000000000000000,,15680.000000000000000,20175,SEWARD
337271,371644,2017500006950002001,85211.497974667057861,,,,,,900.000000000000000,,,,,5400.000000000000000,,,,,20175,SEWARD
337272,371645,2017500000870001001,489215.360095494717825,486900.000000000000000,486900.000000000000000,477000.000000000000000,485100.000000000000000,480600.000000000000000,484200.000000000000000,480600.000000000000000,486000.000000000000000,486000.000000000000000,486000.000000000000000,470700.000000000000000,475200.000000000000000,485100.000000000000000,467264.000000000000000,454720.000000000000000,20175,SEWARD
337273,371646,2017500043220003001,351239.417496188427322,,,,3600.000000000000000,,,,900.000000000000000,,,,,,,,20175,SEWARD
337274,371647,2017500005280001001,361875.456671949592419,90000.000000000000000,302400.000000000000000,900.000000000000000,,,900.000000000000000,,14400.000000000000000,,,,900.000000000000000,2700.000000000000000,,3136.000000000000000,20175,SEWARD
337275,371648,2017500033380001001,34982.611551642730774,6300.000000000000000,,,1800.000000000000000,2700.000000000000000,,900.000000000000000,900.000000000000000,15300.000000000000000,1800.000000000000000,,,,,,20175,SEWARD
337276,371649,2017500008620003001,547685.803123330348171,48600.000000000000000,6300.000000000000000,900.000000000000000,24300.000000000000000,,4500.000000000000000,,,,8100.000000000000000,,1800.000000000000000,,,,20175,SEWARD
337277,371650,2017500037750001002,128925.410318684356753,13500.000000000000000,23400.000000000000000,900.000000000000000,27000.000000000000000,9900.000000000000000,,,14400.000000000000000,1800.000000000000000,4500.000000000000000,13500.000000000000000,,17100.000000000000000,,25088.000000000000000,20175,SEWARD
337278,371651,2017500000260003001,70830.468668562622042,,,,,,,,,,,,,900.000000000000000,,6272.000000000000000,20175,SEWARD
337279,371652,2017500002860001002,214497.535876498033758,,216000.000000000000000,,214200.000000000000000,,,,,8100.000000000000000,,49500.000000000000000,,,15680.000000000000000,,20175,SEWARD
337280,371653,2017500038650001004,33027.096054235335032,900.000000000000000,,,18900.000000000000000,,900.000000000000000,,,,3600.000000000000000,,1800.000000000000000,3600.000000000000000,,,20175,SEWARD
337281,371654,2017500001440007001,101106.287093106860993,69300.000000000000000,70200.000000000000000,13500.000000000000000,71100.000000000000000,23400.000000000000000,45000.000000000000000,44100.000000000000000,7200.000000000000000,81900.000000000000000,5400.000000000000000,900.000000000000000,17100.000000000000000,2700.000000000000000,,21952.000000000000000,20175,SEWARD
337282,371655,2017500035360001003,31132.150442800098972,900.000000000000000,4500.000000000000000,1800.000000000000000,6300.000000000000000,,,1800.000000000000000,3600.000000000000000,1800.000000000000000,900.000000000000000,,,4500.000000000000000,9408.000000000000000,3136.000000000000000,20175,SEWARD
337283,371656,2017500037020001001,502659.651913320936728,,493200.000000000000000,,490500.000000000000000,,460800.000000000000000,,485100.000000000000000,,481500.000000000000000,125100.000000000000000,484200.000000000000000,16200.000000000000000,432768.000000000000000,50176.000000000000000,20175,SEWARD
337284,371657,2017500001370001006,57787.113344307559601,,3600.000000000000000,3600.000000000000000,900.000000000000000,,5400.000000000000000,,,,900.000000000000000,900.000000000000000,54900.000000000000000,,50176.000000000000000,,20175,SEWARD
337285,371658,2017500003720005001,114285.245502353296615,7200.000000000000000,8100.000000000000000,3600.000000000000000,1800.000000000000000,900.000000000000000,1800.000000000000000,4500.000000000000000,2700.000000000000000,,1800.000000000000000,9000.000000000000000,18900.000000000000000,9900.000000000000000,15680.000000000000000,50176.000000000000000,20175,SEWARD
337286,371659,2017500041440003001,140675.507603493810166,6300.000000000000000,6300.000000000000000,2700.000000000000000,3600.000000000000000,4500.000000000000000,,4500.000000000000000,6300.000000000000000,7200.000000000000000,,,9900.000000000000000,,18816.000000000000000,,20175,SEWARD
337287,371660,2017500002370002003,507508.690863689873368,,501300.000000000000000,,507600.000000000000000,1800.000000000000000,498600.000000000000000,,476100.000000000000000,480600.000000000000000,,474300.000000000000000,498600.000000000000000,900.000000000000000,473536.000000000000000,15680.000000000000000,20175,SEWARD
337288,371661,2017500043000001001,626868.573320333031006,28800.000000000000000,612000.000000000000000,12600.000000000000000,544500.000000000000000,4500.000000000000000,,1800.000000000000000,4500.000000000000000,3600.000000000000000,9000.000000000000000,9900.000000000000000,320400.000000000000000,180900.000000000000000,567616.000000000000000,68992.000000000000000,20175,SEWARD
337289,371662,2017500033750001001,51020.945020183215092,2700.000000000000000,45000.000000000000000,6300.000000000000000,45900.000000000000000,49500.000000000000000,8100.000000000000000,41400.000000000000000,21600.000000000000000,45000.000000000000000,1800.000000000000000,24300.000000000000000,2700.000000000000000,44100.000000000000000,34496.000000000000000,6272.000000000000000,20175,SEWARD
337290,371663,2017500035080001002,29564.206818615057273,9000.000000000000000,8100.000000000000000,10800.000000000000000,24300.000000000000000,900.000000000000000,,,900.000000000000000,,,4500.000000000000000,,1800.000000000000000,,3136.000000000000000,20175,SEWARD
337291,371664,2017500007270001003,59987.994814990386658,24300.000000000000000,41400.000000000000000,27900.000000000000000,2700.000000000000000,,,,900.000000000000000,,,36000.000000000000000,2700.000000000000000,1800.000000000000000,3136.000000000000000,3136.000000000000000,20175,SEWARD
337292,371665,2017500004340001005,133643.157041020167526,10800.000000000000000,,,,,,,,,,,,900.000000000000000,3136.000000000000000,,20175,SEWARD
337293,371666,2017500001240001001,413410.415942168445326,,,,,,,,,,,,,,,,20175,SEWARD
337294,371667,2017500002970001002,629859.759310938650742,6300.000000000000000,2700.000000000000000,47700.000000000000000,,12600.000000000000000,103500.000000000000000,,,,1800.000000000000000,8100.000000000000000,1800.000000000000000,900.000000000000000,,6272.000000000000000,20175,SEWARD
337295,371668,2017500002820001002,211344.407800141692860,186300.000000000000000,186300.000000000000000,24300.000000000000000,180000.000000000000000,,,,,,,180000.000000000000000,,,141120.000000000000000,,20175,SEWARD
337296,371669,2017500000810001002,6010.182710204489922,1800.000000000000000,2700.000000000000000,2700.000000000000000,3600.000000000000000,,,,900.000000000000000,,,,,,,,20175,SEWARD
337297,371671,2017500041250005001,26020.126513587336376,900.000000000000000,900.000000000000000,,4500.000000000000000,900.000000000000000,,3600.000000000000000,,1800.000000000000000,,,,1800.000000000000000,,,20175,SEWARD
337298,371672,2017500002160001001,405881.694989894866012,900.000000000000000,900.000000000000000,,,,,2700.000000000000000,,9000.000000000000000,,,,,,,20175,SEWARD
337299,371673,2017500002810001003,38152.879978915334505,33300.000000000000000,33300.000000000000000,900.000000000000000,28800.000000000000000,23400.000000000000000,900.000000000000000,,1800.000000000000000,,5400.000000000000000,,29700.000000000000000,4500.000000000000000,12544.000000000000000,18816.000000000000000,20175,SEWARD
337300,371674,2017500005540001003,103343.903155934545794,900.000000000000000,41400.000000000000000,900.000000000000000,1800.000000000000000,11700.000000000000000,4500.000000000000000,,,,900.000000000000000,900.000000000000000,,,,,20175,SEWARD
337301,371675,2017500008890018001,34786.625824944385386,,,900.000000000000000,,,,,,,,,,,,,20175,SEWARD
337302,371676,2017500041140003001,23181.198824500348564,21600.000000000000000,900.000000000000000,,21600.000000000000000,20700.000000000000000,,,,5400.000000000000000,,900.000000000000000,,14400.000000000000000,,3136.000000000000000,20175,SEWARD
337303,371677,2017500039990005001,508442.992813319666311,495900.000000000000000,495900.000000000000000,487800.000000000000000,492300.000000000000000,492300.000000000000000,483300.000000000000000,480600.000000000000000,483300.000000000000000,476100.000000000000000,471600.000000000000000,489600.000000000000000,487800.000000000000000,476100.000000000000000,429632.000000000000000,413952.000000000000000,20175,SEWARD
337304,371678,2017500004280001003,534827.924489255994558,108000.000000000000000,,,9900.000000000000000,18000.000000000000000,9000.000000000000000,,50400.000000000000000,497700.000000000000000,,205200.000000000000000,485100.000000000000000,390600.000000000000000,476672.000000000000000,,20175,SEWARD
337305,371679,2017500006050001001,65434.205226600533933,,,,,,,,,,,,,900.000000000000000,6272.000000000000000,,20175,SEWARD
337306,371680,2017500009770002001,39280.094452455741703,1800.000000000000000,2700.000000000000000,1800.000000000000000,3600.000000000000000,1800.000000000000000,900.000000000000000,900.000000000000000,3600.000000000000000,,3600.000000000000000,1800.000000000000000,,3600.000000000000000,,,20175,SEWARD
337307,371681,2017500006860001001,153534.036856637569144,,1800.000000000000000,,,,,,,,,,,,,,20175,SEWARD
337308,371682,2017500002240012001,14022.896945638380203,13500.000000000000000,,900.000000000000000,,13500.000000000000000,,12600.000000000000000,,9900.000000000000000,,13500.000000000000000,,,9408.000000000000000,6272.000000000000000,20175,SEWARD
337309,371683,2017500005410001003,346622.475646948150825,900.000000000000000,,,9000.000000000000000,,,,,,,,,,,,20175,SEWARD
337310,371684,2017500034590001002,288500.405096467933618,9900.000000000000000,57600.000000000000000,17100.000000000000000,261900.000000000000000,109800.000000000000000,,,,268200.000000000000000,,,,,,,20175,SEWARD
337311,371685,2017500002390001001,696175.730108695337549,18000.000000000000000,27900.000000000000000,3600.000000000000000,189900.000000000000000,,,900.000000000000000,,19800.000000000000000,81000.000000000000000,900.000000000000000,,,,,20175,SEWARD
337313,371687,2017500003880001001,507510.335638869204558,495900.000000000000000,494100.000000000000000,479700.000000000000000,,900.000000000000000,29700.000000000000000,491400.000000000000000,489600.000000000000000,486900.000000000000000,491400.000000000000000,486900.000000000000000,492300.000000000000000,355500.000000000000000,476672.000000000000000,457856.000000000000000,20175,SEWARD
337314,371688,2017500002240009001,31768.386359520616679,,8100.000000000000000,,,,1800.000000000000000,,2700.000000000000000,,5400.000000000000000,7200.000000000000000,11700.000000000000000,8100.000000000000000,,6272.000000000000000,20175,SEWARD
337315,371689,2017500009620001002,37637.533802999460022,,,,,,,7200.000000000000000,1800.000000000000000,,1800.000000000000000,7200.000000000000000,,,,,20175,SEWARD
337316,371690,2017500038810003001,30642.066772718928405,900.000000000000000,900.000000000000000,,,2700.000000000000000,,,,9900.000000000000000,1800.000000000000000,2700.000000000000000,4500.000000000000000,900.000000000000000,3136.000000000000000,12544.000000000000000,20175,SEWARD
337317,371691,2017500005660001001,131158.355555532791186,900.000000000000000,900.000000000000000,900.000000000000000,,,,,,,,,,,,,20175,SEWARD
337318,371692,2017500033750001002,113227.400238122034352,104400.000000000000000,900.000000000000000,100800.000000000000000,90000.000000000000000,900.000000000000000,,,,,74700.000000000000000,,91800.000000000000000,26100.000000000000000,,,20175,SEWARD
337319,371693,2017500007220001002,201552.700803598650964,123300.000000000000000,2700.000000000000000,,94500.000000000000000,,4500.000000000000000,900.000000000000000,1800.000000000000000,39600.000000000000000,900.000000000000000,1800.000000000000000,2700.000000000000000,179100.000000000000000,,,20175,SEWARD
337320,371694,2017500008980001002,27502.075817298467882,5400.000000000000000,,900.000000000000000,900.000000000000000,5400.000000000000000,,,,6300.000000000000000,1800.000000000000000,,2700.000000000000000,2700.000000000000000,,,20175,SEWARD
337321,371695,2017500008890033001,12480.188191158242262,,900.000000000000000,,,,,,,,,,,,,,20175,SEWARD
337322,371696,2017500040640001007,33710.205222030643199,,,,900.000000000000000,,,,900.000000000000000,,,,,,,,20175,SEWARD
337323,371697,2017500005510001002,346066.872761015663855,4500.000000000000000,297000.000000000000000,32400.000000000000000,,900.000000000000000,,,,,,295200.000000000000000,,,15680.000000000000000,50176.000000000000000,20175,SEWARD
337324,371698,2017500034100001004,27910.908505984894873,,,4500.000000000000000,1800.000000000000000,,,900.000000000000000,900.000000000000000,,,6300.000000000000000,7200.000000000000000,,,15680.000000000000000,20175,SEWARD
337325,371699,2017500005430001001,349594.919311190606095,,,,,,2700.000000000000000,,900.000000000000000,,,,,,,,20175,SEWARD
337326,371700,2017500004970001002,214227.396663357707439,2700.000000000000000,18900.000000000000000,,,900.000000000000000,,,,,,,,,3136.000000000000000,9408.000000000000000,20175,SEWARD
337327,371701,2017500033420001001,30556.936114037311199,,,,26100.000000000000000,,2700.000000000000000,,,,,,27000.000000000000000,,,,20175,SEWARD
337328,371702,2017500000980001002,298989.367039969831239,9000.000000000000000,8100.000000000000000,,,,,,,,900.000000000000000,2700.000000000000000,900.000000000000000,900.000000000000000,,3136.000000000000000,20175,SEWARD
337329,371703,2017500009840006001,74255.007160012042732,9900.000000000000000,4500.000000000000000,900.000000000000000,2700.000000000000000,5400.000000000000000,900.000000000000000,2700.000000000000000,3600.000000000000000,,2700.000000000000000,10800.000000000000000,4500.000000000000000,4500.000000000000000,,9408.000000000000000,20175,SEWARD
337330,371704,2017500004260001002,1020000.606821418507025,507600.000000000000000,494100.000000000000000,492300.000000000000000,502200.000000000000000,483300.000000000000000,476100.000000000000000,459900.000000000000000,486900.000000000000000,725400.000000000000000,862200.000000000000000,805500.000000000000000,983700.000000000000000,488700.000000000000000,943936.000000000000000,661696.000000000000000,20175,SEWARD
337331,371705,2017500008120002001,123084.835241207314539,71100.000000000000000,88200.000000000000000,88200.000000000000000,89100.000000000000000,90900.000000000000000,88200.000000000000000,83700.000000000000000,90000.000000000000000,87300.000000000000000,95400.000000000000000,85500.000000000000000,88200.000000000000000,90000.000000000000000,84672.000000000000000,75264.000000000000000,20175,SEWARD
337332,371706,2017500001460012001,28862.873929816079908,4500.000000000000000,2700.000000000000000,1800.000000000000000,5400.000000000000000,5400.000000000000000,4500.000000000000000,5400.000000000000000,4500.000000000000000,5400.000000000000000,5400.000000000000000,6300.000000000000000,5400.000000000000000,1800.000000000000000,,,20175,SEWARD
337333,371707,2017500003270001002,185760.876729309296934,,172800.000000000000000,4500.000000000000000,,,,,,174600.000000000000000,170100.000000000000000,,,7200.000000000000000,6272.000000000000000,40768.000000000000000,20175,SEWARD
337334,371708,2017500043060001001,363328.361330914136488,900.000000000000000,,,,,,,,,,,,,,,20175,SEWARD
337335,371709,2017500002420001001,29163.302992634136899,1800.000000000000000,1800.000000000000000,900.000000000000000,2700.000000000000000,1800.000000000000000,,,,,1800.000000000000000,,,900.000000000000000,,,20175,SEWARD
337336,371710,2017500009680005001,36457.379729371547000,1800.000000000000000,6300.000000000000000,4500.000000000000000,6300.000000000000000,1800.000000000000000,6300.000000000000000,3600.000000000000000,5400.000000000000000,1800.000000000000000,2700.000000000000000,10800.000000000000000,10800.000000000000000,12600.000000000000000,3136.000000000000000,3136.000000000000000,20175,SEWARD
337337,371711,2017500042080001004,495563.606772216735408,233100.000000000000000,295200.000000000000000,473400.000000000000000,,465300.000000000000000,410400.000000000000000,476100.000000000000000,238500.000000000000000,48600.000000000000000,262800.000000000000000,130500.000000000000000,41400.000000000000000,5400.000000000000000,486080.000000000000000,53312.000000000000000,20175,SEWARD
337338,371712,2017500041950002002,241872.450882854551310,,900.000000000000000,,,,,,,,,,,,,,20175,SEWARD
337339,371714,2017500007920001001,285856.131818650872447,172800.000000000000000,900.000000000000000,,25200.000000000000000,,,,900.000000000000000,,,,,,,,20175,SEWARD
337340,371715,2017500007410004001,31295.483147145438124,,9000.000000000000000,,5400.000000000000000,,900.000000000000000,,6300.000000000000000,,,,8100.000000000000000,3600.000000000000000,,9408.000000000000000,20175,SEWARD
337341,371716,2017500000300001002,411287.683466420276091,11700.000000000000000,74700.000000000000000,12600.000000000000000,291600.000000000000000,24300.000000000000000,7200.000000000000000,99000.000000000000000,1800.000000000000000,4500.000000000000000,900.000000000000000,6300.000000000000000,1800.000000000000000,900.000000000000000,6272.000000000000000,,20175,SEWARD
337342,371717,2017500004410002002,29979.192695898553211,,,,1800.000000000000000,,,,,,,,,,,,20175,SEWARD
337343,371718,2017500004120021001,34452.320336840901291,1800.000000000000000,5400.000000000000000,8100.000000000000000,9000.000000000000000,,,,,,,,1800.000000000000000,900.000000000000000,,,20175,SEWARD
337344,371719,2017500004180002002,68550.028922832454555,9000.000000000000000,,,5400.000000000000000,,,,,,,900.000000000000000,,,,,20175,SEWARD
337345,371720,2017500043140003001,956785.659375215880573,89100.000000000000000,7200.000000000000000,18900.000000000000000,64800.000000000000000,1800.000000000000000,,,22500.000000000000000,,1800.000000000000000,,,,9408.000000000000000,,20175,SEWARD
337346,371721,2017500000710001001,267949.610629336442798,109800.000000000000000,1800.000000000000000,,,,234900.000000000000000,,,,,,23400.000000000000000,26100.000000000000000,,,20175,SEWARD
337347,371722,2017500038980002001,153869.792228431208059,2700.000000000000000,,119700.000000000000000,117000.000000000000000,17100.000000000000000,117000.000000000000000,1800.000000000000000,117000.000000000000000,,120600.000000000000000,123300.000000000000000,125100.000000000000000,112500.000000000000000,6272.000000000000000,,20175,SEWARD
337348,371723,2017500006400001002,156019.630359074420994,119700.000000000000000,133200.000000000000000,16200.000000000000000,128700.000000000000000,29700.000000000000000,9000.000000000000000,,4500.000000000000000,57600.000000000000000,900.000000000000000,,,12600.000000000000000,,,20175,SEWARD
337349,371724,2017500004130001004,138358.955219393508742,9000.000000000000000,,5400.000000000000000,139500.000000000000000,132300.000000000000000,,900.000000000000000,85500.000000000000000,1800.000000000000000,,88200.000000000000000,8100.000000000000000,43200.000000000000000,94080.000000000000000,,20175,SEWARD
337350,371725,2017500034440001001,498780.273508259502705,492300.000000000000000,486900.000000000000000,480600.000000000000000,486900.000000000000000,484200.000000000000000,482400.000000000000000,480600.000000000000000,478800.000000000000000,492300.000000000000000,479700.000000000000000,476100.000000000000000,487800.000000000000000,483300.000000000000000,482944.000000000000000,12544.000000000000000,20175,SEWARD
337351,371726,2017500040470003001,32100.869045869825641,,,,4500.000000000000000,900.000000000000000,,,,2700.000000000000000,1800.000000000000000,900.000000000000000,5400.000000000000000,2700.000000000000000,6272.000000000000000,3136.000000000000000,20175,SEWARD
337352,371727,2017500041130001001,1026990.858976483112201,697500.000000000000000,536400.000000000000000,483300.000000000000000,514800.000000000000000,536400.000000000000000,533700.000000000000000,472500.000000000000000,549900.000000000000000,670500.000000000000000,935100.000000000000000,546300.000000000000000,528300.000000000000000,988200.000000000000000,978432.000000000000000,925120.000000000000000,20175,SEWARD
337353,371728,2017500008890003001,480971.547552061558235,900.000000000000000,,,,,,900.000000000000000,900.000000000000000,,,3600.000000000000000,900.000000000000000,,,3136.000000000000000,20175,SEWARD
337354,371729,2017500004110001001,492653.790749700274318,490500.000000000000000,12600.000000000000000,478800.000000000000000,2700.000000000000000,484200.000000000000000,,475200.000000000000000,,102600.000000000000000,482400.000000000000000,63000.000000000000000,487800.000000000000000,482400.000000000000000,6272.000000000000000,429632.000000000000000,20175,SEWARD
337355,371730,2017500041810001002,29540.830664500033890,,1800.000000000000000,,,2700.000000000000000,,,2700.000000000000000,,1800.000000000000000,,,1800.000000000000000,,3136.000000000000000,20175,SEWARD
337356,371731,2017500040340001001,646907.469280891702510,2700.000000000000000,1800.000000000000000,,,,,,,,,,,,,,20175,SEWARD
337357,371732,2017500004540001001,324256.060534075251780,,900.000000000000000,,,,,,,,,,,,,,20175,SEWARD
337358,371733,2017500040330003001,31750.963885638109787,,,,,,,,,30600.000000000000000,28800.000000000000000,22500.000000000000000,25200.000000000000000,25200.000000000000000,,,20175,SEWARD
337359,371734,2017500002250002001,33555.882121613700292,900.000000000000000,1800.000000000000000,,1800.000000000000000,,1800.000000000000000,,1800.000000000000000,,5400.000000000000000,,900.000000000000000,,,,20175,SEWARD
337360,371735,2017500037860006001,28932.493241922467860,,900.000000000000000,900.000000000000000,,,2700.000000000000000,2700.000000000000000,900.000000000000000,9000.000000000000000,4500.000000000000000,1800.000000000000000,2700.000000000000000,8100.000000000000000,6272.000000000000000,9408.000000000000000,20175,SEWARD
337361,371736,2017500036110001001,31282.152697716810508,1800.000000000000000,7200.000000000000000,1800.000000000000000,20700.000000000000000,,,900.000000000000000,,6300.000000000000000,,2700.000000000000000,900.000000000000000,5400.000000000000000,,6272.000000000000000,20175,SEWARD
337362,371737,2017500039680003001,21658.287932960574835,4500.000000000000000,2700.000000000000000,,1800.000000000000000,1800.000000000000000,3600.000000000000000,1800.000000000000000,3600.000000000000000,,,,4500.000000000000000,,,,20175,SEWARD
337363,371738,2017500002370001001,508943.306097792985383,495000.000000000000000,,471600.000000000000000,,497700.000000000000000,,474300.000000000000000,,,406800.000000000000000,,,486000.000000000000000,247744.000000000000000,445312.000000000000000,20175,SEWARD
337364,371739,2017500036180001001,357632.921639885636978,89100.000000000000000,283500.000000000000000,58500.000000000000000,305100.000000000000000,81000.000000000000000,283500.000000000000000,326700.000000000000000,21600.000000000000000,350100.000000000000000,25200.000000000000000,358200.000000000000000,14400.000000000000000,359100.000000000000000,335552.000000000000000,304192.000000000000000,20175,SEWARD
337365,371740,2017500000760001001,319363.376368058903608,211500.000000000000000,263700.000000000000000,73800.000000000000000,201600.000000000000000,296100.000000000000000,,900.000000000000000,,,,,,,,,20175,SEWARD
337366,371741,2017500008310002002,8201.732670370711276,,7200.000000000000000,7200.000000000000000,900.000000000000000,9000.000000000000000,6300.000000000000000,900.000000000000000,9000.000000000000000,5400.000000000000000,9000.000000000000000,3600.000000000000000,5400.000000000000000,9000.000000000000000,,,20175,SEWARD
337367,371742,2017500004120007001,27222.485250415997143,900.000000000000000,7200.000000000000000,1800.000000000000000,6300.000000000000000,,8100.000000000000000,,5400.000000000000000,,900.000000000000000,9000.000000000000000,9000.000000000000000,,,,20175,SEWARD
337368,371743,2017500034290001002,100572.425156837445684,,,,,,,,,,,,,,,,20175,SEWARD
337370,371745,2017500001460005001,27459.978484656126966,900.000000000000000,900.000000000000000,900.000000000000000,1800.000000000000000,,,,,900.000000000000000,,,900.000000000000000,2700.000000000000000,,,20175,SEWARD
337371,371746,2017500035510004007,64795.679721234861063,900.000000000000000,4500.000000000000000,9000.000000000000000,,900.000000000000000,1800.000000000000000,,900.000000000000000,8100.000000000000000,,,1800.000000000000000,,,,20175,SEWARD
337372,371747,2017500002680001002,911727.315206193597987,907200.000000000000000,110700.000000000000000,891900.000000000000000,885600.000000000000000,900.000000000000000,871200.000000000000000,,879300.000000000000000,16200.000000000000000,889200.000000000000000,249300.000000000000000,889200.000000000000000,37800.000000000000000,856128.000000000000000,90944.000000000000000,20175,SEWARD
337373,371748,2017500004330005001,25594.540926232697529,1800.000000000000000,,,1800.000000000000000,2700.000000000000000,9900.000000000000000,1800.000000000000000,900.000000000000000,,,,,6300.000000000000000,,3136.000000000000000,20175,SEWARD
337374,371749,2017500041540001001,502424.557051466777921,1800.000000000000000,,495000.000000000000000,492300.000000000000000,,,486900.000000000000000,490500.000000000000000,489600.000000000000000,900.000000000000000,900.000000000000000,494100.000000000000000,491400.000000000000000,,451584.000000000000000,20175,SEWARD
337375,371750,2017500040990003005,10063.444187568000416,,,,,,,,,,,,,,,,20175,SEWARD
337376,371751,2017500034810001002,223671.058990135847125,186300.000000000000000,187200.000000000000000,171000.000000000000000,175500.000000000000000,165600.000000000000000,189000.000000000000000,108000.000000000000000,160200.000000000000000,110700.000000000000000,173700.000000000000000,,,,,,20175,SEWARD
337377,371752,2017500003610004001,140041.605266920116264,13500.000000000000000,11700.000000000000000,,1800.000000000000000,9000.000000000000000,1800.000000000000000,3600.000000000000000,1800.000000000000000,,2700.000000000000000,45000.000000000000000,36000.000000000000000,10800.000000000000000,,,20175,SEWARD
337378,371753,2017500037340002001,20208.315974800425465,,1800.000000000000000,,,,,,,,,,,,,,20175,SEWARD
337379,371754,2017500035930001001,37262.704108937177807,9900.000000000000000,16200.000000000000000,6300.000000000000000,36900.000000000000000,900.000000000000000,2700.000000000000000,2700.000000000000000,2700.000000000000000,9000.000000000000000,3600.000000000000000,2700.000000000000000,2700.000000000000000,900.000000000000000,15680.000000000000000,3136.000000000000000,20175,SEWARD
337380,371755,2017500039530001001,503823.320384386868682,497700.000000000000000,497700.000000000000000,4500.000000000000000,499500.000000000000000,496800.000000000000000,27000.000000000000000,459000.000000000000000,70200.000000000000000,499500.000000000000000,498600.000000000000000,491400.000000000000000,499500.000000000000000,497700.000000000000000,482944.000000000000000,479808.000000000000000,20175,SEWARD
337381,371756,2017500009030001001,1278946.593410473316908,1800.000000000000000,3600.000000000000000,,3600.000000000000000,1800.000000000000000,3600.000000000000000,900.000000000000000,,,,4500.000000000000000,5400.000000000000000,3600.000000000000000,,,20175,SEWARD
337382,371757,2017500003970004001,33087.737751338296221,5400.000000000000000,900.000000000000000,,5400.000000000000000,,,,,,,900.000000000000000,1800.000000000000000,,3136.000000000000000,,20175,SEWARD
337383,371758,2017500004350001002,300494.576335215067957,1800.000000000000000,29700.000000000000000,,,,,,,,,,900.000000000000000,2700.000000000000000,,,20175,SEWARD
337384,371759,2017500041810001003,25840.091635201781173,,2700.000000000000000,,,,900.000000000000000,,,,1800.000000000000000,900.000000000000000,1800.000000000000000,900.000000000000000,,,20175,SEWARD
337385,371760,2017500033670001002,479233.801098805852234,428400.000000000000000,135000.000000000000000,424800.000000000000000,48600.000000000000000,423900.000000000000000,52200.000000000000000,413100.000000000000000,47700.000000000000000,900.000000000000000,249300.000000000000000,420300.000000000000000,114300.000000000000000,84600.000000000000000,442176.000000000000000,213248.000000000000000,20175,SEWARD
337386,371761,2017500040620003001,12151.793072194865090,900.000000000000000,1800.000000000000000,,,6300.000000000000000,,,,1800.000000000000000,,900.000000000000000,,2700.000000000000000,,12544.000000000000000,20175,SEWARD
337387,371762,2017500041980001001,317393.864710658264812,,,,,900.000000000000000,,,,,,,,,,,20175,SEWARD
337388,371763,2017500040990002007,9731.126318330347203,,7200.000000000000000,,900.000000000000000,,,,,900.000000000000000,,,,,,,20175,SEWARD
337389,371764,2017500003080001005,24743.009755332666828,1800.000000000000000,900.000000000000000,,900.000000000000000,,,,,,,900.000000000000000,,900.000000000000000,15680.000000000000000,,20175,SEWARD
337390,371765,2017500001470001001,514684.536943345912732,503100.000000000000000,504000.000000000000000,499500.000000000000000,503100.000000000000000,486900.000000000000000,232200.000000000000000,244800.000000000000000,238500.000000000000000,253800.000000000000000,490500.000000000000000,494100.000000000000000,511200.000000000000000,192600.000000000000000,,21952.000000000000000,20175,SEWARD
337391,371767,2017500035470001002,500837.897982567024883,489600.000000000000000,493200.000000000000000,494100.000000000000000,495000.000000000000000,489600.000000000000000,466200.000000000000000,466200.000000000000000,486000.000000000000000,900.000000000000000,,485100.000000000000000,1800.000000000000000,493200.000000000000000,25088.000000000000000,12544.000000000000000,20175,SEWARD
337392,371768,2017500000260002001,281423.539358711335808,,,,,,,,,,,,,,,,20175,SEWARD
337393,371769,2017500041820002001,54464.734421800028940,,900.000000000000000,,,,,,,,,,,,,,20175,SEWARD
337394,371770,2017500034100001006,33808.609419601023546,5400.000000000000000,900.000000000000000,,17100.000000000000000,,900.000000000000000,,,,1800.000000000000000,,3600.000000000000000,,,,20175,SEWARD
337395,371771,2017500039990003001,494850.456451845704578,490500.000000000000000,36900.000000000000000,477900.000000000000000,485100.000000000000000,484200.000000000000000,481500.000000000000000,478800.000000000000000,480600.000000000000000,472500.000000000000000,482400.000000000000000,476100.000000000000000,475200.000000000000000,471600.000000000000000,470400.000000000000000,470400.000000000000000,20175,SEWARD
337396,371772,2017500007900001001,549176.457784726284444,,,,,,,,,,,1800.000000000000000,,,9408.000000000000000,,20175,SEWARD
337397,371773,2017500007940001001,365772.438442818413023,317700.000000000000000,,,284400.000000000000000,285300.000000000000000,900.000000000000000,2700.000000000000000,,156600.000000000000000,,,294300.000000000000000,82800.000000000000000,279104.000000000000000,288512.000000000000000,20175,SEWARD
337398,371774,2017500010210001001,368614.781939634180162,,,,,,,,,,,,,,,125440.000000000000000,20175,SEWARD
337399,371775,2017500003070001002,382034.873386978346389,2700.000000000000000,13500.000000000000000,,30600.000000000000000,47700.000000000000000,,,,,225900.000000000000000,1800.000000000000000,,,329280.000000000000000,,20175,SEWARD
337400,371776,2017500042860001001,43539.645896511574392,,,,,,,,,,3600.000000000000000,,14400.000000000000000,,,,20175,SEWARD
337401,371777,2017500034960002001,78673.009527668895316,,,,,,,,,,,,,,,,20175,SEWARD
337402,371778,2017500004120006001,66786.161488075085799,4500.000000000000000,10800.000000000000000,900.000000000000000,8100.000000000000000,4500.000000000000000,2700.000000000000000,,4500.000000000000000,,900.000000000000000,16200.000000000000000,15300.000000000000000,5400.000000000000000,6272.000000000000000,9408.000000000000000,20175,SEWARD
337403,371779,2017500005760001001,221758.421919616521336,,,,,,,,,,,,,19800.000000000000000,37632.000000000000000,3136.000000000000000,20175,SEWARD
337404,371780,2017500003430002002,488464.621362041507382,486000.000000000000000,486000.000000000000000,479700.000000000000000,486000.000000000000000,478800.000000000000000,484200.000000000000000,10800.000000000000000,479700.000000000000000,485100.000000000000000,483300.000000000000000,480600.000000000000000,485100.000000000000000,11700.000000000000000,442176.000000000000000,12544.000000000000000,20175,SEWARD
337405,371781,2017500006420001001,32474.746937609950692,9000.000000000000000,9900.000000000000000,1800.000000000000000,7200.000000000000000,8100.000000000000000,1800.000000000000000,3600.000000000000000,4500.000000000000000,8100.000000000000000,6300.000000000000000,13500.000000000000000,3600.000000000000000,14400.000000000000000,6272.000000000000000,9408.000000000000000,20175,SEWARD
337406,371782,2017500003800007001,28400.374109206051799,,2700.000000000000000,1800.000000000000000,2700.000000000000000,,1800.000000000000000,,900.000000000000000,,,900.000000000000000,9000.000000000000000,,,3136.000000000000000,20175,SEWARD
337407,371783,2017500004120001001,504587.569068716256879,4500.000000000000000,503100.000000000000000,,3600.000000000000000,,484200.000000000000000,,483300.000000000000000,,464400.000000000000000,312300.000000000000000,484200.000000000000000,900.000000000000000,467264.000000000000000,6272.000000000000000,20175,SEWARD
337408,371784,2017500003330001001,32743.377113296435709,6300.000000000000000,6300.000000000000000,3600.000000000000000,11700.000000000000000,11700.000000000000000,,3600.000000000000000,10800.000000000000000,,7200.000000000000000,2700.000000000000000,,5400.000000000000000,,,20175,SEWARD
337409,371785,2017500042030001003,391323.641016541048884,16200.000000000000000,377100.000000000000000,379800.000000000000000,,385200.000000000000000,384300.000000000000000,326700.000000000000000,316800.000000000000000,378000.000000000000000,369900.000000000000000,387000.000000000000000,48600.000000000000000,385200.000000000000000,335552.000000000000000,398272.000000000000000,20175,SEWARD
337410,371786,2017500012060001002,298239.720746047154535,9000.000000000000000,900.000000000000000,,19800.000000000000000,,1800.000000000000000,,2700.000000000000000,900.000000000000000,2700.000000000000000,2700.000000000000000,,5400.000000000000000,,,20175,SEWARD
337411,371787,2017500003170001002,43648.669757635419955,1800.000000000000000,900.000000000000000,,,37800.000000000000000,900.000000000000000,,36900.000000000000000,,36900.000000000000000,,,36000.000000000000000,28224.000000000000000,,20175,SEWARD
337412,371788,2017500033080002003,489655.588310491817538,484200.000000000000000,5400.000000000000000,483300.000000000000000,,476100.000000000000000,463500.000000000000000,25200.000000000000000,471600.000000000000000,480600.000000000000000,138600.000000000000000,474300.000000000000000,,476100.000000000000000,457856.000000000000000,423360.000000000000000,20175,SEWARD
337413,371789,2017500042940001004,448431.873067583888769,193500.000000000000000,,,,,,,,,1800.000000000000000,,,,,3136.000000000000000,20175,SEWARD
337414,371790,2017500034650001001,602097.340846136095934,900.000000000000000,,,,,,,,,900.000000000000000,2700.000000000000000,,,,,20175,SEWARD
337415,371791,2017500006600004001,525795.275653347256593,122400.000000000000000,484200.000000000000000,,473400.000000000000000,,477000.000000000000000,,478800.000000000000000,,494100.000000000000000,479700.000000000000000,,,476672.000000000000000,454720.000000000000000,20175,SEWARD
337416,371792,2017500037750001003,45150.504775955523655,15300.000000000000000,42300.000000000000000,,3600.000000000000000,39600.000000000000000,,,1800.000000000000000,1800.000000000000000,6300.000000000000000,,,,,,20175,SEWARD
337418,371794,2017500040650001001,645803.160139452898875,618300.000000000000000,11700.000000000000000,,26100.000000000000000,,,,,,,,,,,3136.000000000000000,20175,SEWARD
337419,371795,2017500042230001002,4497.638828173006004,,2700.000000000000000,900.000000000000000,3600.000000000000000,,1800.000000000000000,900.000000000000000,900.000000000000000,1800.000000000000000,,1800.000000000000000,,3600.000000000000000,,6272.000000000000000,20175,SEWARD
337420,371796,2017500039840001001,490051.325123552232981,1800.000000000000000,,900.000000000000000,7200.000000000000000,,,,900.000000000000000,478800.000000000000000,480600.000000000000000,471600.000000000000000,440100.000000000000000,473400.000000000000000,457856.000000000000000,410816.000000000000000,20175,SEWARD
337421,371797,2017500036570001001,23260.805298200775724,16200.000000000000000,14400.000000000000000,,,1800.000000000000000,,,6300.000000000000000,,,19800.000000000000000,2700.000000000000000,9000.000000000000000,12544.000000000000000,9408.000000000000000,20175,SEWARD
337422,371798,2017500038460001004,64341.900932504016964,10800.000000000000000,9900.000000000000000,1800.000000000000000,5400.000000000000000,23400.000000000000000,,3600.000000000000000,,13500.000000000000000,10800.000000000000000,4500.000000000000000,4500.000000000000000,,3136.000000000000000,6272.000000000000000,20175,SEWARD
337423,371799,2017500001540001007,492004.088350578327663,900.000000000000000,483300.000000000000000,,474300.000000000000000,,464400.000000000000000,,474300.000000000000000,,460800.000000000000000,,479700.000000000000000,,429632.000000000000000,,20175,SEWARD
337424,371800,2017500041570005001,28085.355296100653504,,900.000000000000000,900.000000000000000,,,,900.000000000000000,2700.000000000000000,,,,6300.000000000000000,9900.000000000000000,,9408.000000000000000,20175,SEWARD
337425,371801,2017500007140011001,507872.681775977427606,22500.000000000000000,4500.000000000000000,5400.000000000000000,,129600.000000000000000,97200.000000000000000,9900.000000000000000,125100.000000000000000,900.000000000000000,423000.000000000000000,,483300.000000000000000,1800.000000000000000,,432768.000000000000000,20175,SEWARD
337426,371802,2017500006390001001,479197.646780931390822,14400.000000000000000,211500.000000000000000,214200.000000000000000,25200.000000000000000,4500.000000000000000,,,1800.000000000000000,8100.000000000000000,,124200.000000000000000,200700.000000000000000,,119168.000000000000000,,20175,SEWARD
337427,371803,2017500001600001003,32746.706534947672480,25200.000000000000000,14400.000000000000000,16200.000000000000000,,1800.000000000000000,,,,900.000000000000000,,,8100.000000000000000,6300.000000000000000,18816.000000000000000,9408.000000000000000,20175,SEWARD
337428,371804,2017500001570001005,23832.297281139297411,,14400.000000000000000,3600.000000000000000,8100.000000000000000,,2700.000000000000000,,,,900.000000000000000,1800.000000000000000,,,,,20175,SEWARD
337429,371805,2017500000570004001,622108.072117962758057,900.000000000000000,900.000000000000000,,,,,,,,1800.000000000000000,2700.000000000000000,,900.000000000000000,,,20175,SEWARD
337430,371806,2017500038840001004,511875.249802544887643,501300.000000000000000,900.000000000000000,900.000000000000000,491400.000000000000000,495000.000000000000000,,900.000000000000000,504900.000000000000000,482400.000000000000000,900.000000000000000,4500.000000000000000,504000.000000000000000,508500.000000000000000,,9408.000000000000000,20175,SEWARD
337431,371807,2017500041790001001,498525.528394723543897,488700.000000000000000,157500.000000000000000,486900.000000000000000,491400.000000000000000,477900.000000000000000,475200.000000000000000,460800.000000000000000,,479700.000000000000000,477000.000000000000000,,477900.000000000000000,488700.000000000000000,3136.000000000000000,482944.000000000000000,20175,SEWARD
337432,371808,2017500009220001003,34806.640628406443284,,900.000000000000000,,27900.000000000000000,,2700.000000000000000,900.000000000000000,,,1800.000000000000000,9000.000000000000000,900.000000000000000,2700.000000000000000,,,20175,SEWARD
337433,371809,2017500040130001001,32189.864695623982698,,,,,,1800.000000000000000,,,,900.000000000000000,,900.000000000000000,,,,20175,SEWARD
337434,371810,2017500000090005002,498845.433108958299272,1800.000000000000000,413100.000000000000000,900.000000000000000,117000.000000000000000,179100.000000000000000,,,94500.000000000000000,900.000000000000000,2700.000000000000000,317700.000000000000000,489600.000000000000000,,,269696.000000000000000,20175,SEWARD
337435,371811,2017500041360002002,511923.565284255018923,,498600.000000000000000,6300.000000000000000,480600.000000000000000,82800.000000000000000,482400.000000000000000,,,480600.000000000000000,900.000000000000000,389700.000000000000000,487800.000000000000000,,,241472.000000000000000,20175,SEWARD
337436,371812,2017500041270002001,18605.907050484489446,900.000000000000000,1800.000000000000000,,,900.000000000000000,900.000000000000000,,1800.000000000000000,,1800.000000000000000,5400.000000000000000,4500.000000000000000,,,,20175,SEWARD
337437,371813,2017500006680001001,252424.640802182169864,19800.000000000000000,,,11700.000000000000000,,,,,,900.000000000000000,,,,153664.000000000000000,3136.000000000000000,20175,SEWARD
337438,371814,2017500009230002001,37757.589412820132566,2700.000000000000000,,4500.000000000000000,3600.000000000000000,2700.000000000000000,,,,7200.000000000000000,3600.000000000000000,,5400.000000000000000,21600.000000000000000,,,20175,SEWARD
337439,371815,2017500039560006001,41342.757206220652733,4500.000000000000000,9000.000000000000000,900.000000000000000,3600.000000000000000,1800.000000000000000,3600.000000000000000,900.000000000000000,1800.000000000000000,900.000000000000000,900.000000000000000,3600.000000000000000,2700.000000000000000,7200.000000000000000,,,20175,SEWARD
337440,371816,2017500004710001003,4948.685039505642635,2700.000000000000000,,1800.000000000000000,1800.000000000000000,900.000000000000000,,,,,,,,1800.000000000000000,,,20175,SEWARD
337441,371817,2017500040640001008,499933.178555440914351,491400.000000000000000,,482400.000000000000000,,477000.000000000000000,,469800.000000000000000,,488700.000000000000000,,475200.000000000000000,,,332416.000000000000000,,20175,SEWARD
337442,371818,2017500005730001002,128468.463161875930382,,4500.000000000000000,,,10800.000000000000000,,,,,,,,900.000000000000000,15680.000000000000000,,20175,SEWARD
337443,371819,2017500039580005001,4860.187606790212158,6300.000000000000000,,,2700.000000000000000,6300.000000000000000,,900.000000000000000,1800.000000000000000,1800.000000000000000,900.000000000000000,2700.000000000000000,900.000000000000000,1800.000000000000000,,,20175,SEWARD
337444,371820,2017500039720002001,179636.128137896797853,,2700.000000000000000,900.000000000000000,33300.000000000000000,9000.000000000000000,,,,1800.000000000000000,900.000000000000000,900.000000000000000,9000.000000000000000,,,6272.000000000000000,20175,SEWARD
337445,371821,2017500002940004001,33033.363500632869545,29700.000000000000000,7200.000000000000000,4500.000000000000000,27900.000000000000000,27900.000000000000000,,2700.000000000000000,3600.000000000000000,900.000000000000000,2700.000000000000000,4500.000000000000000,12600.000000000000000,1800.000000000000000,3136.000000000000000,,20175,SEWARD
337446,371822,2017500006000003001,135063.077387102064677,,,,,,,,,,,,,,,,20175,SEWARD
337447,371823,2017500041070001005,255783.618861689785263,52200.000000000000000,5400.000000000000000,21600.000000000000000,231300.000000000000000,6300.000000000000000,238500.000000000000000,900.000000000000000,,,234900.000000000000000,5400.000000000000000,23400.000000000000000,4500.000000000000000,228928.000000000000000,12544.000000000000000,20175,SEWARD
337448,371824,2017500008800001001,285510.518134449666832,76500.000000000000000,271800.000000000000000,111600.000000000000000,9900.000000000000000,900.000000000000000,,,,5400.000000000000000,,,,,,,20175,SEWARD
337449,371825,2017500041550003001,12024.106774220072111,,,,,,,,,,,,,,,,20175,SEWARD
337450,371826,2017500009220007003,474447.572025351575576,23400.000000000000000,,,466200.000000000000000,,60300.000000000000000,900.000000000000000,,,3600.000000000000000,21600.000000000000000,,,,,20175,SEWARD
337451,371827,2017500007870001001,197972.532487292104634,,,,,,,,,,,,,,,,20175,SEWARD
337452,371828,2017500000450001001,499568.374416240723804,,493200.000000000000000,,487800.000000000000000,,460800.000000000000000,,469800.000000000000000,467100.000000000000000,,464400.000000000000000,,477900.000000000000000,,413952.000000000000000,20175,SEWARD
337453,371829,2017500009370001001,497071.837843519111630,489600.000000000000000,19800.000000000000000,8100.000000000000000,492300.000000000000000,25200.000000000000000,480600.000000000000000,47700.000000000000000,491400.000000000000000,489600.000000000000000,481500.000000000000000,485100.000000000000000,484200.000000000000000,484200.000000000000000,482944.000000000000000,454720.000000000000000,20175,SEWARD
337454,371830,2017500006600001001,5638.148917900599372,,,,,1800.000000000000000,,,,,,,,,,,20175,SEWARD
337455,371831,2017500004190001001,485502.619630569708534,481500.000000000000000,483300.000000000000000,130500.000000000000000,477000.000000000000000,457200.000000000000000,453600.000000000000000,20700.000000000000000,477900.000000000000000,476100.000000000000000,477000.000000000000000,470700.000000000000000,476100.000000000000000,471600.000000000000000,470400.000000000000000,423360.000000000000000,20175,SEWARD
337456,371832,2017500004260001003,500926.641624440613668,482400.000000000000000,2700.000000000000000,477000.000000000000000,7200.000000000000000,477900.000000000000000,900.000000000000000,463500.000000000000000,2700.000000000000000,493200.000000000000000,387000.000000000000000,484200.000000000000000,81000.000000000000000,485100.000000000000000,426496.000000000000000,470400.000000000000000,20175,SEWARD
337457,371833,2017500008120001002,33796.805710709762934,,,2700.000000000000000,,1800.000000000000000,900.000000000000000,,,9000.000000000000000,1800.000000000000000,,5400.000000000000000,9900.000000000000000,,,20175,SEWARD
337458,371834,2017500041290001001,29504.883262116352853,,1800.000000000000000,,1800.000000000000000,900.000000000000000,2700.000000000000000,,2700.000000000000000,,,2700.000000000000000,4500.000000000000000,,,,20175,SEWARD
337459,371835,2017500008940001001,307499.739902321714908,86400.000000000000000,14400.000000000000000,,900.000000000000000,90000.000000000000000,3600.000000000000000,,,,,900.000000000000000,,,,3136.000000000000000,20175,SEWARD
337460,371836,2017500007040010001,30469.344262645507115,2700.000000000000000,900.000000000000000,,1800.000000000000000,,,,,,,2700.000000000000000,900.000000000000000,8100.000000000000000,,,20175,SEWARD
337461,371837,2017500035510004009,511495.602873483789153,507600.000000000000000,,502200.000000000000000,1800.000000000000000,488700.000000000000000,,472500.000000000000000,,509400.000000000000000,,489600.000000000000000,486000.000000000000000,509400.000000000000000,479808.000000000000000,442176.000000000000000,20175,SEWARD
337462,371838,2017500004720002001,24467.804529602643015,900.000000000000000,900.000000000000000,,,,,,,,,,,900.000000000000000,3136.000000000000000,,20175,SEWARD
337463,371839,2017500036800001001,97055.365441704983823,,2700.000000000000000,,2700.000000000000000,,,,,4500.000000000000000,2700.000000000000000,900.000000000000000,,6300.000000000000000,,,20175,SEWARD
337464,371840,2017500039830004001,35723.880335305228073,900.000000000000000,,,,,,,,11700.000000000000000,12600.000000000000000,8100.000000000000000,9900.000000000000000,9000.000000000000000,,12544.000000000000000,20175,SEWARD
337465,371841,2017500004420001002,982256.879386887769215,803700.000000000000000,792900.000000000000000,797400.000000000000000,970200.000000000000000,792000.000000000000000,416700.000000000000000,378900.000000000000000,541800.000000000000000,687600.000000000000000,474300.000000000000000,495900.000000000000000,477900.000000000000000,477900.000000000000000,435904.000000000000000,166208.000000000000000,20175,SEWARD
337466,371842,2017500033850001003,28763.033496092859423,10800.000000000000000,20700.000000000000000,900.000000000000000,1800.000000000000000,11700.000000000000000,,,1800.000000000000000,1800.000000000000000,,,9900.000000000000000,10800.000000000000000,12544.000000000000000,21952.000000000000000,20175,SEWARD
337467,371843,2017500003780001004,30083.281843093664065,,3600.000000000000000,900.000000000000000,900.000000000000000,,900.000000000000000,,,6300.000000000000000,900.000000000000000,4500.000000000000000,4500.000000000000000,900.000000000000000,,15680.000000000000000,20175,SEWARD
337468,371844,2017500033710004003,170860.016795645380626,16200.000000000000000,147600.000000000000000,,,43200.000000000000000,,,40500.000000000000000,,1800.000000000000000,73800.000000000000000,161100.000000000000000,6300.000000000000000,,,20175,SEWARD
337469,371845,2017500001520001001,31671.245123839937150,,,,1800.000000000000000,900.000000000000000,,,,,900.000000000000000,2700.000000000000000,,3600.000000000000000,,,20175,SEWARD
337470,371846,2017500001210006001,23322.016719841110898,2700.000000000000000,3600.000000000000000,900.000000000000000,2700.000000000000000,2700.000000000000000,900.000000000000000,,2700.000000000000000,,,900.000000000000000,6300.000000000000000,,,15680.000000000000000,20175,SEWARD
337471,371847,2017500042120003001,182330.604290699324338,,,,,,,,,,,,,,,,20175,SEWARD
337472,371848,2017500009590001001,284506.120047380274627,234900.000000000000000,1800.000000000000000,,145800.000000000000000,261900.000000000000000,259200.000000000000000,,,,8100.000000000000000,14400.000000000000000,,109800.000000000000000,,,20175,SEWARD
337473,371849,2017500000090006001,31118.831602426958852,,,,,,,,,,,,,,,,20175,SEWARD
337474,371850,2017500003510001001,1261474.911034390795976,560700.000000000000000,359100.000000000000000,900.000000000000000,1197900.000000000000000,236700.000000000000000,,2700.000000000000000,43200.000000000000000,156600.000000000000000,4500.000000000000000,4500.000000000000000,,,31360.000000000000000,,20175,SEWARD
337475,371851,2017500003240001003,182463.846192761033308,,,2700.000000000000000,7200.000000000000000,,,,3600.000000000000000,900.000000000000000,,,15300.000000000000000,,,3136.000000000000000,20175,SEWARD
337476,371852,2017500001600001004,32511.026847882618313,29700.000000000000000,22500.000000000000000,15300.000000000000000,,8100.000000000000000,,,,2700.000000000000000,,4500.000000000000000,24300.000000000000000,16200.000000000000000,18816.000000000000000,31360.000000000000000,20175,SEWARD
337477,371853,2017500008600001001,135818.551556619146140,122400.000000000000000,1800.000000000000000,,68400.000000000000000,900.000000000000000,15300.000000000000000,,900.000000000000000,22500.000000000000000,,17100.000000000000000,4500.000000000000000,28800.000000000000000,,,20175,SEWARD
337478,371854,2017500039520001001,33692.248298307844379,3600.000000000000000,5400.000000000000000,,5400.000000000000000,2700.000000000000000,3600.000000000000000,1800.000000000000000,4500.000000000000000,3600.000000000000000,2700.000000000000000,11700.000000000000000,10800.000000000000000,7200.000000000000000,,9408.000000000000000,20175,SEWARD
337479,371855,2017500007770001001,101529.175817899260437,,4500.000000000000000,10800.000000000000000,4500.000000000000000,,,,,36900.000000000000000,10800.000000000000000,,,,,68992.000000000000000,20175,SEWARD
337480,371856,2017500004610001003,32059.457717855908413,27000.000000000000000,,,25200.000000000000000,27000.000000000000000,,,900.000000000000000,4500.000000000000000,,3600.000000000000000,,900.000000000000000,,3136.000000000000000,20175,SEWARD
337481,371857,2017500039480003001,29237.995757903154299,6300.000000000000000,,2700.000000000000000,,900.000000000000000,,,900.000000000000000,,,5400.000000000000000,,2700.000000000000000,,,20175,SEWARD
337482,371858,2017500000940004003,34551.035204205370974,900.000000000000000,9000.000000000000000,900.000000000000000,900.000000000000000,4500.000000000000000,7200.000000000000000,7200.000000000000000,10800.000000000000000,6300.000000000000000,6300.000000000000000,11700.000000000000000,9000.000000000000000,9000.000000000000000,,3136.000000000000000,20175,SEWARD
337483,371859,2017500000220006003,500131.150685308850370,,,,,480600.000000000000000,475200.000000000000000,450000.000000000000000,459000.000000000000000,477900.000000000000000,,,480600.000000000000000,473400.000000000000000,,,20175,SEWARD
337484,371860,2017500035950001001,130592.323970414625364,119700.000000000000000,,,111600.000000000000000,,900.000000000000000,,900.000000000000000,15300.000000000000000,1800.000000000000000,900.000000000000000,4500.000000000000000,,,,20175,SEWARD
337485,371861,2017500006020001001,438064.253180346335284,900.000000000000000,,,,9000.000000000000000,900.000000000000000,,,,,,,,,,20175,SEWARD
337486,371862,2017500007480001003,491092.329004602681380,486900.000000000000000,485100.000000000000000,3600.000000000000000,477900.000000000000000,481500.000000000000000,458100.000000000000000,465300.000000000000000,471600.000000000000000,480600.000000000000000,484200.000000000000000,477000.000000000000000,464400.000000000000000,479700.000000000000000,451584.000000000000000,448448.000000000000000,20175,SEWARD
337487,371863,2017500040640001009,505998.059992192313075,2700.000000000000000,481500.000000000000000,,487800.000000000000000,,442800.000000000000000,,480600.000000000000000,,469800.000000000000000,,,,,18816.000000000000000,20175,SEWARD
337488,371864,2017500037620001003,565280.708126486861147,9000.000000000000000,499500.000000000000000,357300.000000000000000,,505800.000000000000000,474300.000000000000000,475200.000000000000000,486000.000000000000000,515700.000000000000000,493200.000000000000000,480600.000000000000000,482400.000000000000000,453600.000000000000000,,,20175,SEWARD
337489,371865,2017500036130004001,30099.926119953233865,,900.000000000000000,,,1800.000000000000000,,,,900.000000000000000,,1800.000000000000000,,,3136.000000000000000,,20175,SEWARD
337490,371866,2017500003200010001,31353.526558528152236,,5400.000000000000000,,4500.000000000000000,,,900.000000000000000,,5400.000000000000000,,,900.000000000000000,,,6272.000000000000000,20175,SEWARD
337491,371867,2017500003080001006,29083.747442528750980,900.000000000000000,,,4500.000000000000000,,,,,1800.000000000000000,1800.000000000000000,,,,,,20175,SEWARD
337492,371868,2017500037720004001,39304.642595282661205,2700.000000000000000,2700.000000000000000,8100.000000000000000,3600.000000000000000,,,,2700.000000000000000,,,9900.000000000000000,18000.000000000000000,,,,20175,SEWARD
337493,371869,2017500042590007001,41401.135863756913750,900.000000000000000,,,,,,,900.000000000000000,,,3600.000000000000000,,1800.000000000000000,,,20175,SEWARD
337494,371870,2017500006930008001,13679.894996192639155,900.000000000000000,900.000000000000000,,,,,,,,,,,,,,20175,SEWARD
337495,371871,2017500040440001001,231345.208851947914809,,219600.000000000000000,5400.000000000000000,,,,,,,,,1800.000000000000000,,,,20175,SEWARD
337496,371872,2017500034830001002,138964.019049086957239,6300.000000000000000,900.000000000000000,900.000000000000000,7200.000000000000000,,,2700.000000000000000,3600.000000000000000,6300.000000000000000,4500.000000000000000,,29700.000000000000000,10800.000000000000000,,,20175,SEWARD
337497,371873,2017500040130002001,31856.916039149407879,,1800.000000000000000,,,,,,2700.000000000000000,,2700.000000000000000,,,,3136.000000000000000,,20175,SEWARD
337498,371874,2017500001520001002,33071.373174800086417,2700.000000000000000,5400.000000000000000,,5400.000000000000000,8100.000000000000000,900.000000000000000,900.000000000000000,5400.000000000000000,,7200.000000000000000,8100.000000000000000,900.000000000000000,4500.000000000000000,,,20175,SEWARD
337499,371875,2017500040690001001,190007.391401070170105,183600.000000000000000,900.000000000000000,182700.000000000000000,11700.000000000000000,187200.000000000000000,,,,13500.000000000000000,184500.000000000000000,187200.000000000000000,186300.000000000000000,1800.000000000000000,178752.000000000000000,147392.000000000000000,20175,SEWARD
337500,371876,2017500001110002001,607251.101541761890985,128700.000000000000000,158400.000000000000000,1800.000000000000000,29700.000000000000000,25200.000000000000000,,,28800.000000000000000,4500.000000000000000,900.000000000000000,1800.000000000000000,,,,498624.000000000000000,20175,SEWARD
337501,371877,2017500036130013001,20689.380877411123947,,,,,,,,,,,,,900.000000000000000,,9408.000000000000000,20175,SEWARD
337502,371878,2017500003240005007,31592.330191115412163,,,,,,,,,,,,,,,,20175,SEWARD
337503,371879,2017500039060001001,145239.351334717357531,,,900.000000000000000,,,,,,,,,900.000000000000000,,,3136.000000000000000,20175,SEWARD
337504,371880,2017500001170002001,517926.198682446090970,514800.000000000000000,1800.000000000000000,499500.000000000000000,900.000000000000000,508500.000000000000000,1800.000000000000000,489600.000000000000000,1800.000000000000000,504900.000000000000000,3600.000000000000000,510300.000000000000000,505800.000000000000000,510300.000000000000000,492352.000000000000000,423360.000000000000000,20175,SEWARD
337505,371881,2017500004870001001,32495.332010243149853,9000.000000000000000,32400.000000000000000,6300.000000000000000,7200.000000000000000,900.000000000000000,900.000000000000000,4500.000000000000000,900.000000000000000,18900.000000000000000,8100.000000000000000,10800.000000000000000,6300.000000000000000,7200.000000000000000,,9408.000000000000000,20175,SEWARD
337506,371882,2017500036780003001,289239.032003706844989,,,,,,,,,,,900.000000000000000,,,,,20175,SEWARD
337507,371883,2017500003290001001,566052.787104425253347,4500.000000000000000,900.000000000000000,,,,,,,,,,,,,,20175,SEWARD
337508,371884,2017500003080001007,15879.906378499083075,12600.000000000000000,12600.000000000000000,,12600.000000000000000,,12600.000000000000000,12600.000000000000000,12600.000000000000000,12600.000000000000000,12600.000000000000000,900.000000000000000,12600.000000000000000,,25088.000000000000000,3136.000000000000000,20175,SEWARD
337509,371885,2017500006700001001,490566.336764812062029,370800.000000000000000,7200.000000000000000,453600.000000000000000,2700.000000000000000,463500.000000000000000,,458100.000000000000000,459000.000000000000000,,3600.000000000000000,467100.000000000000000,481500.000000000000000,1800.000000000000000,464128.000000000000000,442176.000000000000000,20175,SEWARD
337510,371886,2017500035390003001,34573.362616490347136,900.000000000000000,2700.000000000000000,,,,,,,900.000000000000000,9000.000000000000000,4500.000000000000000,4500.000000000000000,6300.000000000000000,,,20175,SEWARD
337511,371887,2017500042120011001,21730.156768535412994,,,,,,,,,,,900.000000000000000,,,,,20175,SEWARD
337512,371888,2017500033640001002,36094.499984062946169,900.000000000000000,32400.000000000000000,,,4500.000000000000000,,,,9000.000000000000000,,4500.000000000000000,1800.000000000000000,,,,20175,SEWARD
337513,371889,2017500039540002001,28501.656954268968548,3600.000000000000000,1800.000000000000000,,2700.000000000000000,900.000000000000000,900.000000000000000,900.000000000000000,1800.000000000000000,,4500.000000000000000,900.000000000000000,,,,,20175,SEWARD
337514,371890,2017500035940001004,7293.563714975385665,1800.000000000000000,2700.000000000000000,900.000000000000000,6300.000000000000000,,,,900.000000000000000,900.000000000000000,,,,,3136.000000000000000,,20175,SEWARD
337515,371891,2017500006320001001,621914.718994090333581,2700.000000000000000,1800.000000000000000,,,1800.000000000000000,,,,,,,1800.000000000000000,,3136.000000000000000,3136.000000000000000,20175,SEWARD
337516,371892,2017500033080001001,488638.578183621983044,145800.000000000000000,100800.000000000000000,488700.000000000000000,6300.000000000000000,11700.000000000000000,8100.000000000000000,9000.000000000000000,4500.000000000000000,14400.000000000000000,52200.000000000000000,,5400.000000000000000,900.000000000000000,,,20175,SEWARD
337517,371893,2017500004520006001,59870.895910682374961,4500.000000000000000,900.000000000000000,5400.000000000000000,900.000000000000000,9900.000000000000000,,,,900.000000000000000,900.000000000000000,11700.000000000000000,5400.000000000000000,5400.000000000000000,6272.000000000000000,21952.000000000000000,20175,SEWARD
337518,371894,2017500004890001001,35615.657267598224280,1800.000000000000000,,,,1800.000000000000000,,,,7200.000000000000000,,5400.000000000000000,,7200.000000000000000,,6272.000000000000000,20175,SEWARD
337519,371895,2017500035650001002,335431.992153924249578,,2700.000000000000000,,,,,,2700.000000000000000,,,,,,,,20175,SEWARD
337520,371896,2017500005380002001,634221.027771625551395,900.000000000000000,,,,,,,,,,,,,,,20175,SEWARD
337521,371897,2017500033660001001,22939.370330021851260,6300.000000000000000,18000.000000000000000,,1800.000000000000000,,6300.000000000000000,,1800.000000000000000,1800.000000000000000,,6300.000000000000000,4500.000000000000000,,,,20175,SEWARD
337522,371898,2017500002600002001,11802.889298186355518,,,,,,,,,,,,,,,,20175,SEWARD
337523,371899,2017500038650002004,29803.164430669632566,,,,27000.000000000000000,,,,,,4500.000000000000000,,2700.000000000000000,900.000000000000000,,6272.000000000000000,20175,SEWARD
337524,371900,2017500033080001002,39053.777960015228018,5400.000000000000000,1800.000000000000000,900.000000000000000,,,,,,1800.000000000000000,900.000000000000000,,,,,,20175,SEWARD
337525,371901,2017500004360001001,508011.026703010487836,507600.000000000000000,507600.000000000000000,503100.000000000000000,506700.000000000000000,504900.000000000000000,,250200.000000000000000,36900.000000000000000,500400.000000000000000,270900.000000000000000,502200.000000000000000,15300.000000000000000,496800.000000000000000,498624.000000000000000,511168.000000000000000,20175,SEWARD
337526,371902,2017500001230001001,384044.926159215508960,4500.000000000000000,2700.000000000000000,,,,,,,,,,,,,,20175,SEWARD
337527,371903,2017500010110002004,29161.375377837681299,23400.000000000000000,1800.000000000000000,900.000000000000000,2700.000000000000000,,,900.000000000000000,2700.000000000000000,3600.000000000000000,4500.000000000000000,6300.000000000000000,5400.000000000000000,4500.000000000000000,3136.000000000000000,,20175,SEWARD
337528,371904,2017500000270001001,414891.327664931653999,254700.000000000000000,4500.000000000000000,1800.000000000000000,385200.000000000000000,,,900.000000000000000,2700.000000000000000,54000.000000000000000,32400.000000000000000,,1800.000000000000000,89100.000000000000000,,,20175,SEWARD
337529,371905,2017500038110001001,321550.804868355393410,4500.000000000000000,,,,,,,,2700.000000000000000,,,,900.000000000000000,6272.000000000000000,6272.000000000000000,20175,SEWARD
337530,371906,2017500008090001001,598638.996138734044507,,8100.000000000000000,,,161100.000000000000000,,,,,,,,,,,20175,SEWARD
337531,371907,2017500002770001002,33198.437747245370701,25200.000000000000000,3600.000000000000000,,,,,,1800.000000000000000,900.000000000000000,1800.000000000000000,,,6300.000000000000000,,,20175,SEWARD
337532,371908,2017500008690002001,143824.048720587452408,900.000000000000000,9000.000000000000000,,,109800.000000000000000,36900.000000000000000,,,,900.000000000000000,,,,75264.000000000000000,9408.000000000000000,20175,SEWARD
337533,371909,2017500041610001002,313547.407563268847298,,,7200.000000000000000,,10800.000000000000000,900.000000000000000,,2700.000000000000000,,,,,4500.000000000000000,,,20175,SEWARD
337534,371910,2017500003080001008,119490.865170721648610,120600.000000000000000,120600.000000000000000,4500.000000000000000,120600.000000000000000,4500.000000000000000,117000.000000000000000,119700.000000000000000,118800.000000000000000,117000.000000000000000,120600.000000000000000,3600.000000000000000,120600.000000000000000,,128576.000000000000000,25088.000000000000000,20175,SEWARD
337535,371911,2017500004110007001,31565.982760142673214,,3600.000000000000000,,900.000000000000000,,2700.000000000000000,,6300.000000000000000,,900.000000000000000,15300.000000000000000,15300.000000000000000,,12544.000000000000000,,20175,SEWARD
337536,371912,2017500034410001002,205949.784799984627170,31500.000000000000000,40500.000000000000000,157500.000000000000000,33300.000000000000000,1800.000000000000000,900.000000000000000,,146700.000000000000000,130500.000000000000000,99000.000000000000000,22500.000000000000000,8100.000000000000000,900.000000000000000,,,20175,SEWARD
337537,371913,2017500040300004001,35441.526151015765208,6300.000000000000000,6300.000000000000000,4500.000000000000000,2700.000000000000000,3600.000000000000000,3600.000000000000000,1800.000000000000000,3600.000000000000000,,9000.000000000000000,3600.000000000000000,1800.000000000000000,5400.000000000000000,,9408.000000000000000,20175,SEWARD
337538,371914,2017500004210002001,644624.083155499072745,5400.000000000000000,1800.000000000000000,,,20700.000000000000000,900.000000000000000,,900.000000000000000,,,,5400.000000000000000,,3136.000000000000000,,20175,SEWARD
337539,371915,2017500004100001001,43443.550976200509467,2700.000000000000000,26100.000000000000000,,11700.000000000000000,,,1800.000000000000000,8100.000000000000000,6300.000000000000000,2700.000000000000000,13500.000000000000000,12600.000000000000000,1800.000000000000000,,3136.000000000000000,20175,SEWARD
337540,371916,2017500034100001007,64464.166574568902433,,12600.000000000000000,4500.000000000000000,,2700.000000000000000,6300.000000000000000,4500.000000000000000,,900.000000000000000,8100.000000000000000,9000.000000000000000,900.000000000000000,,6272.000000000000000,12544.000000000000000,20175,SEWARD
337541,371917,2017500001150023001,9624.183954156062100,,,,,900.000000000000000,,,,,,,,1800.000000000000000,,6272.000000000000000,20175,SEWARD
337542,371918,2017500000160004001,510022.308533224859275,498600.000000000000000,491400.000000000000000,25200.000000000000000,494100.000000000000000,33300.000000000000000,493200.000000000000000,46800.000000000000000,484200.000000000000000,465300.000000000000000,496800.000000000000000,464400.000000000000000,499500.000000000000000,490500.000000000000000,486080.000000000000000,460992.000000000000000,20175,SEWARD
337543,371919,2017500040620001001,440345.691653303685598,6300.000000000000000,426600.000000000000000,7200.000000000000000,6300.000000000000000,430200.000000000000000,3600.000000000000000,372600.000000000000000,1800.000000000000000,419400.000000000000000,369000.000000000000000,422100.000000000000000,1800.000000000000000,430200.000000000000000,94080.000000000000000,401408.000000000000000,20175,SEWARD
337544,371920,2017500034330001001,481681.303399299213197,,480600.000000000000000,481500.000000000000000,481500.000000000000000,481500.000000000000000,473400.000000000000000,475200.000000000000000,480600.000000000000000,9000.000000000000000,481500.000000000000000,460800.000000000000000,,471600.000000000000000,,25088.000000000000000,20175,SEWARD
337545,371921,2017500034440001002,34301.040014055986830,4500.000000000000000,1800.000000000000000,1800.000000000000000,1800.000000000000000,5400.000000000000000,,900.000000000000000,,8100.000000000000000,5400.000000000000000,5400.000000000000000,7200.000000000000000,4500.000000000000000,,,20175,SEWARD
337546,371923,2017500002680007001,124660.263266765832668,80100.000000000000000,90000.000000000000000,81900.000000000000000,92700.000000000000000,76500.000000000000000,75600.000000000000000,77400.000000000000000,74700.000000000000000,76500.000000000000000,80100.000000000000000,124200.000000000000000,126000.000000000000000,61200.000000000000000,90944.000000000000000,18816.000000000000000,20175,SEWARD
337547,371924,2017500036760001001,465706.458853440941311,,,,,,,,,,900.000000000000000,,900.000000000000000,,,,20175,SEWARD
337548,371925,2017500000940002002,127550.795517033620854,10800.000000000000000,,,9900.000000000000000,5400.000000000000000,8100.000000000000000,34200.000000000000000,4500.000000000000000,3600.000000000000000,,70200.000000000000000,15300.000000000000000,40500.000000000000000,3136.000000000000000,43904.000000000000000,20175,SEWARD
337549,371926,2017500033480001004,194273.094067255384289,900.000000000000000,185400.000000000000000,12600.000000000000000,157500.000000000000000,186300.000000000000000,184500.000000000000000,,184500.000000000000000,,156600.000000000000000,,190800.000000000000000,,,,20175,SEWARD
337550,371927,2017500042430001002,122381.698614277527668,,,,,,,,,,,,,,,,20175,SEWARD
337551,371928,2017500034420001003,89637.105425174013362,10800.000000000000000,37800.000000000000000,32400.000000000000000,27900.000000000000000,2700.000000000000000,3600.000000000000000,,13500.000000000000000,18900.000000000000000,14400.000000000000000,900.000000000000000,,900.000000000000000,,,20175,SEWARD
337552,371929,2017500007480001004,121571.499108427015017,68400.000000000000000,96300.000000000000000,3600.000000000000000,7200.000000000000000,3600.000000000000000,1800.000000000000000,,9000.000000000000000,,8100.000000000000000,3600.000000000000000,1800.000000000000000,6300.000000000000000,,3136.000000000000000,20175,SEWARD
337553,371930,2017500042850002005,83268.727660017015296,2700.000000000000000,900.000000000000000,,,,,,,,,1800.000000000000000,9000.000000000000000,1800.000000000000000,,6272.000000000000000,20175,SEWARD
337554,371931,2017500000680001001,358506.910237058007624,238500.000000000000000,147600.000000000000000,47700.000000000000000,176400.000000000000000,1800.000000000000000,23400.000000000000000,2700.000000000000000,9900.000000000000000,900.000000000000000,,61200.000000000000000,27000.000000000000000,23400.000000000000000,,,20175,SEWARD
337555,371932,2017500042460003002,405704.069009020749945,25200.000000000000000,15300.000000000000000,5400.000000000000000,21600.000000000000000,,900.000000000000000,,,2700.000000000000000,900.000000000000000,18000.000000000000000,11700.000000000000000,3600.000000000000000,,31360.000000000000000,20175,SEWARD
337556,371933,2017500001350001001,508187.144527073600329,145800.000000000000000,499500.000000000000000,497700.000000000000000,501300.000000000000000,501300.000000000000000,489600.000000000000000,497700.000000000000000,499500.000000000000000,492300.000000000000000,12600.000000000000000,494100.000000000000000,500400.000000000000000,495900.000000000000000,467264.000000000000000,479808.000000000000000,20175,SEWARD
337557,371934,2017500040060004001,83866.633637459541205,,,,,,,,,3600.000000000000000,,,,,,,20175,SEWARD
337558,371935,2017500000610001001,320030.682719307427760,9900.000000000000000,4500.000000000000000,2700.000000000000000,46800.000000000000000,124200.000000000000000,3600.000000000000000,900.000000000000000,15300.000000000000000,41400.000000000000000,69300.000000000000000,2700.000000000000000,16200.000000000000000,2700.000000000000000,,6272.000000000000000,20175,SEWARD
337559,371936,2017500038890004001,34383.352320388163207,11700.000000000000000,5400.000000000000000,900.000000000000000,,2700.000000000000000,,,,9900.000000000000000,,9900.000000000000000,900.000000000000000,7200.000000000000000,3136.000000000000000,,20175,SEWARD
337560,371937,2017500001150008001,35518.497260400428786,900.000000000000000,900.000000000000000,,,900.000000000000000,2700.000000000000000,2700.000000000000000,,900.000000000000000,1800.000000000000000,,3600.000000000000000,900.000000000000000,,9408.000000000000000,20175,SEWARD
337561,371938,2017500009840001001,494127.190159542311449,493200.000000000000000,298800.000000000000000,,,494100.000000000000000,,491400.000000000000000,,475200.000000000000000,,489600.000000000000000,,486900.000000000000000,,448448.000000000000000,20175,SEWARD
337562,371939,2017500001460015001,16010.562986603279569,2700.000000000000000,2700.000000000000000,,2700.000000000000000,3600.000000000000000,3600.000000000000000,3600.000000000000000,1800.000000000000000,4500.000000000000000,3600.000000000000000,1800.000000000000000,5400.000000000000000,1800.000000000000000,,,20175,SEWARD
337563,371940,2017500041970001001,95541.864517732174136,,,,,,,,,,,,,,,,20175,SEWARD
337564,371941,2017500001550001001,21923.999291368134436,,13500.000000000000000,11700.000000000000000,3600.000000000000000,11700.000000000000000,900.000000000000000,,4500.000000000000000,,,5400.000000000000000,,6300.000000000000000,,6272.000000000000000,20175,SEWARD
337565,371942,2017500003200009001,28685.056306861544726,,5400.000000000000000,,,,,,900.000000000000000,9900.000000000000000,,3600.000000000000000,1800.000000000000000,900.000000000000000,,6272.000000000000000,20175,SEWARD
337566,371943,2017500040640001010,41386.845869919685356,,,,900.000000000000000,,,,,,,,,,,,20175,SEWARD
337567,371944,2017500008440001001,488118.487536075175740,398700.000000000000000,,,900.000000000000000,,,5400.000000000000000,8100.000000000000000,,900.000000000000000,,,,6272.000000000000000,,20175,SEWARD
337568,371945,2017500039990002001,509700.852184745308477,486000.000000000000000,487800.000000000000000,485100.000000000000000,493200.000000000000000,489600.000000000000000,477000.000000000000000,472500.000000000000000,480600.000000000000000,472500.000000000000000,488700.000000000000000,474300.000000000000000,2700.000000000000000,2700.000000000000000,6272.000000000000000,,20175,SEWARD
337569,371946,2017500001620001002,39144.700405593466712,26100.000000000000000,26100.000000000000000,900.000000000000000,,900.000000000000000,,,1800.000000000000000,3600.000000000000000,3600.000000000000000,,13500.000000000000000,9000.000000000000000,12544.000000000000000,21952.000000000000000,20175,SEWARD
337570,371947,2017500002230004001,41150.813814943074249,3600.000000000000000,8100.000000000000000,,8100.000000000000000,,,900.000000000000000,14400.000000000000000,,900.000000000000000,,,900.000000000000000,,,20175,SEWARD
337571,371948,2017500040970002001,501852.231463490752503,53100.000000000000000,19800.000000000000000,486900.000000000000000,,,,,900.000000000000000,2700.000000000000000,900.000000000000000,,,1800.000000000000000,,,20175,SEWARD
337572,371949,2017500005060001003,31268.665904850626248,,5400.000000000000000,,900.000000000000000,,900.000000000000000,,,,,,900.000000000000000,,,,20175,SEWARD
337573,371950,2017500005560001002,625181.691376759554259,,32400.000000000000000,6300.000000000000000,69300.000000000000000,14400.000000000000000,,,,900.000000000000000,4500.000000000000000,19800.000000000000000,13500.000000000000000,4500.000000000000000,,,20175,SEWARD
337574,371951,2017500036000001002,636402.972567416029051,15300.000000000000000,3600.000000000000000,,,900.000000000000000,,,,,,,3600.000000000000000,,,,20175,SEWARD
337575,371952,2017500035210003001,114225.182737630078918,,,,,,,,,,,3600.000000000000000,,,,,20175,SEWARD
337576,371953,2017500008120002002,44409.353409880401159,,,,,900.000000000000000,,,,5400.000000000000000,,2700.000000000000000,2700.000000000000000,3600.000000000000000,,12544.000000000000000,20175,SEWARD
337577,371954,2017500000090002001,70674.066079546581022,,,,1800.000000000000000,,900.000000000000000,,,,,,,,3136.000000000000000,,20175,SEWARD
337578,371955,2017500040990002008,10073.034337186154517,,900.000000000000000,,,,,,,,,,,2700.000000000000000,,,20175,SEWARD
337579,371956,2017500042120007001,48906.830155887801084,4500.000000000000000,900.000000000000000,,,900.000000000000000,,,,,,,,,,,20175,SEWARD
337580,371957,2017500006990001002,490656.039857146737631,490500.000000000000000,489600.000000000000000,487800.000000000000000,487800.000000000000000,486900.000000000000000,481500.000000000000000,485100.000000000000000,488700.000000000000000,484200.000000000000000,486900.000000000000000,480600.000000000000000,482400.000000000000000,483300.000000000000000,492352.000000000000000,473536.000000000000000,20175,SEWARD
337581,371958,2017500002240004001,63295.901090016443050,2700.000000000000000,,,,4500.000000000000000,,6300.000000000000000,,,,13500.000000000000000,7200.000000000000000,,6272.000000000000000,3136.000000000000000,20175,SEWARD
337582,371959,2017500004710009001,308357.151512315613218,237600.000000000000000,245700.000000000000000,237600.000000000000000,235800.000000000000000,239400.000000000000000,242100.000000000000000,226800.000000000000000,2700.000000000000000,,,,,,,,20175,SEWARD
337583,371960,2017500008890013001,80938.576266505740932,,,,,,,,900.000000000000000,,,1800.000000000000000,1800.000000000000000,,,9408.000000000000000,20175,SEWARD
337584,371961,2017500035540001001,654677.873631601803936,,900.000000000000000,,1800.000000000000000,,900.000000000000000,,900.000000000000000,,6300.000000000000000,2700.000000000000000,900.000000000000000,,,,20175,SEWARD
337585,371963,2017500002900002001,22316.899299754160893,21600.000000000000000,21600.000000000000000,,18000.000000000000000,,,15300.000000000000000,1800.000000000000000,18000.000000000000000,18000.000000000000000,19800.000000000000000,,17100.000000000000000,6272.000000000000000,6272.000000000000000,20175,SEWARD
337586,371964,2017500006190001001,284510.545841671351809,900.000000000000000,,,,,,,,,,,,,,,20175,SEWARD
337587,371965,2017500009690005001,25760.383064222056419,900.000000000000000,1800.000000000000000,,,,,,,1800.000000000000000,,,,900.000000000000000,,,20175,SEWARD
337588,371966,2017500002250001001,502575.021075807686429,495000.000000000000000,497700.000000000000000,,493200.000000000000000,,497700.000000000000000,,496800.000000000000000,,486900.000000000000000,,494100.000000000000000,,470400.000000000000000,,20175,SEWARD
337589,371967,2017500039560002001,33330.952462462715630,5400.000000000000000,4500.000000000000000,2700.000000000000000,3600.000000000000000,2700.000000000000000,,,,900.000000000000000,,4500.000000000000000,900.000000000000000,1800.000000000000000,3136.000000000000000,3136.000000000000000,20175,SEWARD
337590,371969,2017500039560007001,36240.315543109922146,6300.000000000000000,4500.000000000000000,900.000000000000000,9000.000000000000000,9900.000000000000000,2700.000000000000000,1800.000000000000000,1800.000000000000000,2700.000000000000000,1800.000000000000000,1800.000000000000000,1800.000000000000000,5400.000000000000000,3136.000000000000000,,20175,SEWARD
337591,371970,2017500035890001003,139657.620149231806863,,15300.000000000000000,900.000000000000000,,,,,9900.000000000000000,,14400.000000000000000,2700.000000000000000,,6300.000000000000000,,37632.000000000000000,20175,SEWARD
337592,371971,2017500035680003002,256135.384039396711159,,,,5400.000000000000000,900.000000000000000,900.000000000000000,,,2700.000000000000000,,4500.000000000000000,,11700.000000000000000,,,20175,SEWARD
337593,371973,2017500007580001004,215145.362227599369362,86400.000000000000000,900.000000000000000,,,117900.000000000000000,1800.000000000000000,,57600.000000000000000,116100.000000000000000,55800.000000000000000,,116100.000000000000000,,112896.000000000000000,,20175,SEWARD
337594,371974,2017500040470001001,509235.269803020986728,33300.000000000000000,492300.000000000000000,,4500.000000000000000,503100.000000000000000,,488700.000000000000000,,499500.000000000000000,496800.000000000000000,279000.000000000000000,495900.000000000000000,70200.000000000000000,489216.000000000000000,6272.000000000000000,20175,SEWARD
337595,371975,2017500008690001006,510805.546584656636696,498600.000000000000000,1800.000000000000000,480600.000000000000000,16200.000000000000000,2700.000000000000000,468900.000000000000000,,472500.000000000000000,52200.000000000000000,440100.000000000000000,486900.000000000000000,487800.000000000000000,491400.000000000000000,454720.000000000000000,106624.000000000000000,20175,SEWARD
337596,371976,2017500006750001003,30513.985321258132899,9900.000000000000000,11700.000000000000000,,2700.000000000000000,6300.000000000000000,,1800.000000000000000,2700.000000000000000,,,4500.000000000000000,,6300.000000000000000,9408.000000000000000,,20175,SEWARD
337597,371977,2017500005100004001,42196.584241538148490,900.000000000000000,900.000000000000000,,900.000000000000000,900.000000000000000,2700.000000000000000,1800.000000000000000,4500.000000000000000,9900.000000000000000,2700.000000000000000,,5400.000000000000000,,6272.000000000000000,3136.000000000000000,20175,SEWARD
337598,371978,2017500004260001004,176198.238244076172123,67500.000000000000000,59400.000000000000000,28800.000000000000000,137700.000000000000000,2700.000000000000000,,,,38700.000000000000000,5400.000000000000000,11700.000000000000000,4500.000000000000000,19800.000000000000000,,18816.000000000000000,20175,SEWARD
337600,371980,2017500006930003001,1963812.710197455249727,1273500.000000000000000,931500.000000000000000,914400.000000000000000,26100.000000000000000,941400.000000000000000,902700.000000000000000,909000.000000000000000,929700.000000000000000,901800.000000000000000,902700.000000000000000,894600.000000000000000,954900.000000000000000,939600.000000000000000,893760.000000000000000,862400.000000000000000,20175,SEWARD
337601,371981,2017500004260001005,33956.512191006484500,6300.000000000000000,29700.000000000000000,900.000000000000000,31500.000000000000000,,,,,5400.000000000000000,900.000000000000000,900.000000000000000,,900.000000000000000,,,20175,SEWARD
337602,371982,2017500008520001001,33509.160859093157342,,8100.000000000000000,23400.000000000000000,,,900.000000000000000,,2700.000000000000000,,,,,2700.000000000000000,,3136.000000000000000,20175,SEWARD
337603,371983,2017500039870003001,242841.942799831827870,,,,,,,,,,,,6300.000000000000000,,,,20175,SEWARD
337604,371985,2017500003900001003,503185.257382038340438,504000.000000000000000,494100.000000000000000,485100.000000000000000,504000.000000000000000,491400.000000000000000,489600.000000000000000,468900.000000000000000,462600.000000000000000,,390600.000000000000000,,,492300.000000000000000,473536.000000000000000,,20175,SEWARD
337605,371986,2017500004580001002,321607.901855671370868,,,9900.000000000000000,,,,,,,,254700.000000000000000,1800.000000000000000,,100352.000000000000000,,20175,SEWARD
337607,371988,2017500040540001001,643792.228486820706166,,,,,,,,,,,,2700.000000000000000,,,,20175,SEWARD
337608,371989,2017500001470008001,26776.100051944886218,1800.000000000000000,,,1800.000000000000000,900.000000000000000,,4500.000000000000000,1800.000000000000000,6300.000000000000000,900.000000000000000,1800.000000000000000,2700.000000000000000,,,,20175,SEWARD
337609,371990,2017500004820001001,501603.131731387285981,3600.000000000000000,9900.000000000000000,900.000000000000000,900.000000000000000,489600.000000000000000,40500.000000000000000,444600.000000000000000,1800.000000000000000,,57600.000000000000000,13500.000000000000000,,,,,20175,SEWARD
337610,371992,2017500007270001004,455544.724969070462976,378900.000000000000000,8100.000000000000000,1800.000000000000000,423000.000000000000000,410400.000000000000000,361800.000000000000000,302400.000000000000000,402300.000000000000000,438300.000000000000000,,,272700.000000000000000,449100.000000000000000,454720.000000000000000,439040.000000000000000,20175,SEWARD
337611,371993,2017500005450002002,220651.635838602407603,,9900.000000000000000,,31500.000000000000000,27000.000000000000000,,5400.000000000000000,4500.000000000000000,,11700.000000000000000,,,,,,20175,SEWARD
337612,371994,2017500009470005001,31261.914564895148942,,900.000000000000000,,,,4500.000000000000000,900.000000000000000,,,2700.000000000000000,5400.000000000000000,,,9408.000000000000000,,20175,SEWARD
337613,371995,2017500004440001001,315062.801588412781712,307800.000000000000000,301500.000000000000000,300600.000000000000000,309600.000000000000000,297900.000000000000000,305100.000000000000000,299700.000000000000000,298800.000000000000000,306000.000000000000000,301500.000000000000000,298800.000000000000000,295200.000000000000000,297900.000000000000000,43904.000000000000000,3136.000000000000000,20175,SEWARD
337614,371996,2017500010120007001,33741.356202039263735,25200.000000000000000,9900.000000000000000,,16200.000000000000000,1800.000000000000000,1800.000000000000000,1800.000000000000000,3600.000000000000000,3600.000000000000000,3600.000000000000000,5400.000000000000000,,2700.000000000000000,,,20175,SEWARD
337615,371997,2017500040960001001,482129.648471314110793,3600.000000000000000,46800.000000000000000,900.000000000000000,4500.000000000000000,,,3600.000000000000000,459900.000000000000000,,,,243900.000000000000000,,12544.000000000000000,,20175,SEWARD
337616,371999,2017500035460001003,17007.466086116211955,1800.000000000000000,,,900.000000000000000,900.000000000000000,,,,5400.000000000000000,,,,,,,20175,SEWARD
337617,372000,2017500008270001001,453281.285786938387901,434700.000000000000000,,,,,,,,,,,,,,,20175,SEWARD
337618,372001,2017500040740004001,4719.148359358746347,,,,,,,,,,,,,,,,20175,SEWARD
337619,372002,2017500003330002002,452644.340340036840644,447300.000000000000000,446400.000000000000000,443700.000000000000000,448200.000000000000000,445500.000000000000000,428400.000000000000000,433800.000000000000000,204300.000000000000000,441900.000000000000000,56700.000000000000000,443700.000000000000000,,,385728.000000000000000,18816.000000000000000,20175,SEWARD
337620,372003,2017500039570004001,503376.621965174388606,2700.000000000000000,501300.000000000000000,492300.000000000000000,1800.000000000000000,494100.000000000000000,495000.000000000000000,4500.000000000000000,492300.000000000000000,35100.000000000000000,487800.000000000000000,18900.000000000000000,489600.000000000000000,495000.000000000000000,457856.000000000000000,21952.000000000000000,20175,SEWARD
337621,372004,2017500001260011001,31175.215610895338614,,,,900.000000000000000,900.000000000000000,,,2700.000000000000000,900.000000000000000,2700.000000000000000,,,900.000000000000000,,3136.000000000000000,20175,SEWARD
337622,372005,2017500010120001002,504900.812459695909638,496800.000000000000000,2700.000000000000000,480600.000000000000000,4500.000000000000000,488700.000000000000000,467100.000000000000000,900.000000000000000,484200.000000000000000,191700.000000000000000,492300.000000000000000,483300.000000000000000,29700.000000000000000,186300.000000000000000,25088.000000000000000,6272.000000000000000,20175,SEWARD
337623,372006,2017500009180005001,310813.848277844546828,,,,,,,,,,,,,,,,20175,SEWARD
337624,372007,2017500042220011001,26846.745105109155702,,,,,,,,,,,1800.000000000000000,1800.000000000000000,,6272.000000000000000,,20175,SEWARD
337625,372008,2017500005450001001,212746.886061182711273,88200.000000000000000,74700.000000000000000,12600.000000000000000,68400.000000000000000,9000.000000000000000,,1800.000000000000000,,,26100.000000000000000,,,2700.000000000000000,,,20175,SEWARD
337626,372009,2017500009300001001,144919.174212442856515,,,,,,,,,,,,,,,,20175,SEWARD
337627,372010,2017500033980002001,124033.980513307949877,115200.000000000000000,119700.000000000000000,2700.000000000000000,121500.000000000000000,10800.000000000000000,114300.000000000000000,106200.000000000000000,18900.000000000000000,5400.000000000000000,16200.000000000000000,123300.000000000000000,3600.000000000000000,11700.000000000000000,119168.000000000000000,21952.000000000000000,20175,SEWARD
337628,372011,2017500001040004001,37581.689035325871373,3600.000000000000000,4500.000000000000000,1800.000000000000000,2700.000000000000000,,,4500.000000000000000,900.000000000000000,2700.000000000000000,900.000000000000000,4500.000000000000000,6300.000000000000000,4500.000000000000000,6272.000000000000000,9408.000000000000000,20175,SEWARD
337629,372012,2017500004310013001,11748.870599996624151,1800.000000000000000,3600.000000000000000,900.000000000000000,900.000000000000000,1800.000000000000000,1800.000000000000000,1800.000000000000000,,,2700.000000000000000,3600.000000000000000,900.000000000000000,,,,20175,SEWARD
337630,372013,2017500007480001005,998153.972860485315323,825300.000000000000000,607500.000000000000000,817200.000000000000000,9000.000000000000000,961200.000000000000000,933300.000000000000000,463500.000000000000000,828000.000000000000000,907200.000000000000000,922500.000000000000000,555300.000000000000000,928800.000000000000000,951300.000000000000000,903168.000000000000000,511168.000000000000000,20175,SEWARD
337632,372015,2017500040490001004,507711.961450674862135,,,,495000.000000000000000,,453600.000000000000000,,51300.000000000000000,,289800.000000000000000,,479700.000000000000000,,,,20175,SEWARD
337633,372016,2017500038740006001,30718.680236236064957,5400.000000000000000,5400.000000000000000,3600.000000000000000,3600.000000000000000,6300.000000000000000,1800.000000000000000,6300.000000000000000,,,3600.000000000000000,6300.000000000000000,4500.000000000000000,3600.000000000000000,12544.000000000000000,28224.000000000000000,20175,SEWARD
337634,372017,2017500042120005001,190384.978276201291010,,,,,,,,,,,,,,,,20175,SEWARD
337635,372018,2017500034100001008,31524.368360053103970,,,,18900.000000000000000,,900.000000000000000,,,2700.000000000000000,,,1800.000000000000000,6300.000000000000000,,,20175,SEWARD
337636,372019,2017500040300003001,35604.304528835164092,1800.000000000000000,900.000000000000000,900.000000000000000,2700.000000000000000,1800.000000000000000,,900.000000000000000,1800.000000000000000,,2700.000000000000000,1800.000000000000000,,,,,20175,SEWARD
337637,372020,2017500006990014001,32157.763024241878156,8100.000000000000000,9900.000000000000000,3600.000000000000000,9000.000000000000000,9000.000000000000000,1800.000000000000000,,3600.000000000000000,7200.000000000000000,6300.000000000000000,10800.000000000000000,2700.000000000000000,2700.000000000000000,6272.000000000000000,9408.000000000000000,20175,SEWARD
337638,372021,2017500002010001003,61493.633960430976003,6300.000000000000000,49500.000000000000000,7200.000000000000000,9000.000000000000000,7200.000000000000000,1800.000000000000000,7200.000000000000000,5400.000000000000000,3600.000000000000000,9900.000000000000000,12600.000000000000000,3600.000000000000000,18900.000000000000000,12544.000000000000000,6272.000000000000000,20175,SEWARD
337639,372022,2017500006820001002,298799.360376061638817,2700.000000000000000,189900.000000000000000,900.000000000000000,900.000000000000000,200700.000000000000000,1800.000000000000000,,,,1800.000000000000000,4500.000000000000000,,7200.000000000000000,6272.000000000000000,,20175,SEWARD
337640,372023,2017500000420001001,33970.657340793077310,25200.000000000000000,900.000000000000000,,28800.000000000000000,,3600.000000000000000,900.000000000000000,2700.000000000000000,11700.000000000000000,10800.000000000000000,900.000000000000000,,5400.000000000000000,18816.000000000000000,,20175,SEWARD
337641,372024,2017500006600004002,32802.546577198023442,900.000000000000000,900.000000000000000,,900.000000000000000,,,,900.000000000000000,,,,,,6272.000000000000000,3136.000000000000000,20175,SEWARD
337642,372025,2017500002590004001,72419.828384805878159,,,,68400.000000000000000,,,,,,,2700.000000000000000,900.000000000000000,,,25088.000000000000000,20175,SEWARD
337643,372026,2017500039570007001,58603.480039011512417,2700.000000000000000,7200.000000000000000,4500.000000000000000,1800.000000000000000,6300.000000000000000,3600.000000000000000,1800.000000000000000,5400.000000000000000,4500.000000000000000,3600.000000000000000,7200.000000000000000,4500.000000000000000,18000.000000000000000,12544.000000000000000,3136.000000000000000,20175,SEWARD
337644,372027,2017500042460002002,491498.600457120162901,900.000000000000000,4500.000000000000000,471600.000000000000000,900.000000000000000,478800.000000000000000,479700.000000000000000,,457200.000000000000000,,469800.000000000000000,,,470700.000000000000000,442176.000000000000000,,20175,SEWARD
337645,372028,2017500038540001001,1277174.829937838483602,1800.000000000000000,,,1800.000000000000000,,,,900.000000000000000,5400.000000000000000,8100.000000000000000,15300.000000000000000,17100.000000000000000,5400.000000000000000,,18816.000000000000000,20175,SEWARD
337646,372029,2017500041770002005,33898.754642497115128,,,,900.000000000000000,,,,,,,,,900.000000000000000,,,20175,SEWARD
337647,372030,2017500008370001002,159523.877417094452539,139500.000000000000000,900.000000000000000,1800.000000000000000,27000.000000000000000,135900.000000000000000,147600.000000000000000,,,,,34200.000000000000000,12600.000000000000000,9000.000000000000000,,,20175,SEWARD
337648,372031,2017500033300001001,502787.788372454582714,900.000000000000000,,,,,,124200.000000000000000,,495000.000000000000000,,491400.000000000000000,472500.000000000000000,496800.000000000000000,,464128.000000000000000,20175,SEWARD
337649,372032,2017500043270001001,1268354.739628847222775,10800.000000000000000,10800.000000000000000,13500.000000000000000,7200.000000000000000,,,,1147500.000000000000000,,,,,,,,20175,SEWARD
337650,372033,2017500040260004001,5455.399502670090442,900.000000000000000,900.000000000000000,,900.000000000000000,,,,,,2700.000000000000000,1800.000000000000000,2700.000000000000000,3600.000000000000000,3136.000000000000000,3136.000000000000000,20175,SEWARD
337651,372034,2017500006640002002,615793.690657707396895,14400.000000000000000,,,21600.000000000000000,,,,15300.000000000000000,9900.000000000000000,,,,900.000000000000000,,,20175,SEWARD
337652,372035,2017500002360001001,512792.094109319616109,1800.000000000000000,396000.000000000000000,52200.000000000000000,234000.000000000000000,405900.000000000000000,,900.000000000000000,900.000000000000000,,,20700.000000000000000,,1800.000000000000000,18816.000000000000000,,20175,SEWARD
337653,372036,2017500005610001002,133847.680272216413869,,,,,17100.000000000000000,77400.000000000000000,,,6300.000000000000000,,,3600.000000000000000,9900.000000000000000,,,20175,SEWARD
337654,372037,2017500041380001001,432385.134060726268217,417600.000000000000000,418500.000000000000000,2700.000000000000000,394200.000000000000000,421200.000000000000000,287100.000000000000000,350100.000000000000000,,1800.000000000000000,5400.000000000000000,900.000000000000000,424800.000000000000000,425700.000000000000000,395136.000000000000000,401408.000000000000000,20175,SEWARD
337655,372038,2017500005620001003,215992.192396797414403,35100.000000000000000,,,202500.000000000000000,,,,,,900.000000000000000,,3600.000000000000000,,,,20175,SEWARD
337656,372039,2017500034830001003,517959.365756632410921,,2700.000000000000000,900.000000000000000,1800.000000000000000,,,49500.000000000000000,,299700.000000000000000,,,9000.000000000000000,,,6272.000000000000000,20175,SEWARD
337657,372040,2017500038420004001,30608.532035572690802,,2700.000000000000000,,,,900.000000000000000,,900.000000000000000,,,,1800.000000000000000,,3136.000000000000000,,20175,SEWARD
337658,372041,2017500038810001001,31546.726068008567381,2700.000000000000000,4500.000000000000000,900.000000000000000,3600.000000000000000,1800.000000000000000,4500.000000000000000,,,900.000000000000000,,,,,,,20175,SEWARD
337659,372042,2017500000590001001,442533.716566426272038,88200.000000000000000,126000.000000000000000,219600.000000000000000,407700.000000000000000,4500.000000000000000,,45000.000000000000000,,66600.000000000000000,356400.000000000000000,,61200.000000000000000,59400.000000000000000,,,20175,SEWARD
337660,372043,2017500001590001002,31551.886839881153719,,,22500.000000000000000,25200.000000000000000,28800.000000000000000,9000.000000000000000,,5400.000000000000000,,4500.000000000000000,9900.000000000000000,,16200.000000000000000,,25088.000000000000000,20175,SEWARD
337661,372044,2017500008500001001,197164.090328179736389,,,131400.000000000000000,171000.000000000000000,,,3600.000000000000000,,,3600.000000000000000,,,13500.000000000000000,,,20175,SEWARD
337662,372045,2017500035500001001,36173.084214867187256,,3600.000000000000000,,4500.000000000000000,,2700.000000000000000,,2700.000000000000000,,7200.000000000000000,6300.000000000000000,900.000000000000000,,,,20175,SEWARD
337663,372046,2017500008070001001,344466.245925576775335,2700.000000000000000,,,,,,,,,,,,,,,20175,SEWARD
337664,372047,2017500006740001001,617409.963084648130462,2700.000000000000000,,,3600.000000000000000,3600.000000000000000,,,,900.000000000000000,,7200.000000000000000,2700.000000000000000,8100.000000000000000,,18816.000000000000000,20175,SEWARD
337665,372048,2017500005770001001,425951.633759155170992,288000.000000000000000,,900.000000000000000,224100.000000000000000,,,,1800.000000000000000,1800.000000000000000,11700.000000000000000,,900.000000000000000,342000.000000000000000,,,20175,SEWARD
337666,372049,2017500000180001001,399184.085177230357658,378000.000000000000000,1800.000000000000000,,380700.000000000000000,,,,,261900.000000000000000,29700.000000000000000,258300.000000000000000,335700.000000000000000,360900.000000000000000,,,20175,SEWARD
337667,372050,2017500034800001001,39464.822124933438317,2700.000000000000000,12600.000000000000000,,,900.000000000000000,,,,,900.000000000000000,,,,,,20175,SEWARD
337668,372051,2017500042110001002,1295360.882730029057711,900.000000000000000,3600.000000000000000,,,3600.000000000000000,,,68400.000000000000000,4500.000000000000000,,900.000000000000000,900.000000000000000,3600.000000000000000,,,20175,SEWARD
337669,372052,2017500003250018001,23388.566116624300776,1800.000000000000000,,,,2700.000000000000000,1800.000000000000000,1800.000000000000000,,,,900.000000000000000,1800.000000000000000,900.000000000000000,,6272.000000000000000,20175,SEWARD
337670,372053,2017500000840001005,35009.909256181279488,900.000000000000000,2700.000000000000000,1800.000000000000000,900.000000000000000,5400.000000000000000,,,,2700.000000000000000,13500.000000000000000,3600.000000000000000,,2700.000000000000000,,12544.000000000000000,20175,SEWARD
337671,372054,2017500035510004011,68632.129517253095401,900.000000000000000,900.000000000000000,5400.000000000000000,,,900.000000000000000,,,1800.000000000000000,,,900.000000000000000,,,,20175,SEWARD
337672,372055,2017500002420001003,480418.144481261551846,459000.000000000000000,458100.000000000000000,4500.000000000000000,456300.000000000000000,458100.000000000000000,456300.000000000000000,453600.000000000000000,433800.000000000000000,462600.000000000000000,463500.000000000000000,453600.000000000000000,452700.000000000000000,13500.000000000000000,464128.000000000000000,435904.000000000000000,20175,SEWARD
337673,372056,2017500035930001003,263002.892143921460956,4500.000000000000000,262800.000000000000000,252000.000000000000000,16200.000000000000000,247500.000000000000000,1800.000000000000000,234000.000000000000000,249300.000000000000000,256500.000000000000000,259200.000000000000000,4500.000000000000000,31500.000000000000000,,109760.000000000000000,31360.000000000000000,20175,SEWARD
337674,372057,2017500039570003001,31636.940494471782586,,3600.000000000000000,900.000000000000000,900.000000000000000,900.000000000000000,4500.000000000000000,900.000000000000000,3600.000000000000000,1800.000000000000000,2700.000000000000000,2700.000000000000000,1800.000000000000000,4500.000000000000000,,,20175,SEWARD
337675,372058,2017500035580001002,26943.144947702090576,1800.000000000000000,1800.000000000000000,2700.000000000000000,,,,,,,,,,,,,20175,SEWARD
337676,372059,2017500039330001001,504950.292218759597745,494100.000000000000000,494100.000000000000000,474300.000000000000000,495900.000000000000000,472500.000000000000000,470700.000000000000000,467100.000000000000000,471600.000000000000000,468000.000000000000000,471600.000000000000000,469800.000000000000000,477900.000000000000000,469800.000000000000000,470400.000000000000000,442176.000000000000000,20175,SEWARD
337677,372060,2017500002290003001,34966.474613460974069,1800.000000000000000,1800.000000000000000,2700.000000000000000,900.000000000000000,,,,,,,900.000000000000000,1800.000000000000000,9000.000000000000000,3136.000000000000000,,20175,SEWARD
337678,372061,2017500005420001001,212590.259102590964176,900.000000000000000,900.000000000000000,,,,,,,900.000000000000000,,,,,,,20175,SEWARD
337679,372062,2017500004110006001,27805.642983592115343,4500.000000000000000,1800.000000000000000,,,4500.000000000000000,,900.000000000000000,,900.000000000000000,900.000000000000000,8100.000000000000000,4500.000000000000000,,3136.000000000000000,6272.000000000000000,20175,SEWARD
337680,372063,2017500040630002001,1274048.889749292517081,76500.000000000000000,738900.000000000000000,525600.000000000000000,2700.000000000000000,463500.000000000000000,441000.000000000000000,2700.000000000000000,463500.000000000000000,,396000.000000000000000,,19800.000000000000000,456300.000000000000000,84672.000000000000000,3136.000000000000000,20175,SEWARD
337681,372064,2017500035460001004,553064.743014152278192,551700.000000000000000,547200.000000000000000,534600.000000000000000,539100.000000000000000,533700.000000000000000,521100.000000000000000,515700.000000000000000,536400.000000000000000,547200.000000000000000,548100.000000000000000,521100.000000000000000,529200.000000000000000,540900.000000000000000,520576.000000000000000,504896.000000000000000,20175,SEWARD
337682,372065,2017500040990002009,8723.489051465970988,,1800.000000000000000,,,,,,,,900.000000000000000,,,900.000000000000000,,,20175,SEWARD
337683,372066,2017500041770002006,508903.393230367859360,1800.000000000000000,900.000000000000000,,20700.000000000000000,,,,1800.000000000000000,,900.000000000000000,1800.000000000000000,4500.000000000000000,,,,20175,SEWARD
337684,372068,2017500041570007001,68336.013393166969763,6300.000000000000000,6300.000000000000000,2700.000000000000000,,,2700.000000000000000,,,,900.000000000000000,7200.000000000000000,900.000000000000000,2700.000000000000000,,,20175,SEWARD
337685,372069,2017500006000001001,523817.028600025863852,,,,,,,,,,,,,,,,20175,SEWARD
337686,372070,2017500001510001006,26503.259656203146733,900.000000000000000,18900.000000000000000,,,15300.000000000000000,,,5400.000000000000000,9000.000000000000000,,2700.000000000000000,,,,3136.000000000000000,20175,SEWARD
337687,372071,2017500033310004001,159344.996065211133100,1800.000000000000000,7200.000000000000000,,,5400.000000000000000,,,,,,6300.000000000000000,9000.000000000000000,900.000000000000000,6272.000000000000000,,20175,SEWARD
337688,372072,2017500000670001001,316641.732847328705247,49500.000000000000000,14400.000000000000000,,13500.000000000000000,2700.000000000000000,,,2700.000000000000000,35100.000000000000000,,900.000000000000000,900.000000000000000,,6272.000000000000000,,20175,SEWARD
337689,372073,2017500039410005001,36445.974880982495961,900.000000000000000,900.000000000000000,,900.000000000000000,1800.000000000000000,,900.000000000000000,3600.000000000000000,1800.000000000000000,7200.000000000000000,900.000000000000000,2700.000000000000000,1800.000000000000000,9408.000000000000000,3136.000000000000000,20175,SEWARD
337690,372074,2017500035060001003,235714.565086497925222,219600.000000000000000,24300.000000000000000,217800.000000000000000,27900.000000000000000,204300.000000000000000,4500.000000000000000,198000.000000000000000,207900.000000000000000,4500.000000000000000,,203400.000000000000000,71100.000000000000000,8100.000000000000000,169344.000000000000000,181888.000000000000000,20175,SEWARD
337691,372075,2017500010110002005,517371.073614048131276,500400.000000000000000,490500.000000000000000,476100.000000000000000,1800.000000000000000,501300.000000000000000,480600.000000000000000,468000.000000000000000,500400.000000000000000,495900.000000000000000,505800.000000000000000,490500.000000000000000,490500.000000000000000,507600.000000000000000,448448.000000000000000,492352.000000000000000,20175,SEWARD
337692,372076,2017500034330003001,29032.605477565295587,900.000000000000000,3600.000000000000000,5400.000000000000000,6300.000000000000000,900.000000000000000,,900.000000000000000,900.000000000000000,,,,,900.000000000000000,,,20175,SEWARD
337693,372077,2017500041550009001,41052.186588936005137,3600.000000000000000,,2700.000000000000000,,,1800.000000000000000,,,1800.000000000000000,12600.000000000000000,12600.000000000000000,,9000.000000000000000,,,20175,SEWARD
337694,372078,2017500005670001002,314295.228695924161002,16200.000000000000000,8100.000000000000000,,4500.000000000000000,6300.000000000000000,,2700.000000000000000,1800.000000000000000,3600.000000000000000,,,,,,,20175,SEWARD
337695,372079,2017500010250002004,78720.676057716496871,9000.000000000000000,17100.000000000000000,900.000000000000000,4500.000000000000000,31500.000000000000000,,,,,,,,,,,20175,SEWARD
337696,372080,2017500037630001001,67914.043157191263163,63900.000000000000000,55800.000000000000000,54900.000000000000000,62100.000000000000000,55800.000000000000000,56700.000000000000000,57600.000000000000000,54000.000000000000000,57600.000000000000000,17100.000000000000000,10800.000000000000000,8100.000000000000000,15300.000000000000000,6272.000000000000000,21952.000000000000000,20175,SEWARD
337697,372081,2017500035710001001,311436.769574296602514,,,,,,,,,,,,,,,,20175,SEWARD
337698,372082,2017500035510004012,527201.544654843979515,500400.000000000000000,500400.000000000000000,1800.000000000000000,490500.000000000000000,900.000000000000000,488700.000000000000000,,477900.000000000000000,,468900.000000000000000,,,,,,20175,SEWARD
337699,372083,2017500036380001002,495619.178195817337837,4500.000000000000000,494100.000000000000000,,486900.000000000000000,,474300.000000000000000,,488700.000000000000000,,493200.000000000000000,,,83700.000000000000000,172480.000000000000000,31360.000000000000000,20175,SEWARD
337700,372084,2017500041630001004,177593.516359397151973,,3600.000000000000000,171900.000000000000000,,,,,,47700.000000000000000,,,108900.000000000000000,1800.000000000000000,,,20175,SEWARD
337701,372085,2017500004610001004,30865.217559638436796,4500.000000000000000,27900.000000000000000,,29700.000000000000000,,1800.000000000000000,,,,6300.000000000000000,,1800.000000000000000,900.000000000000000,,,20175,SEWARD
337702,372086,2017500038290001001,497656.239710758381989,493200.000000000000000,15300.000000000000000,482400.000000000000000,493200.000000000000000,489600.000000000000000,428400.000000000000000,472500.000000000000000,491400.000000000000000,495000.000000000000000,483300.000000000000000,485100.000000000000000,212400.000000000000000,7200.000000000000000,489216.000000000000000,426496.000000000000000,20175,SEWARD
337703,372087,2017500041440005001,145328.837874680990353,15300.000000000000000,14400.000000000000000,10800.000000000000000,15300.000000000000000,13500.000000000000000,7200.000000000000000,,,,,18000.000000000000000,,23400.000000000000000,,3136.000000000000000,20175,SEWARD
337704,372088,2017500002180003001,186723.926653177099070,2700.000000000000000,,,,2700.000000000000000,,1800.000000000000000,,2700.000000000000000,900.000000000000000,900.000000000000000,1800.000000000000000,,,3136.000000000000000,20175,SEWARD
337705,372089,2017500038830001001,26782.914092492595955,900.000000000000000,900.000000000000000,1800.000000000000000,,,900.000000000000000,,900.000000000000000,,,1800.000000000000000,,,,,20175,SEWARD
337706,372090,2017500010250002005,75519.999799463592353,6300.000000000000000,3600.000000000000000,,9900.000000000000000,4500.000000000000000,,,,,,,,,,,20175,SEWARD
337707,372091,2017500005300001001,2168286.789415206760168,,5400.000000000000000,,,900.000000000000000,,,,,,3600.000000000000000,,,,,20175,SEWARD
337708,372092,2017500034120001003,23211.576291586352454,900.000000000000000,900.000000000000000,900.000000000000000,1800.000000000000000,,,,,3600.000000000000000,,,900.000000000000000,3600.000000000000000,3136.000000000000000,,20175,SEWARD
337709,372093,2017500004100001002,463385.873571506061126,454500.000000000000000,453600.000000000000000,368100.000000000000000,459000.000000000000000,445500.000000000000000,452700.000000000000000,450000.000000000000000,461700.000000000000000,456300.000000000000000,459900.000000000000000,456300.000000000000000,455400.000000000000000,452700.000000000000000,426496.000000000000000,413952.000000000000000,20175,SEWARD
337710,372094,2017500039580027001,33466.018522817088524,,,,,,,,2700.000000000000000,,1800.000000000000000,,,,,,20175,SEWARD
337711,372096,2017500041150001001,109355.750950157846091,5400.000000000000000,7200.000000000000000,5400.000000000000000,2700.000000000000000,5400.000000000000000,900.000000000000000,,,,,3600.000000000000000,,,,,20175,SEWARD
337713,372098,2017500036240001001,316971.610870031348895,,,1800.000000000000000,1800.000000000000000,,,,,,,,,5400.000000000000000,,,20175,SEWARD
337714,372099,2017500004250001001,499923.159087917709257,496800.000000000000000,493200.000000000000000,492300.000000000000000,900.000000000000000,494100.000000000000000,493200.000000000000000,8100.000000000000000,487800.000000000000000,198000.000000000000000,489600.000000000000000,22500.000000000000000,493200.000000000000000,3600.000000000000000,454720.000000000000000,,20175,SEWARD
337715,372100,2017500000160020001,63527.226119828948868,6300.000000000000000,900.000000000000000,900.000000000000000,3600.000000000000000,4500.000000000000000,4500.000000000000000,6300.000000000000000,2700.000000000000000,9000.000000000000000,3600.000000000000000,1800.000000000000000,16200.000000000000000,11700.000000000000000,,12544.000000000000000,20175,SEWARD
337716,372101,2017500042610009001,24425.201371743871277,3600.000000000000000,4500.000000000000000,2700.000000000000000,1800.000000000000000,5400.000000000000000,5400.000000000000000,4500.000000000000000,4500.000000000000000,2700.000000000000000,1800.000000000000000,,,,,3136.000000000000000,20175,SEWARD
337717,372102,2017500000420001002,509994.548831455467734,506700.000000000000000,502200.000000000000000,490500.000000000000000,501300.000000000000000,493200.000000000000000,497700.000000000000000,490500.000000000000000,497700.000000000000000,497700.000000000000000,491400.000000000000000,499500.000000000000000,327600.000000000000000,502200.000000000000000,479808.000000000000000,357504.000000000000000,20175,SEWARD
337718,372103,2017500005540001004,72452.026931761429296,,,,,,2700.000000000000000,,,,1800.000000000000000,,,,,,20175,SEWARD
337719,372104,2017500040260011001,34005.366459340824804,3600.000000000000000,3600.000000000000000,900.000000000000000,1800.000000000000000,8100.000000000000000,5400.000000000000000,,4500.000000000000000,5400.000000000000000,3600.000000000000000,9900.000000000000000,9000.000000000000000,9000.000000000000000,3136.000000000000000,9408.000000000000000,20175,SEWARD
337720,372105,2017500035840001001,1008285.032603298081085,515700.000000000000000,497700.000000000000000,1800.000000000000000,900.000000000000000,33300.000000000000000,977400.000000000000000,971100.000000000000000,953100.000000000000000,981000.000000000000000,990900.000000000000000,979200.000000000000000,993600.000000000000000,992700.000000000000000,969024.000000000000000,925120.000000000000000,20175,SEWARD
337721,372106,2017500039540004001,34341.559744621270511,7200.000000000000000,2700.000000000000000,5400.000000000000000,900.000000000000000,4500.000000000000000,7200.000000000000000,4500.000000000000000,7200.000000000000000,4500.000000000000000,4500.000000000000000,10800.000000000000000,1800.000000000000000,900.000000000000000,9408.000000000000000,,20175,SEWARD
337722,372107,2017500039040001001,522594.094993868086021,77400.000000000000000,486900.000000000000000,486000.000000000000000,486900.000000000000000,486000.000000000000000,490500.000000000000000,,204300.000000000000000,57600.000000000000000,373500.000000000000000,486900.000000000000000,9900.000000000000000,487800.000000000000000,6272.000000000000000,445312.000000000000000,20175,SEWARD
337723,372108,2017500003070001003,95583.376569538435433,,13500.000000000000000,,,3600.000000000000000,2700.000000000000000,1800.000000000000000,,900.000000000000000,49500.000000000000000,,,,,,20175,SEWARD
337724,372109,2017500004030001002,23551.191725674703775,1800.000000000000000,,,,,,,,2700.000000000000000,,,,2700.000000000000000,,,20175,SEWARD
337725,372110,2017500004640001001,1242341.266362809808925,,,,,,,,,,,,,900.000000000000000,,18816.000000000000000,20175,SEWARD
337726,372111,2017500036380001003,31203.854672322282568,27000.000000000000000,7200.000000000000000,9000.000000000000000,25200.000000000000000,,,,900.000000000000000,,4500.000000000000000,,,1800.000000000000000,,,20175,SEWARD
337727,372112,2017500039800004001,33617.955360786319943,6300.000000000000000,3600.000000000000000,2700.000000000000000,,,,5400.000000000000000,900.000000000000000,,5400.000000000000000,1800.000000000000000,,,,,20175,SEWARD
337728,372113,2017500033850001005,59625.655036267795367,18900.000000000000000,28800.000000000000000,4500.000000000000000,2700.000000000000000,18000.000000000000000,,,7200.000000000000000,9000.000000000000000,1800.000000000000000,900.000000000000000,5400.000000000000000,18900.000000000000000,18816.000000000000000,31360.000000000000000,20175,SEWARD
337729,372114,2017500040990002010,8384.279409520338959,,900.000000000000000,,,,,,,900.000000000000000,,,,,,,20175,SEWARD
337730,372115,2017500010120006001,87379.031307842291426,60300.000000000000000,49500.000000000000000,,4500.000000000000000,4500.000000000000000,900.000000000000000,,,7200.000000000000000,9000.000000000000000,8100.000000000000000,54000.000000000000000,29700.000000000000000,25088.000000000000000,,20175,SEWARD
337731,372116,2017500002870001002,179249.776493531011511,176400.000000000000000,,,,,,2700.000000000000000,,,900.000000000000000,171000.000000000000000,,178200.000000000000000,,3136.000000000000000,20175,SEWARD
337732,372117,2017500033710006001,954747.448589743231423,636300.000000000000000,108000.000000000000000,10800.000000000000000,671400.000000000000000,82800.000000000000000,3600.000000000000000,900.000000000000000,33300.000000000000000,900.000000000000000,54000.000000000000000,,4500.000000000000000,77400.000000000000000,,12544.000000000000000,20175,SEWARD
337733,372118,2017500034980002001,33111.008145941523253,900.000000000000000,13500.000000000000000,9900.000000000000000,27000.000000000000000,,1800.000000000000000,1800.000000000000000,,9000.000000000000000,2700.000000000000000,,,,,,20175,SEWARD
337734,372119,2017500002240005001,506545.740492529934272,,504000.000000000000000,,,,494100.000000000000000,,496800.000000000000000,1800.000000000000000,495900.000000000000000,30600.000000000000000,494100.000000000000000,14400.000000000000000,470400.000000000000000,3136.000000000000000,20175,SEWARD
337735,372120,2017500002590003001,37590.020132999794441,,,,30600.000000000000000,,,,,,,1800.000000000000000,,,,3136.000000000000000,20175,SEWARD
337736,372121,2017500003210001001,585777.193934684270062,2700.000000000000000,,,,,,2700.000000000000000,,,,,,,,,20175,SEWARD
337737,372122,2017500040180001001,501825.245750497968402,490500.000000000000000,20700.000000000000000,490500.000000000000000,495000.000000000000000,493200.000000000000000,466200.000000000000000,487800.000000000000000,479700.000000000000000,10800.000000000000000,494100.000000000000000,481500.000000000000000,484200.000000000000000,489600.000000000000000,460992.000000000000000,,20175,SEWARD
337738,372123,2017500042410001003,220764.294461495010182,7200.000000000000000,4500.000000000000000,900.000000000000000,,,,,3600.000000000000000,,1800.000000000000000,,,,103488.000000000000000,,20175,SEWARD
337739,372124,2017500003610003001,30015.738015572813310,1800.000000000000000,2700.000000000000000,,,1800.000000000000000,,,,900.000000000000000,,900.000000000000000,4500.000000000000000,,,,20175,SEWARD
337740,372125,2017500006910001001,637795.671191721688956,,,,,,,,,,,,,,,,20175,SEWARD
337741,372126,2017500040270001001,500612.135248741658870,488700.000000000000000,486900.000000000000000,481500.000000000000000,6300.000000000000000,495900.000000000000000,492300.000000000000000,12600.000000000000000,494100.000000000000000,489600.000000000000000,492300.000000000000000,493200.000000000000000,491400.000000000000000,496800.000000000000000,495488.000000000000000,479808.000000000000000,20175,SEWARD
337742,372127,2017500006330001001,661182.763447778765112,178200.000000000000000,196200.000000000000000,97200.000000000000000,72000.000000000000000,1800.000000000000000,,900.000000000000000,,16200.000000000000000,17100.000000000000000,566100.000000000000000,570600.000000000000000,518400.000000000000000,548800.000000000000000,520576.000000000000000,20175,SEWARD
337743,372128,2017500008230004001,30998.124380141027359,2700.000000000000000,6300.000000000000000,1800.000000000000000,2700.000000000000000,900.000000000000000,3600.000000000000000,5400.000000000000000,4500.000000000000000,3600.000000000000000,5400.000000000000000,7200.000000000000000,4500.000000000000000,5400.000000000000000,,9408.000000000000000,20175,SEWARD
337744,372129,2017500003280002001,353445.396529571095016,900.000000000000000,,,,,,,,,,,,,,,20175,SEWARD
337745,372130,2017500039650001001,34077.874153899487283,1800.000000000000000,1800.000000000000000,,900.000000000000000,900.000000000000000,,,,,,,,,,,20175,SEWARD
337746,372131,2017500001370011001,53052.368136575940298,2700.000000000000000,,2700.000000000000000,,2700.000000000000000,,900.000000000000000,,,,,5400.000000000000000,900.000000000000000,3136.000000000000000,,20175,SEWARD
337747,372132,2017500041620002003,28094.848819110284239,,23400.000000000000000,,,,,,,,,,,,3136.000000000000000,,20175,SEWARD
337748,372133,2017500006610002002,5699.365182947231006,,900.000000000000000,,,900.000000000000000,,,,,,900.000000000000000,,,,,20175,SEWARD
337750,372135,2017500036100001002,266244.681618946080562,900.000000000000000,264600.000000000000000,250200.000000000000000,1800.000000000000000,253800.000000000000000,36900.000000000000000,249300.000000000000000,256500.000000000000000,255600.000000000000000,77400.000000000000000,151200.000000000000000,247500.000000000000000,14400.000000000000000,219520.000000000000000,56448.000000000000000,20175,SEWARD
337751,372136,2017500037830001002,311044.972629546828102,4500.000000000000000,,,900.000000000000000,1800.000000000000000,12600.000000000000000,,,,2700.000000000000000,6300.000000000000000,,,,,20175,SEWARD
337752,372137,2017500005790001001,147651.766106842929730,36000.000000000000000,60300.000000000000000,2700.000000000000000,92700.000000000000000,2700.000000000000000,,,,1800.000000000000000,,1800.000000000000000,2700.000000000000000,2700.000000000000000,,,20175,SEWARD
337753,372138,2017500039020001001,319861.452494833443779,137700.000000000000000,6300.000000000000000,900.000000000000000,274500.000000000000000,9000.000000000000000,256500.000000000000000,11700.000000000000000,1800.000000000000000,1800.000000000000000,131400.000000000000000,214200.000000000000000,2700.000000000000000,6300.000000000000000,,,20175,SEWARD
337754,372139,2017500013200001003,251437.029094696510583,22500.000000000000000,5400.000000000000000,3600.000000000000000,6300.000000000000000,1800.000000000000000,24300.000000000000000,1800.000000000000000,1800.000000000000000,4500.000000000000000,26100.000000000000000,202500.000000000000000,24300.000000000000000,63900.000000000000000,31360.000000000000000,43904.000000000000000,20175,SEWARD
337755,372140,2017500007140006001,68504.894277759100078,1800.000000000000000,1800.000000000000000,,,,,900.000000000000000,2700.000000000000000,,,4500.000000000000000,2700.000000000000000,3600.000000000000000,,18816.000000000000000,20175,SEWARD
337756,372141,2017500005420001002,836395.077397392829880,,,,,900.000000000000000,155700.000000000000000,,1800.000000000000000,,,,,,,,20175,SEWARD
337757,372142,2017500009050001006,97866.218894684410770,36900.000000000000000,75600.000000000000000,1800.000000000000000,9000.000000000000000,1800.000000000000000,,,5400.000000000000000,900.000000000000000,2700.000000000000000,2700.000000000000000,5400.000000000000000,1800.000000000000000,25088.000000000000000,25088.000000000000000,20175,SEWARD
337759,372144,2017500003240005008,258333.053047836408950,,,,,,,6300.000000000000000,,,,900.000000000000000,,5400.000000000000000,,9408.000000000000000,20175,SEWARD
337760,372145,2017500039540001001,498738.592392195132561,491400.000000000000000,8100.000000000000000,486000.000000000000000,,485100.000000000000000,18000.000000000000000,486900.000000000000000,26100.000000000000000,486000.000000000000000,18000.000000000000000,486000.000000000000000,38700.000000000000000,8100.000000000000000,454720.000000000000000,,20175,SEWARD
337761,372146,2017500006690001001,343160.192628962919116,57600.000000000000000,149400.000000000000000,,284400.000000000000000,5400.000000000000000,21600.000000000000000,,,9000.000000000000000,,900.000000000000000,1800.000000000000000,2700.000000000000000,,,20175,SEWARD
337762,372147,2017500003240001004,320610.767972488189116,,,,,,,,,,,,,,,,20175,SEWARD
337763,372148,2017500039880001001,638593.232006237260066,,,,,,,,,,900.000000000000000,900.000000000000000,1800.000000000000000,,,,20175,SEWARD
337764,372149,2017500004820001002,504535.499544375517871,11700.000000000000000,37800.000000000000000,900.000000000000000,114300.000000000000000,,33300.000000000000000,,,,,21600.000000000000000,,,,,20175,SEWARD
337765,372150,2017500034120001004,493829.156505998747889,492300.000000000000000,492300.000000000000000,477000.000000000000000,478800.000000000000000,476100.000000000000000,474300.000000000000000,468900.000000000000000,471600.000000000000000,473400.000000000000000,477000.000000000000000,459000.000000000000000,468900.000000000000000,476100.000000000000000,439040.000000000000000,454720.000000000000000,20175,SEWARD
337766,372151,2017500039890007001,29481.380955654607533,6300.000000000000000,7200.000000000000000,900.000000000000000,4500.000000000000000,4500.000000000000000,,1800.000000000000000,,4500.000000000000000,900.000000000000000,5400.000000000000000,3600.000000000000000,3600.000000000000000,3136.000000000000000,9408.000000000000000,20175,SEWARD
337767,372152,2017500007270002001,15035.667481879958359,12600.000000000000000,11700.000000000000000,10800.000000000000000,11700.000000000000000,,,900.000000000000000,1800.000000000000000,,2700.000000000000000,,,,,,20175,SEWARD
337768,372153,2017500004900001002,484016.108624834800139,1800.000000000000000,465300.000000000000000,900.000000000000000,466200.000000000000000,11700.000000000000000,445500.000000000000000,1800.000000000000000,462600.000000000000000,8100.000000000000000,,467100.000000000000000,11700.000000000000000,471600.000000000000000,18816.000000000000000,,20175,SEWARD
337769,372154,2017500001590001003,506331.729729321028572,490500.000000000000000,496800.000000000000000,478800.000000000000000,484200.000000000000000,483300.000000000000000,477900.000000000000000,455400.000000000000000,445500.000000000000000,8100.000000000000000,452700.000000000000000,479700.000000000000000,,495000.000000000000000,,464128.000000000000000,20175,SEWARD
337770,372155,2017500000130003001,83729.634964219221729,,,,,,,,,,,,,,,,20175,SEWARD
337771,372156,2017500039910006001,67213.638277145350003,12600.000000000000000,7200.000000000000000,7200.000000000000000,11700.000000000000000,13500.000000000000000,11700.000000000000000,10800.000000000000000,2700.000000000000000,900.000000000000000,9900.000000000000000,12600.000000000000000,12600.000000000000000,14400.000000000000000,12544.000000000000000,15680.000000000000000,20175,SEWARD
337772,372157,2017500004420001004,979453.582797379349358,820800.000000000000000,812700.000000000000000,819900.000000000000000,976500.000000000000000,785700.000000000000000,801000.000000000000000,387900.000000000000000,819900.000000000000000,296100.000000000000000,524700.000000000000000,490500.000000000000000,471600.000000000000000,482400.000000000000000,357504.000000000000000,94080.000000000000000,20175,SEWARD
337773,372158,2017500009590001002,172158.278641060431255,150300.000000000000000,,,79200.000000000000000,151200.000000000000000,139500.000000000000000,,,,900.000000000000000,26100.000000000000000,5400.000000000000000,17100.000000000000000,,,20175,SEWARD
337774,372160,2017500008250001001,630475.487724693957716,,,,,,,,,,,,900.000000000000000,,,,20175,SEWARD
337775,372161,2017500006930003002,538794.815227614599280,502200.000000000000000,517500.000000000000000,33300.000000000000000,504000.000000000000000,15300.000000000000000,377100.000000000000000,514800.000000000000000,496800.000000000000000,510300.000000000000000,511200.000000000000000,528300.000000000000000,522000.000000000000000,527400.000000000000000,504896.000000000000000,473536.000000000000000,20175,SEWARD
337776,372162,2017500011900002001,32864.919497269758722,,,,,,,,,,,,,,,,20175,SEWARD
337777,372164,2017500039040002001,282909.239447630301584,38700.000000000000000,900.000000000000000,900.000000000000000,255600.000000000000000,,2700.000000000000000,900.000000000000000,900.000000000000000,7200.000000000000000,2700.000000000000000,3600.000000000000000,1800.000000000000000,3600.000000000000000,,,20175,SEWARD
337778,372165,2017500039580023001,34686.714651735208463,2700.000000000000000,900.000000000000000,,900.000000000000000,900.000000000000000,,,900.000000000000000,1800.000000000000000,,900.000000000000000,1800.000000000000000,900.000000000000000,,,20175,SEWARD
337779,372166,2017500006860003002,968714.400031008291990,,5400.000000000000000,3600.000000000000000,,900.000000000000000,38700.000000000000000,,13500.000000000000000,,,,,,,,20175,SEWARD
337780,372167,2017500009220001006,32745.481539895281458,5400.000000000000000,,3600.000000000000000,28800.000000000000000,4500.000000000000000,9000.000000000000000,,,,,8100.000000000000000,2700.000000000000000,900.000000000000000,3136.000000000000000,,20175,SEWARD
337781,372168,2017500006700004001,43547.576858604996232,3600.000000000000000,900.000000000000000,5400.000000000000000,,9900.000000000000000,,8100.000000000000000,3600.000000000000000,,,10800.000000000000000,7200.000000000000000,2700.000000000000000,3136.000000000000000,9408.000000000000000,20175,SEWARD
337782,372169,2017500042370001001,504105.113484977628104,504000.000000000000000,504000.000000000000000,1800.000000000000000,495000.000000000000000,,1800.000000000000000,,,49500.000000000000000,,,,,,,20175,SEWARD
337783,372170,2017500003330002003,27071.863963682128087,,,,3600.000000000000000,6300.000000000000000,900.000000000000000,,1800.000000000000000,,1800.000000000000000,,,,,,20175,SEWARD
337784,372171,2017500003900001004,30372.455475102102355,26100.000000000000000,,,24300.000000000000000,3600.000000000000000,,,,,,,,8100.000000000000000,,,20175,SEWARD
337785,372172,2017500000160010001,32066.660825105434924,900.000000000000000,900.000000000000000,2700.000000000000000,7200.000000000000000,900.000000000000000,3600.000000000000000,3600.000000000000000,1800.000000000000000,,7200.000000000000000,9000.000000000000000,900.000000000000000,3600.000000000000000,,3136.000000000000000,20175,SEWARD
337786,372173,2017500002810001004,29592.516783435377874,26100.000000000000000,26100.000000000000000,5400.000000000000000,20700.000000000000000,19800.000000000000000,900.000000000000000,,1800.000000000000000,,,,20700.000000000000000,7200.000000000000000,3136.000000000000000,3136.000000000000000,20175,SEWARD
337787,372174,2017500007140001001,460092.572191763087176,26100.000000000000000,423000.000000000000000,900.000000000000000,,1800.000000000000000,900.000000000000000,,,91800.000000000000000,,900.000000000000000,29700.000000000000000,900.000000000000000,401408.000000000000000,,20175,SEWARD
337788,372175,2017500008140001001,468299.258087255991995,,,,,,,,,900.000000000000000,,,,,,,20175,SEWARD
337789,372176,2017500004090001003,5654.586569593586319,2700.000000000000000,3600.000000000000000,1800.000000000000000,3600.000000000000000,1800.000000000000000,1800.000000000000000,,900.000000000000000,2700.000000000000000,3600.000000000000000,3600.000000000000000,2700.000000000000000,2700.000000000000000,,,20175,SEWARD
337790,372177,2017500007220001003,222810.671485359693179,6300.000000000000000,44100.000000000000000,,,7200.000000000000000,2700.000000000000000,,900.000000000000000,53100.000000000000000,9900.000000000000000,63000.000000000000000,144900.000000000000000,900.000000000000000,3136.000000000000000,,20175,SEWARD
337791,372178,2017500041470003001,30821.551924080380559,900.000000000000000,,,,1800.000000000000000,,,900.000000000000000,900.000000000000000,,,,,,,20175,SEWARD
337792,372179,2017500037990002001,318437.471740592445713,,,,,,,,,,,282600.000000000000000,,,,,20175,SEWARD
337793,372180,2017500007140011002,12199.826181231204828,7200.000000000000000,2700.000000000000000,,,,,,,,1800.000000000000000,,,,,,20175,SEWARD
337794,372181,2017500039580025001,5292.551760814998488,900.000000000000000,,,,,,,,,,,,,,,20175,SEWARD
337795,372182,2017500003480001001,32668.235377036435239,900.000000000000000,6300.000000000000000,6300.000000000000000,21600.000000000000000,3600.000000000000000,,,,1800.000000000000000,,,,,,,20175,SEWARD
337796,372183,2017500001880001001,493288.143202848965302,486000.000000000000000,484200.000000000000000,472500.000000000000000,468900.000000000000000,478800.000000000000000,472500.000000000000000,471600.000000000000000,469800.000000000000000,472500.000000000000000,482400.000000000000000,472500.000000000000000,23400.000000000000000,,448448.000000000000000,,20175,SEWARD
337797,372184,2017500003860004001,500110.049639903474599,486900.000000000000000,481500.000000000000000,423000.000000000000000,470700.000000000000000,468900.000000000000000,424800.000000000000000,402300.000000000000000,,435600.000000000000000,427500.000000000000000,455400.000000000000000,414900.000000000000000,464400.000000000000000,401408.000000000000000,432768.000000000000000,20175,SEWARD
337798,372185,2017500005540001005,126356.409519457491115,4500.000000000000000,87300.000000000000000,,,13500.000000000000000,,,,,,7200.000000000000000,,,,,20175,SEWARD
337799,372186,2017500004330008001,33940.813088729606534,3600.000000000000000,,,,,7200.000000000000000,,,4500.000000000000000,3600.000000000000000,,7200.000000000000000,1800.000000000000000,,,20175,SEWARD
337800,372187,2017500005100002001,90277.625781217226177,7200.000000000000000,6300.000000000000000,,5400.000000000000000,6300.000000000000000,6300.000000000000000,7200.000000000000000,5400.000000000000000,8100.000000000000000,8100.000000000000000,2700.000000000000000,900.000000000000000,,,3136.000000000000000,20175,SEWARD
337801,372188,2017500007040001005,514592.919801950221881,489600.000000000000000,20700.000000000000000,486000.000000000000000,510300.000000000000000,492300.000000000000000,481500.000000000000000,472500.000000000000000,474300.000000000000000,495000.000000000000000,475200.000000000000000,28800.000000000000000,7200.000000000000000,8100.000000000000000,9408.000000000000000,6272.000000000000000,20175,SEWARD
337802,372189,2017500004270001002,35775.662839834942133,7200.000000000000000,8100.000000000000000,3600.000000000000000,14400.000000000000000,11700.000000000000000,13500.000000000000000,,,6300.000000000000000,2700.000000000000000,2700.000000000000000,,,,,20175,SEWARD
337803,372190,2017500002530003002,315209.315103873086628,70200.000000000000000,314100.000000000000000,7200.000000000000000,313200.000000000000000,313200.000000000000000,3600.000000000000000,30600.000000000000000,,281700.000000000000000,255600.000000000000000,308700.000000000000000,248400.000000000000000,296100.000000000000000,247744.000000000000000,18816.000000000000000,20175,SEWARD
337804,372191,2017500039680002001,35610.768980266191647,1800.000000000000000,2700.000000000000000,,,1800.000000000000000,,900.000000000000000,900.000000000000000,,,,1800.000000000000000,,,3136.000000000000000,20175,SEWARD
337805,372192,2017500009470001001,509033.948439102212433,900.000000000000000,494100.000000000000000,486900.000000000000000,2700.000000000000000,,489600.000000000000000,489600.000000000000000,7200.000000000000000,,503100.000000000000000,492300.000000000000000,4500.000000000000000,5400.000000000000000,489216.000000000000000,429632.000000000000000,20175,SEWARD
337806,372193,2017500009230001003,38691.979886365668790,,,,900.000000000000000,,,,900.000000000000000,,,,,6300.000000000000000,,,20175,SEWARD
337807,372194,2017500005440002001,377264.624538432923146,,4500.000000000000000,,,5400.000000000000000,,,,,,,,,,,20175,SEWARD
337808,372195,2017500035870001001,505770.404538439877797,,,,,,,,,,,,,,,,20175,SEWARD
337809,372196,2017500000270001003,403870.928301654406823,3600.000000000000000,56700.000000000000000,2700.000000000000000,,9900.000000000000000,,1800.000000000000000,900.000000000000000,,1800.000000000000000,22500.000000000000000,,,310464.000000000000000,,20175,SEWARD
337810,372197,2017500034440001003,24873.733808383047290,2700.000000000000000,900.000000000000000,,900.000000000000000,3600.000000000000000,,,,18900.000000000000000,2700.000000000000000,2700.000000000000000,4500.000000000000000,900.000000000000000,,,20175,SEWARD
337811,372198,2017500000560001001,322921.878486304951366,,,,,,,,,,,5400.000000000000000,,,,,20175,SEWARD
337812,372199,2017500033900001001,692801.261842008447275,1800.000000000000000,,,,,,,,,900.000000000000000,,,,,,20175,SEWARD
337813,372200,2017500039700001001,616723.852033043047413,3600.000000000000000,,900.000000000000000,578700.000000000000000,5400.000000000000000,,6300.000000000000000,900.000000000000000,5400.000000000000000,900.000000000000000,3600.000000000000000,,,15680.000000000000000,3136.000000000000000,20175,SEWARD
337814,372201,2017500040490001005,67140.017270950193051,,,1800.000000000000000,,,,900.000000000000000,,5400.000000000000000,,6300.000000000000000,,900.000000000000000,,18816.000000000000000,20175,SEWARD
337815,372203,2017500039460002001,33585.334183692124498,1800.000000000000000,4500.000000000000000,1800.000000000000000,,,,3600.000000000000000,4500.000000000000000,3600.000000000000000,9900.000000000000000,5400.000000000000000,900.000000000000000,5400.000000000000000,,,20175,SEWARD
337816,372204,2017500002760001004,34332.949257473374018,7200.000000000000000,,,,,,,,5400.000000000000000,,,900.000000000000000,1800.000000000000000,,,20175,SEWARD
337817,372205,2017500000840001006,484500.471461746026762,1800.000000000000000,471600.000000000000000,43200.000000000000000,474300.000000000000000,474300.000000000000000,,,,474300.000000000000000,473400.000000000000000,463500.000000000000000,,,,470400.000000000000000,20175,SEWARD
337818,372206,2017500036240001002,155830.117943037243094,900.000000000000000,,2700.000000000000000,1800.000000000000000,3600.000000000000000,,,,,,,,,,,20175,SEWARD
337819,372207,2017500033300006001,31140.515114540176000,,,,900.000000000000000,,,,,7200.000000000000000,,9000.000000000000000,6300.000000000000000,11700.000000000000000,,18816.000000000000000,20175,SEWARD
337820,372208,2017500005100003001,29109.658876178531500,2700.000000000000000,1800.000000000000000,1800.000000000000000,2700.000000000000000,2700.000000000000000,,900.000000000000000,5400.000000000000000,8100.000000000000000,3600.000000000000000,900.000000000000000,2700.000000000000000,,,,20175,SEWARD
337821,372209,2017500009370007001,31277.140159420781856,4500.000000000000000,,1800.000000000000000,1800.000000000000000,5400.000000000000000,1800.000000000000000,900.000000000000000,1800.000000000000000,4500.000000000000000,5400.000000000000000,19800.000000000000000,8100.000000000000000,4500.000000000000000,,15680.000000000000000,20175,SEWARD
337822,372210,2017500006160001001,316092.737708592088893,79200.000000000000000,27900.000000000000000,12600.000000000000000,59400.000000000000000,20700.000000000000000,900.000000000000000,,9000.000000000000000,4500.000000000000000,2700.000000000000000,111600.000000000000000,170100.000000000000000,25200.000000000000000,,28224.000000000000000,20175,SEWARD
337823,372211,2017500006600001003,32969.984911907355126,,,,,1800.000000000000000,,,,,1800.000000000000000,,,2700.000000000000000,,,20175,SEWARD
337824,372212,2017500006750001004,23603.454867060750985,,4500.000000000000000,1800.000000000000000,,,,,,,900.000000000000000,7200.000000000000000,,8100.000000000000000,,,20175,SEWARD
337825,372213,2017500002930001001,318419.558183766610455,6300.000000000000000,2700.000000000000000,,1800.000000000000000,,,,,,,,5400.000000000000000,,,,20175,SEWARD
337826,372214,2017500003720003001,132878.855111941054929,7200.000000000000000,3600.000000000000000,900.000000000000000,900.000000000000000,900.000000000000000,900.000000000000000,900.000000000000000,2700.000000000000000,1800.000000000000000,,,9000.000000000000000,9000.000000000000000,9408.000000000000000,3136.000000000000000,20175,SEWARD
337827,372215,2017500005060001004,509212.095091659924947,499500.000000000000000,504000.000000000000000,21600.000000000000000,502200.000000000000000,482400.000000000000000,,492300.000000000000000,409500.000000000000000,490500.000000000000000,23400.000000000000000,484200.000000000000000,,497700.000000000000000,,,20175,SEWARD
337828,372216,2017500010110001001,413574.292432563030161,25200.000000000000000,370800.000000000000000,900.000000000000000,356400.000000000000000,7200.000000000000000,,,,5400.000000000000000,,,,,3136.000000000000000,,20175,SEWARD
337829,372217,2017500035970002004,31276.206623424273857,9900.000000000000000,9900.000000000000000,,19800.000000000000000,,,,,5400.000000000000000,,,,900.000000000000000,,,20175,SEWARD
337830,372218,2017500004370001003,873440.455937835504301,416700.000000000000000,9900.000000000000000,,17100.000000000000000,2700.000000000000000,,,,,900.000000000000000,736200.000000000000000,,1800.000000000000000,12544.000000000000000,,20175,SEWARD
337831,372219,2017500003890001006,508208.262769295426551,85500.000000000000000,4500.000000000000000,492300.000000000000000,15300.000000000000000,486900.000000000000000,29700.000000000000000,471600.000000000000000,495000.000000000000000,502200.000000000000000,498600.000000000000000,489600.000000000000000,497700.000000000000000,500400.000000000000000,476672.000000000000000,467264.000000000000000,20175,SEWARD
337832,372220,2017500005420001003,95586.780881716214935,,,,,,9900.000000000000000,,,,,,,,,,20175,SEWARD
337833,372221,2017500004880001001,36657.640537195315119,6300.000000000000000,3600.000000000000000,2700.000000000000000,3600.000000000000000,2700.000000000000000,900.000000000000000,1800.000000000000000,1800.000000000000000,7200.000000000000000,2700.000000000000000,2700.000000000000000,2700.000000000000000,5400.000000000000000,12544.000000000000000,15680.000000000000000,20175,SEWARD
337834,372222,2017500040220001002,112085.596636974543799,2700.000000000000000,,9000.000000000000000,2700.000000000000000,,,,,18000.000000000000000,,5400.000000000000000,8100.000000000000000,8100.000000000000000,,9408.000000000000000,20175,SEWARD
337835,372223,2017500006070001002,327309.325750258169137,,292500.000000000000000,48600.000000000000000,18900.000000000000000,13500.000000000000000,,,900.000000000000000,1800.000000000000000,,221400.000000000000000,,,,,20175,SEWARD
337836,372224,2017500033060010002,260064.793555152893532,258300.000000000000000,256500.000000000000000,250200.000000000000000,243900.000000000000000,254700.000000000000000,250200.000000000000000,252000.000000000000000,244800.000000000000000,239400.000000000000000,251100.000000000000000,252000.000000000000000,,241200.000000000000000,254016.000000000000000,222656.000000000000000,20175,SEWARD
337837,372225,2017500039410002001,33993.179816404444864,1800.000000000000000,1800.000000000000000,1800.000000000000000,2700.000000000000000,3600.000000000000000,3600.000000000000000,1800.000000000000000,,5400.000000000000000,7200.000000000000000,3600.000000000000000,4500.000000000000000,4500.000000000000000,,,20175,SEWARD
337838,372226,2017500006270001001,619286.269145404105075,,,,,,,,,,,,,,,,20175,SEWARD
337839,372227,2017500002940001002,72060.181402872927720,56700.000000000000000,10800.000000000000000,11700.000000000000000,55800.000000000000000,65700.000000000000000,7200.000000000000000,8100.000000000000000,18900.000000000000000,9000.000000000000000,24300.000000000000000,13500.000000000000000,66600.000000000000000,16200.000000000000000,18816.000000000000000,25088.000000000000000,20175,SEWARD
337840,372228,2017500006700006001,39571.211946092087601,,8100.000000000000000,,7200.000000000000000,,5400.000000000000000,,,900.000000000000000,2700.000000000000000,,,900.000000000000000,,,20175,SEWARD
337841,372229,2017500042430002002,499591.868808879458811,476100.000000000000000,43200.000000000000000,423000.000000000000000,495900.000000000000000,,9900.000000000000000,,,,,,,,401408.000000000000000,,20175,SEWARD
337842,372230,2017500036140001003,123223.658587338868529,59400.000000000000000,112500.000000000000000,92700.000000000000000,99000.000000000000000,5400.000000000000000,,1800.000000000000000,5400.000000000000000,56700.000000000000000,69300.000000000000000,68400.000000000000000,63000.000000000000000,70200.000000000000000,78400.000000000000000,53312.000000000000000,20175,SEWARD
337843,372231,2017500000070001001,631140.419205225072801,900.000000000000000,1800.000000000000000,,473400.000000000000000,,,,154800.000000000000000,2700.000000000000000,,900.000000000000000,,900.000000000000000,,,20175,SEWARD
337844,372232,2017500000840001007,33873.586902376417129,1800.000000000000000,,,,3600.000000000000000,900.000000000000000,3600.000000000000000,1800.000000000000000,,,,,3600.000000000000000,18816.000000000000000,,20175,SEWARD
337845,372233,2017500033710004004,459135.835159474459942,38700.000000000000000,333000.000000000000000,,,194400.000000000000000,1800.000000000000000,,130500.000000000000000,,,237600.000000000000000,440100.000000000000000,90000.000000000000000,,,20175,SEWARD
337846,372234,2017500008890011001,14660.338299231183555,900.000000000000000,,,900.000000000000000,,,,,,,1800.000000000000000,,,,,20175,SEWARD
337847,372235,2017500042420001001,313476.829278056859039,,1800.000000000000000,13500.000000000000000,305100.000000000000000,,,900.000000000000000,900.000000000000000,279900.000000000000000,,,,,,,20175,SEWARD
337848,372236,2017500038650001006,19589.961678964904422,900.000000000000000,,,14400.000000000000000,900.000000000000000,,,,,900.000000000000000,900.000000000000000,9000.000000000000000,4500.000000000000000,,,20175,SEWARD
337849,372237,2017500002930001002,310782.401473345991690,,8100.000000000000000,,,,,,,,,,,,,,20175,SEWARD
337850,372238,2017500034330004001,28108.738945039400278,,7200.000000000000000,7200.000000000000000,8100.000000000000000,7200.000000000000000,2700.000000000000000,7200.000000000000000,6300.000000000000000,900.000000000000000,12600.000000000000000,10800.000000000000000,,7200.000000000000000,,3136.000000000000000,20175,SEWARD
337851,372239,2017500034110002002,947997.840191850787960,826200.000000000000000,928800.000000000000000,792000.000000000000000,825300.000000000000000,824400.000000000000000,791100.000000000000000,793800.000000000000000,902700.000000000000000,905400.000000000000000,904500.000000000000000,901800.000000000000000,909900.000000000000000,903600.000000000000000,868672.000000000000000,881216.000000000000000,20175,SEWARD
337852,372240,2017500038850010001,22872.343128450436780,900.000000000000000,900.000000000000000,900.000000000000000,1800.000000000000000,4500.000000000000000,900.000000000000000,,3600.000000000000000,1800.000000000000000,,,3600.000000000000000,6300.000000000000000,,,20175,SEWARD
337853,372241,2017500007040001006,525391.353971268632449,7200.000000000000000,7200.000000000000000,54000.000000000000000,504900.000000000000000,497700.000000000000000,483300.000000000000000,458100.000000000000000,493200.000000000000000,493200.000000000000000,495900.000000000000000,508500.000000000000000,514800.000000000000000,505800.000000000000000,457856.000000000000000,454720.000000000000000,20175,SEWARD
337855,372243,2017500006200001001,194941.934837348526344,183600.000000000000000,181800.000000000000000,174600.000000000000000,178200.000000000000000,181800.000000000000000,167400.000000000000000,171900.000000000000000,171000.000000000000000,180000.000000000000000,170100.000000000000000,162000.000000000000000,158400.000000000000000,1800.000000000000000,6272.000000000000000,,20175,SEWARD
337856,372244,2017500001740001001,31289.000506439530000,9000.000000000000000,12600.000000000000000,4500.000000000000000,16200.000000000000000,,,,,6300.000000000000000,,,,900.000000000000000,,,20175,SEWARD
337857,372245,2017500041780002001,31737.631559432946233,2700.000000000000000,1800.000000000000000,1800.000000000000000,23400.000000000000000,900.000000000000000,,,900.000000000000000,,1800.000000000000000,4500.000000000000000,,4500.000000000000000,3136.000000000000000,6272.000000000000000,20175,SEWARD
337858,372246,2017500002470004003,492953.862541387672536,484200.000000000000000,484200.000000000000000,482400.000000000000000,479700.000000000000000,477900.000000000000000,482400.000000000000000,470700.000000000000000,479700.000000000000000,,,474300.000000000000000,1800.000000000000000,900.000000000000000,448448.000000000000000,435904.000000000000000,20175,SEWARD
337859,372247,2017500004260001006,28486.353063757534983,9900.000000000000000,7200.000000000000000,1800.000000000000000,26100.000000000000000,,,,,3600.000000000000000,,,,1800.000000000000000,3136.000000000000000,,20175,SEWARD
337860,372248,2017500002950001004,32903.166154740509228,900.000000000000000,1800.000000000000000,30600.000000000000000,1800.000000000000000,2700.000000000000000,5400.000000000000000,,1800.000000000000000,,3600.000000000000000,900.000000000000000,1800.000000000000000,1800.000000000000000,,18816.000000000000000,20175,SEWARD
337861,372249,2017500037840001001,928051.440173193113878,899100.000000000000000,579600.000000000000000,899100.000000000000000,908100.000000000000000,903600.000000000000000,898200.000000000000000,895500.000000000000000,904500.000000000000000,895500.000000000000000,899100.000000000000000,886500.000000000000000,899100.000000000000000,80100.000000000000000,,,20175,SEWARD
337862,372250,2017500002070001003,29929.403898821183247,16200.000000000000000,15300.000000000000000,3600.000000000000000,26100.000000000000000,,,900.000000000000000,,9000.000000000000000,4500.000000000000000,7200.000000000000000,,7200.000000000000000,,12544.000000000000000,20175,SEWARD
337863,372251,2017500032880001001,138032.190484336810187,128700.000000000000000,,,93600.000000000000000,1800.000000000000000,4500.000000000000000,22500.000000000000000,,3600.000000000000000,900.000000000000000,,,4500.000000000000000,,3136.000000000000000,20175,SEWARD
337864,372252,2017500039800009001,35168.400622054861742,1800.000000000000000,,900.000000000000000,,,,,900.000000000000000,900.000000000000000,,,,900.000000000000000,,3136.000000000000000,20175,SEWARD
337865,372253,2017500033980001001,360643.622861306183040,235800.000000000000000,362700.000000000000000,31500.000000000000000,348300.000000000000000,7200.000000000000000,229500.000000000000000,222300.000000000000000,31500.000000000000000,359100.000000000000000,34200.000000000000000,362700.000000000000000,355500.000000000000000,360900.000000000000000,351232.000000000000000,3136.000000000000000,20175,SEWARD
337866,372254,2017500006610001002,134807.617779522843193,,,,1800.000000000000000,,,900.000000000000000,,,,,,,,,20175,SEWARD
337867,372255,2017500007740002001,24751.088136926111474,,900.000000000000000,,,1800.000000000000000,,,,4500.000000000000000,,1800.000000000000000,,900.000000000000000,12544.000000000000000,,20175,SEWARD
337868,372256,2017500003480001002,250281.834439549158560,3600.000000000000000,247500.000000000000000,18000.000000000000000,66600.000000000000000,,,,,238500.000000000000000,203400.000000000000000,,,,194432.000000000000000,116032.000000000000000,20175,SEWARD
337869,372257,2017500043210002001,300523.235919559607282,1800.000000000000000,,,4500.000000000000000,,,,2700.000000000000000,,,,,,,,20175,SEWARD
337871,372259,2017500034030001001,516329.421401358384173,504000.000000000000000,502200.000000000000000,491400.000000000000000,12600.000000000000000,503100.000000000000000,496800.000000000000000,499500.000000000000000,507600.000000000000000,507600.000000000000000,503100.000000000000000,503100.000000000000000,508500.000000000000000,452700.000000000000000,,15680.000000000000000,20175,SEWARD
337872,372260,2017500039030005001,144341.622499094897648,,900.000000000000000,900.000000000000000,2700.000000000000000,2700.000000000000000,900.000000000000000,,5400.000000000000000,,,3600.000000000000000,,5400.000000000000000,,6272.000000000000000,20175,SEWARD
337873,372261,2017500041770002007,111196.911077114229556,,,,,,,,,,,,,,,3136.000000000000000,20175,SEWARD
337874,372262,2017500006600001004,504172.220779361494351,36900.000000000000000,,469800.000000000000000,,487800.000000000000000,,448200.000000000000000,,34200.000000000000000,,,486900.000000000000000,496800.000000000000000,,,20175,SEWARD
337875,372263,2017500001210004001,117406.372359476532438,12600.000000000000000,14400.000000000000000,5400.000000000000000,5400.000000000000000,9000.000000000000000,1800.000000000000000,900.000000000000000,2700.000000000000000,900.000000000000000,3600.000000000000000,6300.000000000000000,22500.000000000000000,,21952.000000000000000,50176.000000000000000,20175,SEWARD
337877,372265,2017500004080001001,123340.962568653558264,7200.000000000000000,5400.000000000000000,2700.000000000000000,126000.000000000000000,,1800.000000000000000,2700.000000000000000,900.000000000000000,19800.000000000000000,4500.000000000000000,10800.000000000000000,1800.000000000000000,20700.000000000000000,6272.000000000000000,12544.000000000000000,20175,SEWARD
337878,372266,2017500003800006001,57466.721947358957550,900.000000000000000,900.000000000000000,1800.000000000000000,900.000000000000000,,900.000000000000000,,,,,1800.000000000000000,8100.000000000000000,900.000000000000000,3136.000000000000000,6272.000000000000000,20175,SEWARD
337879,372267,2017500036790002001,144142.376542885118397,,,,,,,,,,,,,,,,20175,SEWARD
337880,372268,2017500010120009001,33637.369681960291928,18900.000000000000000,21600.000000000000000,6300.000000000000000,2700.000000000000000,6300.000000000000000,,900.000000000000000,,900.000000000000000,,5400.000000000000000,6300.000000000000000,1800.000000000000000,,6272.000000000000000,20175,SEWARD
337881,372269,2017500001460004001,66634.967401604793849,9000.000000000000000,9900.000000000000000,9000.000000000000000,17100.000000000000000,9000.000000000000000,3600.000000000000000,3600.000000000000000,7200.000000000000000,8100.000000000000000,6300.000000000000000,9900.000000000000000,11700.000000000000000,1800.000000000000000,,,20175,SEWARD
337882,372270,2017500042990001002,339203.121778375701979,291600.000000000000000,77400.000000000000000,270900.000000000000000,900.000000000000000,263700.000000000000000,275400.000000000000000,257400.000000000000000,261000.000000000000000,284400.000000000000000,252900.000000000000000,,324900.000000000000000,3600.000000000000000,294784.000000000000000,6272.000000000000000,20175,SEWARD
337883,372271,2017500033540001002,31448.485713995010883,,25200.000000000000000,900.000000000000000,,,,,,4500.000000000000000,,,,3600.000000000000000,,3136.000000000000000,20175,SEWARD
337884,372272,2017500007660001001,209987.730523459787946,2700.000000000000000,1800.000000000000000,900.000000000000000,900.000000000000000,,,,,,75600.000000000000000,184500.000000000000000,,50400.000000000000000,,,20175,SEWARD
337885,372273,2017500001150024001,56706.580905037531920,4500.000000000000000,5400.000000000000000,900.000000000000000,3600.000000000000000,5400.000000000000000,6300.000000000000000,5400.000000000000000,1800.000000000000000,900.000000000000000,8100.000000000000000,9000.000000000000000,9900.000000000000000,5400.000000000000000,,12544.000000000000000,20175,SEWARD
337886,372274,2017500007480001006,26382.918694992840756,3600.000000000000000,5400.000000000000000,,,2700.000000000000000,,,,4500.000000000000000,900.000000000000000,1800.000000000000000,,2700.000000000000000,,6272.000000000000000,20175,SEWARD
337887,372275,2017500002800001003,8085.281539931699626,,,,900.000000000000000,900.000000000000000,,,,,,900.000000000000000,7200.000000000000000,,,,20175,SEWARD
337888,372276,2017500002950001005,502030.257980339287315,491400.000000000000000,494100.000000000000000,495900.000000000000000,480600.000000000000000,488700.000000000000000,496800.000000000000000,475200.000000000000000,474300.000000000000000,487800.000000000000000,492300.000000000000000,470700.000000000000000,486000.000000000000000,488700.000000000000000,457856.000000000000000,470400.000000000000000,20175,SEWARD
337889,372277,2017500039420002001,471205.255984683579300,472500.000000000000000,31500.000000000000000,6300.000000000000000,471600.000000000000000,467100.000000000000000,27000.000000000000000,465300.000000000000000,288900.000000000000000,474300.000000000000000,472500.000000000000000,465300.000000000000000,470700.000000000000000,462600.000000000000000,439040.000000000000000,448448.000000000000000,20175,SEWARD
337890,372278,2017500008470002001,30687.841405322120409,,,,,,,,,,,2700.000000000000000,1800.000000000000000,,3136.000000000000000,,20175,SEWARD
337891,372279,2017500042850002006,106034.329498773629894,,,1800.000000000000000,10800.000000000000000,,,1800.000000000000000,,,78300.000000000000000,8100.000000000000000,,,,75264.000000000000000,20175,SEWARD
337892,372280,2017500002870001003,88609.215785594278714,84600.000000000000000,2700.000000000000000,,,10800.000000000000000,,2700.000000000000000,,6300.000000000000000,1800.000000000000000,60300.000000000000000,3600.000000000000000,86400.000000000000000,,,20175,SEWARD
337893,372281,2017500007880001001,903290.020222002640367,590400.000000000000000,658800.000000000000000,3600.000000000000000,205200.000000000000000,77400.000000000000000,,,,7200.000000000000000,,4500.000000000000000,15300.000000000000000,131400.000000000000000,3136.000000000000000,56448.000000000000000,20175,SEWARD
337894,372282,2017500040990002011,10275.411109240736550,,1800.000000000000000,,,,,,,,,,,2700.000000000000000,,,20175,SEWARD
337895,372283,2017500033490001002,568180.983372368151322,566100.000000000000000,476100.000000000000000,476100.000000000000000,567900.000000000000000,,450900.000000000000000,450900.000000000000000,477900.000000000000000,474300.000000000000000,483300.000000000000000,471600.000000000000000,470700.000000000000000,,,,20175,SEWARD
337897,372285,2017500003560001002,33070.996697998663876,1800.000000000000000,21600.000000000000000,3600.000000000000000,3600.000000000000000,2700.000000000000000,1800.000000000000000,5400.000000000000000,900.000000000000000,,2700.000000000000000,900.000000000000000,,1800.000000000000000,,,20175,SEWARD
337898,372286,2017500040990002012,16821.598845387223264,,1800.000000000000000,,,2700.000000000000000,,,900.000000000000000,,,,,7200.000000000000000,,,20175,SEWARD
337899,372287,2017500003200003001,505716.376356416905764,499500.000000000000000,2700.000000000000000,482400.000000000000000,900.000000000000000,,,473400.000000000000000,,489600.000000000000000,,1800.000000000000000,498600.000000000000000,,445312.000000000000000,9408.000000000000000,20175,SEWARD
337900,372288,2017500004220002003,121887.596605810453184,5400.000000000000000,4500.000000000000000,900.000000000000000,900.000000000000000,2700.000000000000000,4500.000000000000000,5400.000000000000000,2700.000000000000000,9000.000000000000000,6300.000000000000000,18900.000000000000000,4500.000000000000000,18000.000000000000000,6272.000000000000000,28224.000000000000000,20175,SEWARD
337901,372289,2017500039040002002,124967.879222558942274,8100.000000000000000,,,108900.000000000000000,900.000000000000000,,,,,47700.000000000000000,5400.000000000000000,,6300.000000000000000,,15680.000000000000000,20175,SEWARD
337902,372290,2017500040490001006,500251.542381622130051,,,477900.000000000000000,,478800.000000000000000,,458100.000000000000000,,480600.000000000000000,,491400.000000000000000,,470700.000000000000000,445312.000000000000000,128576.000000000000000,20175,SEWARD
337903,372291,2017500000450009001,38510.746941008510476,2700.000000000000000,,,,,,,,,900.000000000000000,,900.000000000000000,,,,20175,SEWARD
337904,372292,2017500001770001001,159504.977284843742382,23400.000000000000000,109800.000000000000000,3600.000000000000000,2700.000000000000000,,,,,,,,,,,,20175,SEWARD
337905,372293,2017500003250013001,41421.547125475954090,6300.000000000000000,,,,7200.000000000000000,7200.000000000000000,6300.000000000000000,,5400.000000000000000,,,4500.000000000000000,,9408.000000000000000,3136.000000000000000,20175,SEWARD
337906,372294,2017500002390001002,787495.438826191588305,900.000000000000000,502200.000000000000000,,,1800.000000000000000,,,,,27000.000000000000000,,,,47040.000000000000000,,20175,SEWARD
337907,372295,2017500038740001001,27645.278561528753926,,,900.000000000000000,,,,,,,,,,,,,20175,SEWARD
337908,372296,2017500005340001001,26666.272177967508469,18900.000000000000000,18900.000000000000000,12600.000000000000000,21600.000000000000000,18000.000000000000000,,900.000000000000000,1800.000000000000000,5400.000000000000000,4500.000000000000000,,900.000000000000000,,3136.000000000000000,3136.000000000000000,20175,SEWARD
337909,372297,2017500040040003001,31532.705167507432634,2700.000000000000000,1800.000000000000000,,,2700.000000000000000,,1800.000000000000000,,2700.000000000000000,,2700.000000000000000,900.000000000000000,4500.000000000000000,,,20175,SEWARD
337910,372298,2017500032870001001,514110.604082584148273,504000.000000000000000,506700.000000000000000,509400.000000000000000,506700.000000000000000,503100.000000000000000,509400.000000000000000,9000.000000000000000,499500.000000000000000,505800.000000000000000,466200.000000000000000,31500.000000000000000,479700.000000000000000,503100.000000000000000,498624.000000000000000,511168.000000000000000,20175,SEWARD
337911,372299,2017500003200011001,32710.250070001136919,900.000000000000000,,,,5400.000000000000000,,1800.000000000000000,,900.000000000000000,,,1800.000000000000000,,,,20175,SEWARD
337912,372300,2017500002440001002,167870.304887339385459,,3600.000000000000000,,,900.000000000000000,,,,,,,,,,,20175,SEWARD
337913,372301,2017500001150003001,517170.333526404167060,511200.000000000000000,3600.000000000000000,491400.000000000000000,7200.000000000000000,506700.000000000000000,509400.000000000000000,144000.000000000000000,502200.000000000000000,499500.000000000000000,511200.000000000000000,493200.000000000000000,513000.000000000000000,506700.000000000000000,498624.000000000000000,492352.000000000000000,20175,SEWARD
337914,372302,2017500042380004001,31619.278723835788696,4500.000000000000000,4500.000000000000000,900.000000000000000,2700.000000000000000,900.000000000000000,,,,,,,,,,,20175,SEWARD
337915,372303,2017500010020002001,50718.451842425631185,3600.000000000000000,,,,,,,,,,,,,,,20175,SEWARD
337917,372305,2017500039350002003,34452.564153076324146,1800.000000000000000,3600.000000000000000,1800.000000000000000,9000.000000000000000,9000.000000000000000,3600.000000000000000,,10800.000000000000000,900.000000000000000,12600.000000000000000,9000.000000000000000,2700.000000000000000,5400.000000000000000,6272.000000000000000,12544.000000000000000,20175,SEWARD
337918,372306,2017500003970002001,36843.218972064882109,3600.000000000000000,4500.000000000000000,900.000000000000000,10800.000000000000000,,4500.000000000000000,,3600.000000000000000,,1800.000000000000000,,3600.000000000000000,900.000000000000000,,,20175,SEWARD
337919,372307,2017500003240005009,21332.349464111473935,,,,,,,,,1800.000000000000000,,,,,,,20175,SEWARD
337920,372308,2017500036220003001,39391.950983755712514,,900.000000000000000,900.000000000000000,,,7200.000000000000000,,,,4500.000000000000000,16200.000000000000000,9000.000000000000000,,,,20175,SEWARD
337921,372309,2017500004330009001,68935.145219486570568,6300.000000000000000,2700.000000000000000,3600.000000000000000,5400.000000000000000,5400.000000000000000,7200.000000000000000,900.000000000000000,1800.000000000000000,3600.000000000000000,6300.000000000000000,3600.000000000000000,7200.000000000000000,4500.000000000000000,3136.000000000000000,,20175,SEWARD
337923,372311,2017500007050001001,288890.957916305575054,1800.000000000000000,900.000000000000000,,,900.000000000000000,,,,,,,,,,,20175,SEWARD
337924,372312,2017500000780001002,60259.172803870089410,6300.000000000000000,5400.000000000000000,3600.000000000000000,6300.000000000000000,5400.000000000000000,900.000000000000000,4500.000000000000000,2700.000000000000000,7200.000000000000000,5400.000000000000000,,2700.000000000000000,1800.000000000000000,3136.000000000000000,,20175,SEWARD
337925,372313,2017500042460001002,29635.167174187958153,20700.000000000000000,,,9900.000000000000000,15300.000000000000000,,,,,,,900.000000000000000,,,9408.000000000000000,20175,SEWARD
337926,372314,2017500002180002001,30733.224797744805983,1800.000000000000000,900.000000000000000,900.000000000000000,,1800.000000000000000,2700.000000000000000,1800.000000000000000,1800.000000000000000,1800.000000000000000,,900.000000000000000,3600.000000000000000,,15680.000000000000000,,20175,SEWARD
337927,372315,2017500005830001001,643524.178898636135273,1800.000000000000000,900.000000000000000,1800.000000000000000,3600.000000000000000,8100.000000000000000,7200.000000000000000,3600.000000000000000,7200.000000000000000,11700.000000000000000,,,900.000000000000000,18000.000000000000000,,,20175,SEWARD
337928,372316,2017500005320003001,67351.933175822894555,,,,,,,,,,,,,,,,20175,SEWARD
337929,372317,2017500007330001001,710643.792988879606128,204300.000000000000000,176400.000000000000000,19800.000000000000000,169200.000000000000000,32400.000000000000000,,900.000000000000000,7200.000000000000000,,6300.000000000000000,,,900.000000000000000,,21952.000000000000000,20175,SEWARD
337930,372319,2017500035080001003,103272.161616614816012,93600.000000000000000,4500.000000000000000,97200.000000000000000,9000.000000000000000,82800.000000000000000,4500.000000000000000,88200.000000000000000,90000.000000000000000,,,92700.000000000000000,48600.000000000000000,9900.000000000000000,97216.000000000000000,103488.000000000000000,20175,SEWARD
337931,372320,2017500034960006001,5240.069718111395559,,,,,,,,,,,,,,,,20175,SEWARD
337932,372321,2017500041290002001,23815.263629252516694,900.000000000000000,2700.000000000000000,,2700.000000000000000,,,,2700.000000000000000,,,,,,,,20175,SEWARD
337933,372322,2017500039740001001,501301.758315757964738,,496800.000000000000000,490500.000000000000000,900.000000000000000,,,492300.000000000000000,,488700.000000000000000,,,495000.000000000000000,486000.000000000000000,,464128.000000000000000,20175,SEWARD
337934,372323,2017500041530005001,37347.829712848688359,8100.000000000000000,8100.000000000000000,3600.000000000000000,,4500.000000000000000,3600.000000000000000,,,,9000.000000000000000,7200.000000000000000,,,3136.000000000000000,,20175,SEWARD
337935,372324,2017500008960003001,62621.347343902532884,,,,,,,,,,,,,,,,20175,SEWARD
337936,372325,2017500000450006001,496549.940248288155999,3600.000000000000000,,21600.000000000000000,,450900.000000000000000,,435600.000000000000000,,,490500.000000000000000,,495900.000000000000000,,473536.000000000000000,,20175,SEWARD
337937,372326,2017500009410002001,30902.786733195334818,2700.000000000000000,1800.000000000000000,900.000000000000000,1800.000000000000000,3600.000000000000000,4500.000000000000000,1800.000000000000000,900.000000000000000,,5400.000000000000000,4500.000000000000000,6300.000000000000000,2700.000000000000000,,3136.000000000000000,20175,SEWARD
337938,372327,2017500000450003001,33668.463230669112818,,,,900.000000000000000,,,,,,,4500.000000000000000,,2700.000000000000000,,,20175,SEWARD
337939,372328,2017500007770001002,137830.352869006193941,,,,4500.000000000000000,,,,,900.000000000000000,,,,,6272.000000000000000,21952.000000000000000,20175,SEWARD
337940,372329,2017500041600001002,485421.106385801045690,441000.000000000000000,441900.000000000000000,73800.000000000000000,,,427500.000000000000000,432000.000000000000000,,900.000000000000000,1800.000000000000000,459900.000000000000000,33300.000000000000000,459000.000000000000000,335552.000000000000000,448448.000000000000000,20175,SEWARD
337941,372330,2017500035980001003,30469.433154078284133,,,,,,,,,,,3600.000000000000000,,900.000000000000000,,,20175,SEWARD
337943,372332,2017500042030001005,99530.337582421794650,5400.000000000000000,,1800.000000000000000,65700.000000000000000,,3600.000000000000000,,,,,9000.000000000000000,3600.000000000000000,6300.000000000000000,,21952.000000000000000,20175,SEWARD
337944,372333,2017500006250001001,286995.087896783777978,1800.000000000000000,900.000000000000000,,,,,,,,8100.000000000000000,,,900.000000000000000,,,20175,SEWARD
337945,372334,2017500040510001001,518173.296700730163138,20700.000000000000000,511200.000000000000000,493200.000000000000000,510300.000000000000000,,21600.000000000000000,492300.000000000000000,504000.000000000000000,500400.000000000000000,504000.000000000000000,500400.000000000000000,511200.000000000000000,501300.000000000000000,495488.000000000000000,479808.000000000000000,20175,SEWARD
337946,372335,2017500036730001001,474209.645924564567395,468900.000000000000000,3600.000000000000000,465300.000000000000000,1800.000000000000000,5400.000000000000000,468000.000000000000000,,467100.000000000000000,,334800.000000000000000,34200.000000000000000,470700.000000000000000,,454720.000000000000000,,20175,SEWARD
337947,372336,2017500037720003001,40953.400143450402538,1800.000000000000000,,5400.000000000000000,,,,,,,,,6300.000000000000000,,,,20175,SEWARD
337949,372338,2017500036540005001,163625.480190110014519,,900.000000000000000,,,900.000000000000000,,,,,900.000000000000000,,,,,,20175,SEWARD
337950,372339,2017500010110002007,40286.672845046166913,13500.000000000000000,900.000000000000000,900.000000000000000,900.000000000000000,900.000000000000000,,900.000000000000000,1800.000000000000000,900.000000000000000,1800.000000000000000,1800.000000000000000,900.000000000000000,1800.000000000000000,6272.000000000000000,3136.000000000000000,20175,SEWARD
337951,372340,2017500039730003001,31731.013368382595218,,1800.000000000000000,,,,,1800.000000000000000,,,,,5400.000000000000000,900.000000000000000,,6272.000000000000000,20175,SEWARD
337977,372402,2017500035120001001,238062.861346649762709,174600.000000000000000,,195300.000000000000000,900.000000000000000,166500.000000000000000,,161100.000000000000000,135900.000000000000000,178200.000000000000000,157500.000000000000000,168300.000000000000000,126000.000000000000000,170100.000000000000000,163072.000000000000000,3136.000000000000000,20175,SEWARD
337978,372403,2017500003660004001,21833.060493002256408,,900.000000000000000,,2700.000000000000000,,,,,,,,1800.000000000000000,,,,20175,SEWARD
337979,372404,2017500003670003001,28580.536744695706147,8100.000000000000000,6300.000000000000000,4500.000000000000000,,5400.000000000000000,,7200.000000000000000,,2700.000000000000000,,4500.000000000000000,,9000.000000000000000,,31360.000000000000000,20175,SEWARD
337980,372406,2017500042020001001,51551.892080795601942,26100.000000000000000,,,46800.000000000000000,,,,,,1800.000000000000000,,,,,,20175,SEWARD
337981,372407,2017500035120001002,260826.340328804770252,19800.000000000000000,250200.000000000000000,6300.000000000000000,178200.000000000000000,,154800.000000000000000,,163800.000000000000000,,164700.000000000000000,148500.000000000000000,216000.000000000000000,9900.000000000000000,166208.000000000000000,125440.000000000000000,20175,SEWARD
337982,372408,2017500041230001002,456953.030243663408328,24300.000000000000000,21600.000000000000000,,17100.000000000000000,57600.000000000000000,100800.000000000000000,,,,8100.000000000000000,,1800.000000000000000,,,,20175,SEWARD
337983,372409,2017500003080001009,130148.004119098899537,129600.000000000000000,129600.000000000000000,17100.000000000000000,130500.000000000000000,47700.000000000000000,130500.000000000000000,128700.000000000000000,126900.000000000000000,129600.000000000000000,130500.000000000000000,11700.000000000000000,128700.000000000000000,4500.000000000000000,122304.000000000000000,28224.000000000000000,20175,SEWARD
337984,372411,2017500005040001002,506020.619740967638791,500400.000000000000000,,,495000.000000000000000,9900.000000000000000,,6300.000000000000000,900.000000000000000,,21600.000000000000000,371700.000000000000000,,,,3136.000000000000000,20175,SEWARD
337985,372412,2017500035120001003,121905.176709583174670,118800.000000000000000,,118800.000000000000000,,115200.000000000000000,,116100.000000000000000,93600.000000000000000,120600.000000000000000,114300.000000000000000,118800.000000000000000,8100.000000000000000,118800.000000000000000,112896.000000000000000,12544.000000000000000,20175,SEWARD
337986,372414,2017500003660005001,34028.536404856859008,9000.000000000000000,9900.000000000000000,,8100.000000000000000,,9900.000000000000000,,4500.000000000000000,,9000.000000000000000,,10800.000000000000000,,,,20175,SEWARD
337987,372415,2017500035120001004,94608.937951779967989,92700.000000000000000,,91800.000000000000000,900.000000000000000,92700.000000000000000,,92700.000000000000000,78300.000000000000000,93600.000000000000000,90900.000000000000000,93600.000000000000000,41400.000000000000000,93600.000000000000000,87808.000000000000000,,20175,SEWARD
337988,372416,2017500038840001007,31205.324671749454865,,,,,,,900.000000000000000,900.000000000000000,,900.000000000000000,,,,6272.000000000000000,9408.000000000000000,20175,SEWARD
337989,372418,2017500040210001001,512585.521650020789821,486000.000000000000000,472500.000000000000000,486900.000000000000000,478800.000000000000000,495000.000000000000000,484200.000000000000000,478800.000000000000000,499500.000000000000000,500400.000000000000000,500400.000000000000000,479700.000000000000000,495000.000000000000000,495900.000000000000000,473536.000000000000000,435904.000000000000000,20175,SEWARD
337990,372419,2017500006760001003,414316.686686407891102,358200.000000000000000,6300.000000000000000,8100.000000000000000,395100.000000000000000,8100.000000000000000,,900.000000000000000,35100.000000000000000,1800.000000000000000,3600.000000000000000,379800.000000000000000,900.000000000000000,,385728.000000000000000,,20175,SEWARD
337991,372420,2017500001150004001,517897.970131590845995,503100.000000000000000,483300.000000000000000,6300.000000000000000,8100.000000000000000,503100.000000000000000,72900.000000000000000,503100.000000000000000,492300.000000000000000,500400.000000000000000,500400.000000000000000,491400.000000000000000,495900.000000000000000,497700.000000000000000,495488.000000000000000,492352.000000000000000,20175,SEWARD
337992,372421,2017500033080002005,34458.751101345362258,4500.000000000000000,900.000000000000000,900.000000000000000,,2700.000000000000000,900.000000000000000,,2700.000000000000000,2700.000000000000000,4500.000000000000000,1800.000000000000000,,1800.000000000000000,,,20175,SEWARD
337993,372422,2017500006180001002,34391.626267310246476,26100.000000000000000,28800.000000000000000,2700.000000000000000,1800.000000000000000,8100.000000000000000,900.000000000000000,,,900.000000000000000,,,4500.000000000000000,12600.000000000000000,12544.000000000000000,12544.000000000000000,20175,SEWARD
337994,372423,2017500043160001002,340980.016502223326825,6300.000000000000000,312300.000000000000000,2700.000000000000000,24300.000000000000000,,305100.000000000000000,,900.000000000000000,4500.000000000000000,21600.000000000000000,,,,,,20175,SEWARD
337995,372424,2017500040640001013,34736.302400853273866,,,,,,,,,8100.000000000000000,,4500.000000000000000,,,6272.000000000000000,,20175,SEWARD
337996,372425,2017500040990002013,13076.730200941135990,,8100.000000000000000,,1800.000000000000000,900.000000000000000,,,,900.000000000000000,,,,,,,20175,SEWARD
337997,372426,2017500003880004001,26158.314972971413226,4500.000000000000000,900.000000000000000,,,,1800.000000000000000,,900.000000000000000,2700.000000000000000,3600.000000000000000,2700.000000000000000,3600.000000000000000,,3136.000000000000000,18816.000000000000000,20175,SEWARD
337998,372427,2017500002040001003,294108.066984682227485,17100.000000000000000,22500.000000000000000,,4500.000000000000000,,,,4500.000000000000000,900.000000000000000,,900.000000000000000,,,,,20175,SEWARD
337999,372428,2017500007420001003,387724.697775303560775,900.000000000000000,82800.000000000000000,4500.000000000000000,68400.000000000000000,14400.000000000000000,8100.000000000000000,,3600.000000000000000,,20700.000000000000000,,4500.000000000000000,3600.000000000000000,,,20175,SEWARD
338000,372429,2017500008600001002,328406.853174514020793,271800.000000000000000,4500.000000000000000,,225900.000000000000000,189900.000000000000000,147600.000000000000000,,70200.000000000000000,1800.000000000000000,158400.000000000000000,6300.000000000000000,15300.000000000000000,55800.000000000000000,153664.000000000000000,,20175,SEWARD
338001,372430,2017500011460003005,212070.973703737457981,7200.000000000000000,43200.000000000000000,36900.000000000000000,15300.000000000000000,76500.000000000000000,17100.000000000000000,55800.000000000000000,14400.000000000000000,900.000000000000000,92700.000000000000000,189900.000000000000000,4500.000000000000000,12600.000000000000000,,59584.000000000000000,20175,SEWARD
338002,372431,2017500038860001001,511979.094834216579329,503100.000000000000000,34200.000000000000000,498600.000000000000000,507600.000000000000000,,507600.000000000000000,500400.000000000000000,1800.000000000000000,503100.000000000000000,504900.000000000000000,506700.000000000000000,,,489216.000000000000000,454720.000000000000000,20175,SEWARD
338003,372432,2017500004130001005,238726.652218168601394,,236700.000000000000000,,235800.000000000000000,,234900.000000000000000,,234000.000000000000000,,,229500.000000000000000,,229500.000000000000000,,228928.000000000000000,20175,SEWARD
338004,372433,2017500004560001002,217022.770010525913676,1800.000000000000000,,,,900.000000000000000,,900.000000000000000,129600.000000000000000,,,15300.000000000000000,,,15680.000000000000000,,20175,SEWARD
338005,372434,2017500004090001005,33109.691584476575372,,7200.000000000000000,900.000000000000000,9900.000000000000000,,,,900.000000000000000,2700.000000000000000,2700.000000000000000,,,4500.000000000000000,3136.000000000000000,12544.000000000000000,20175,SEWARD
338006,372435,2017500041440002001,14829.632281054911800,1800.000000000000000,3600.000000000000000,,900.000000000000000,,,,,,,3600.000000000000000,,5400.000000000000000,,,20175,SEWARD
338007,372436,2017500009230001004,29469.092514549141924,10800.000000000000000,,,900.000000000000000,,,,900.000000000000000,1800.000000000000000,1800.000000000000000,900.000000000000000,,3600.000000000000000,,,20175,SEWARD
338008,372437,2017500002860001003,214166.885918407904683,,207000.000000000000000,,201600.000000000000000,,,,900.000000000000000,900.000000000000000,3600.000000000000000,61200.000000000000000,,,,,20175,SEWARD
338009,372438,2017500004820005001,29872.507246627195855,,,,900.000000000000000,3600.000000000000000,2700.000000000000000,2700.000000000000000,,,,4500.000000000000000,,,,,20175,SEWARD
338010,372439,2017500002180007001,8221.401991651586286,5400.000000000000000,,4500.000000000000000,,7200.000000000000000,7200.000000000000000,4500.000000000000000,4500.000000000000000,3600.000000000000000,7200.000000000000000,7200.000000000000000,5400.000000000000000,3600.000000000000000,,3136.000000000000000,20175,SEWARD
338011,372440,2017500034990001004,44985.288772472646087,11700.000000000000000,16200.000000000000000,15300.000000000000000,29700.000000000000000,900.000000000000000,900.000000000000000,2700.000000000000000,4500.000000000000000,7200.000000000000000,1800.000000000000000,1800.000000000000000,900.000000000000000,4500.000000000000000,,,20175,SEWARD
338012,372441,2017500041440008001,76522.737333283876069,15300.000000000000000,5400.000000000000000,2700.000000000000000,15300.000000000000000,13500.000000000000000,5400.000000000000000,11700.000000000000000,3600.000000000000000,14400.000000000000000,6300.000000000000000,,25200.000000000000000,,6272.000000000000000,28224.000000000000000,20175,SEWARD
338013,372444,2017500037630001002,737141.040129748987965,673200.000000000000000,643500.000000000000000,653400.000000000000000,666900.000000000000000,611100.000000000000000,628200.000000000000000,642600.000000000000000,612000.000000000000000,642600.000000000000000,645300.000000000000000,646200.000000000000000,650700.000000000000000,649800.000000000000000,598976.000000000000000,633472.000000000000000,20175,SEWARD
338014,372445,2017500035510004014,515080.580448626540601,502200.000000000000000,,483300.000000000000000,5400.000000000000000,480600.000000000000000,,460800.000000000000000,,502200.000000000000000,,476100.000000000000000,497700.000000000000000,502200.000000000000000,486080.000000000000000,454720.000000000000000,20175,SEWARD
338015,372446,2017500039040002003,142486.650971793453209,36000.000000000000000,900.000000000000000,,120600.000000000000000,,4500.000000000000000,5400.000000000000000,,,900.000000000000000,2700.000000000000000,,,,,20175,SEWARD
338016,372447,2017500035580001004,36115.359554572452907,2700.000000000000000,,900.000000000000000,900.000000000000000,,2700.000000000000000,,,,,,1800.000000000000000,1800.000000000000000,3136.000000000000000,,20175,SEWARD
338017,372448,2017500005650001006,222841.076981672551483,,,,220500.000000000000000,5400.000000000000000,216900.000000000000000,,,220500.000000000000000,1800.000000000000000,222300.000000000000000,,221400.000000000000000,3136.000000000000000,,20175,SEWARD
338018,372449,2017500005290001002,31544.453627586728544,6300.000000000000000,10800.000000000000000,5400.000000000000000,4500.000000000000000,17100.000000000000000,5400.000000000000000,2700.000000000000000,,5400.000000000000000,24300.000000000000000,4500.000000000000000,900.000000000000000,3600.000000000000000,3136.000000000000000,25088.000000000000000,20175,SEWARD
338019,372450,2017500035420001001,47961.788951573980739,,,,,,,,,,,,,,,,20175,SEWARD
338020,372451,2017500006790001001,643740.577041147509590,,4500.000000000000000,,,,,,,,,2700.000000000000000,,,,,20175,SEWARD
338021,372452,2017500009850001001,258136.105354042840190,1800.000000000000000,246600.000000000000000,15300.000000000000000,,,252900.000000000000000,,252900.000000000000000,,252000.000000000000000,,27000.000000000000000,,257152.000000000000000,31360.000000000000000,20175,SEWARD
338022,372453,2017500005290001003,32320.776851204464037,4500.000000000000000,9000.000000000000000,1800.000000000000000,3600.000000000000000,8100.000000000000000,6300.000000000000000,5400.000000000000000,2700.000000000000000,,15300.000000000000000,9000.000000000000000,1800.000000000000000,,3136.000000000000000,12544.000000000000000,20175,SEWARD
338023,372454,2017500003250012001,34589.908474958967417,,3600.000000000000000,3600.000000000000000,3600.000000000000000,,,,2700.000000000000000,,4500.000000000000000,4500.000000000000000,,8100.000000000000000,,15680.000000000000000,20175,SEWARD
338024,372455,2017500038420009001,29368.736497946210875,,3600.000000000000000,,3600.000000000000000,,4500.000000000000000,,2700.000000000000000,,6300.000000000000000,,3600.000000000000000,,,,20175,SEWARD
338025,372456,2017500003270001005,231010.500215429958189,1800.000000000000000,21600.000000000000000,1800.000000000000000,,,,,,216000.000000000000000,213300.000000000000000,,,1800.000000000000000,12544.000000000000000,81536.000000000000000,20175,SEWARD
338026,372457,2017500039820007001,36492.499078518580063,10800.000000000000000,9900.000000000000000,9000.000000000000000,9900.000000000000000,7200.000000000000000,9000.000000000000000,7200.000000000000000,9900.000000000000000,9000.000000000000000,7200.000000000000000,2700.000000000000000,3600.000000000000000,8100.000000000000000,18816.000000000000000,12544.000000000000000,20175,SEWARD
338027,372458,2017500000450008001,36395.203188069630414,900.000000000000000,7200.000000000000000,,3600.000000000000000,,4500.000000000000000,,2700.000000000000000,6300.000000000000000,,6300.000000000000000,,9900.000000000000000,,18816.000000000000000,20175,SEWARD
338028,372459,2017500001600001005,27867.370709989201714,19800.000000000000000,20700.000000000000000,8100.000000000000000,900.000000000000000,,,,,,900.000000000000000,,,2700.000000000000000,28224.000000000000000,9408.000000000000000,20175,SEWARD
338029,372460,2017500008640001001,305537.829823038773611,,,,,,1800.000000000000000,,,238500.000000000000000,,,900.000000000000000,,,3136.000000000000000,20175,SEWARD
338030,372461,2017500039600005001,78917.704023584665265,5400.000000000000000,3600.000000000000000,900.000000000000000,,9000.000000000000000,,,,900.000000000000000,900.000000000000000,11700.000000000000000,2700.000000000000000,2700.000000000000000,,21952.000000000000000,20175,SEWARD
338031,372462,2017500003320001002,413337.207757861411665,7200.000000000000000,398700.000000000000000,,405900.000000000000000,,,,,221400.000000000000000,,403200.000000000000000,2700.000000000000000,,,172480.000000000000000,20175,SEWARD
338032,372463,2017500000940002003,617420.804194310330786,22500.000000000000000,,77400.000000000000000,576000.000000000000000,606600.000000000000000,605700.000000000000000,600300.000000000000000,603000.000000000000000,603900.000000000000000,,,609300.000000000000000,611100.000000000000000,564480.000000000000000,564480.000000000000000,20175,SEWARD
338033,372464,2017500037750001005,858599.005978083703667,846900.000000000000000,846900.000000000000000,828900.000000000000000,842400.000000000000000,837900.000000000000000,,360900.000000000000000,743400.000000000000000,837900.000000000000000,411300.000000000000000,504000.000000000000000,457200.000000000000000,473400.000000000000000,677376.000000000000000,592704.000000000000000,20175,SEWARD
338034,372465,2017500036940005003,71521.415807767305523,,1800.000000000000000,,,900.000000000000000,,900.000000000000000,,,18900.000000000000000,,,,,,20175,SEWARD
338035,372466,2017500038830003001,28951.250174663582584,,,,900.000000000000000,,,,900.000000000000000,,,,,900.000000000000000,,,20175,SEWARD
338036,372467,2017500010250002006,65980.678805482719326,900.000000000000000,,900.000000000000000,10800.000000000000000,21600.000000000000000,,,,,900.000000000000000,,,,,3136.000000000000000,20175,SEWARD
338037,372468,2017500008260001003,21423.657637652406265,18000.000000000000000,,900.000000000000000,19800.000000000000000,18000.000000000000000,,,900.000000000000000,900.000000000000000,5400.000000000000000,9900.000000000000000,,1800.000000000000000,9408.000000000000000,,20175,SEWARD
338038,372469,2017500003320004001,529309.881386568187736,508500.000000000000000,324900.000000000000000,900.000000000000000,516600.000000000000000,9000.000000000000000,193500.000000000000000,,235800.000000000000000,,,472500.000000000000000,,5400.000000000000000,420224.000000000000000,194432.000000000000000,20175,SEWARD
338039,372470,2017500035420002001,55896.614523880518391,,,,,,,,,,,,,,,,20175,SEWARD
338040,372471,2017500041620001003,498285.130440827459097,337500.000000000000000,,,4500.000000000000000,,,,,2700.000000000000000,,,483300.000000000000000,,451584.000000000000000,25088.000000000000000,20175,SEWARD
338041,372472,2017500035070001002,77166.076606995964539,76500.000000000000000,2700.000000000000000,76500.000000000000000,4500.000000000000000,72900.000000000000000,2700.000000000000000,74700.000000000000000,74700.000000000000000,,,70200.000000000000000,39600.000000000000000,4500.000000000000000,65856.000000000000000,28224.000000000000000,20175,SEWARD
338042,372473,2017500034850003002,11449.114166863711944,900.000000000000000,900.000000000000000,,900.000000000000000,,,,,,,,2700.000000000000000,,3136.000000000000000,,20175,SEWARD
338043,372474,2017500003480001003,28643.997223551759816,1800.000000000000000,15300.000000000000000,9900.000000000000000,24300.000000000000000,,,,,5400.000000000000000,,,,,,,20175,SEWARD
338044,372475,2017500040640001014,41921.243710843060398,,,,2700.000000000000000,900.000000000000000,900.000000000000000,,900.000000000000000,,,,1800.000000000000000,2700.000000000000000,,,20175,SEWARD
338045,372476,2017500003470001003,32335.107293170611229,27900.000000000000000,3600.000000000000000,,26100.000000000000000,1800.000000000000000,,,900.000000000000000,20700.000000000000000,1800.000000000000000,31500.000000000000000,,2700.000000000000000,,3136.000000000000000,20175,SEWARD
338046,372477,2017500009560001002,304915.597132656548638,43200.000000000000000,16200.000000000000000,8100.000000000000000,77400.000000000000000,,4500.000000000000000,40500.000000000000000,192600.000000000000000,212400.000000000000000,5400.000000000000000,,22500.000000000000000,36000.000000000000000,,,20175,SEWARD
338047,372478,2017500004330001004,238813.054143686138559,235800.000000000000000,6300.000000000000000,239400.000000000000000,900.000000000000000,,235800.000000000000000,,,236700.000000000000000,170100.000000000000000,,239400.000000000000000,1800.000000000000000,,,20175,SEWARD
338048,372479,2017500000970001005,28527.282126116351719,,,,900.000000000000000,,900.000000000000000,900.000000000000000,900.000000000000000,1800.000000000000000,,900.000000000000000,,,3136.000000000000000,,20175,SEWARD
338049,372480,2017500007190001001,328689.719902809127234,194400.000000000000000,88200.000000000000000,20700.000000000000000,18900.000000000000000,302400.000000000000000,181800.000000000000000,176400.000000000000000,72900.000000000000000,199800.000000000000000,201600.000000000000000,191700.000000000000000,194400.000000000000000,197100.000000000000000,,,20175,SEWARD
338050,372481,2017500004270002004,640681.613571044756100,124200.000000000000000,225000.000000000000000,487800.000000000000000,31500.000000000000000,476100.000000000000000,521100.000000000000000,462600.000000000000000,385200.000000000000000,505800.000000000000000,1800.000000000000000,532800.000000000000000,416700.000000000000000,289800.000000000000000,570752.000000000000000,228928.000000000000000,20175,SEWARD
338051,372482,2017500005610001003,125407.488313059773645,20700.000000000000000,,,900.000000000000000,,,,,,,,,,,,20175,SEWARD
338052,372483,2017500041620001004,37864.365055139307515,34200.000000000000000,,,,,,,,,,,8100.000000000000000,1800.000000000000000,3136.000000000000000,,20175,SEWARD
338053,372484,2017500000610001002,286505.424629851710051,1800.000000000000000,,,39600.000000000000000,82800.000000000000000,12600.000000000000000,,12600.000000000000000,45000.000000000000000,33300.000000000000000,,225000.000000000000000,900.000000000000000,,,20175,SEWARD
338054,372485,2017500010270001001,386953.548847095982637,900.000000000000000,,,,,,,,,,,3600.000000000000000,,,,20175,SEWARD
338055,372486,2017500006110001001,610845.169895967468619,900.000000000000000,900.000000000000000,,900.000000000000000,900.000000000000000,,,,900.000000000000000,900.000000000000000,2700.000000000000000,,5400.000000000000000,,,20175,SEWARD
338056,372487,2017500036110001002,221871.532915101794060,4500.000000000000000,223200.000000000000000,221400.000000000000000,5400.000000000000000,213300.000000000000000,1800.000000000000000,211500.000000000000000,214200.000000000000000,223200.000000000000000,135000.000000000000000,154800.000000000000000,216000.000000000000000,11700.000000000000000,191296.000000000000000,40768.000000000000000,20175,SEWARD
338057,372488,2017500037380001001,42882.443689856329001,1800.000000000000000,,,,,,,,,,900.000000000000000,,,,,20175,SEWARD
338058,372489,2017500035950001002,498615.205703746876679,1800.000000000000000,,,490500.000000000000000,1800.000000000000000,3600.000000000000000,,,221400.000000000000000,477900.000000000000000,,9000.000000000000000,900.000000000000000,,3136.000000000000000,20175,SEWARD
338059,372490,2017500009010001001,167918.883133750729030,5400.000000000000000,,,116100.000000000000000,,,,900.000000000000000,4500.000000000000000,900.000000000000000,,,,,,20175,SEWARD
338060,372491,2017500006300001001,374983.069871602230705,,,,,,,,,,,,,,,,20175,SEWARD
338061,372492,2017500008880001001,501877.323086905817036,486900.000000000000000,109800.000000000000000,488700.000000000000000,33300.000000000000000,498600.000000000000000,1800.000000000000000,493200.000000000000000,497700.000000000000000,1800.000000000000000,485100.000000000000000,900.000000000000000,492300.000000000000000,1800.000000000000000,407680.000000000000000,,20175,SEWARD
338062,372493,2017500003190001001,502093.356008815404493,,496800.000000000000000,1800.000000000000000,,,,,,,,1800.000000000000000,1800.000000000000000,,404544.000000000000000,3136.000000000000000,20175,SEWARD
338063,372494,2017500002030001003,9456.644020778090635,2700.000000000000000,900.000000000000000,,,900.000000000000000,,,,900.000000000000000,,3600.000000000000000,,,,6272.000000000000000,20175,SEWARD
338064,372495,2017500042120001006,351965.642224641749635,,18000.000000000000000,,,10800.000000000000000,,,,5400.000000000000000,,900.000000000000000,9000.000000000000000,,,3136.000000000000000,20175,SEWARD
338065,372496,2017500006200001002,235286.384573578514392,137700.000000000000000,141300.000000000000000,127800.000000000000000,127800.000000000000000,132300.000000000000000,117000.000000000000000,122400.000000000000000,131400.000000000000000,203400.000000000000000,133200.000000000000000,120600.000000000000000,64800.000000000000000,4500.000000000000000,6272.000000000000000,,20175,SEWARD
338066,372497,2017500040990002015,12326.461379876443971,,900.000000000000000,,,,,,,,,,,,3136.000000000000000,,20175,SEWARD
338067,372498,2017500036120001001,478736.120228634681553,,472500.000000000000000,94500.000000000000000,,3600.000000000000000,1800.000000000000000,,465300.000000000000000,,333900.000000000000000,,459900.000000000000000,,432768.000000000000000,,20175,SEWARD
338068,372499,2017500035360001005,31782.013195807641750,1800.000000000000000,5400.000000000000000,900.000000000000000,18900.000000000000000,1800.000000000000000,,1800.000000000000000,900.000000000000000,2700.000000000000000,,1800.000000000000000,1800.000000000000000,2700.000000000000000,9408.000000000000000,6272.000000000000000,20175,SEWARD
338069,372500,2017500000090001003,517337.997862440184690,2700.000000000000000,,900.000000000000000,1800.000000000000000,,900.000000000000000,,83700.000000000000000,,,,13500.000000000000000,32400.000000000000000,,,20175,SEWARD
338070,372501,2017500033640001004,28870.222616969123919,,21600.000000000000000,,,1800.000000000000000,,,,4500.000000000000000,,2700.000000000000000,900.000000000000000,,,,20175,SEWARD
338071,372502,2017500040990003010,12765.667005768205854,,2700.000000000000000,,4500.000000000000000,,,,900.000000000000000,,2700.000000000000000,,,,,,20175,SEWARD
338072,372503,2017500039580021001,34402.046935347592807,21600.000000000000000,,,13500.000000000000000,9900.000000000000000,,,,,900.000000000000000,,,900.000000000000000,,,20175,SEWARD
338073,372504,2017500042200004001,28514.104075586044928,4500.000000000000000,9000.000000000000000,,5400.000000000000000,8100.000000000000000,1800.000000000000000,6300.000000000000000,9900.000000000000000,9900.000000000000000,9900.000000000000000,9900.000000000000000,8100.000000000000000,9900.000000000000000,9408.000000000000000,18816.000000000000000,20175,SEWARD
338074,372505,2017500008410001001,302315.919322277070023,19800.000000000000000,5400.000000000000000,,118800.000000000000000,,248400.000000000000000,14400.000000000000000,223200.000000000000000,96300.000000000000000,242100.000000000000000,900.000000000000000,53100.000000000000000,164700.000000000000000,,,20175,SEWARD
338075,372506,2017500007790001001,372243.344976490130648,245700.000000000000000,900.000000000000000,2700.000000000000000,147600.000000000000000,68400.000000000000000,180000.000000000000000,,,,,900.000000000000000,,2700.000000000000000,,75264.000000000000000,20175,SEWARD
338076,372507,2017500038420013001,163640.815722365427064,18000.000000000000000,12600.000000000000000,7200.000000000000000,10800.000000000000000,20700.000000000000000,5400.000000000000000,1800.000000000000000,7200.000000000000000,18000.000000000000000,17100.000000000000000,26100.000000000000000,13500.000000000000000,26100.000000000000000,6272.000000000000000,34496.000000000000000,20175,SEWARD
338077,372508,2017500009410004001,30324.643450866809872,2700.000000000000000,,1800.000000000000000,,1800.000000000000000,900.000000000000000,900.000000000000000,3600.000000000000000,5400.000000000000000,2700.000000000000000,5400.000000000000000,4500.000000000000000,6300.000000000000000,3136.000000000000000,18816.000000000000000,20175,SEWARD
338078,372509,2017500006360001001,638093.844613459426910,566100.000000000000000,4500.000000000000000,,,,,900.000000000000000,,,,,,1800.000000000000000,,,20175,SEWARD
338079,372510,2017500007870003001,265023.586369190365076,,,,,,,,,,,,,,,,20175,SEWARD
338080,372511,2017500034850003003,25075.797828331629717,900.000000000000000,,2700.000000000000000,17100.000000000000000,9900.000000000000000,,3600.000000000000000,,,1800.000000000000000,,,6300.000000000000000,9408.000000000000000,,20175,SEWARD
338081,372512,2017500009670001001,492229.721560691366903,,,466200.000000000000000,13500.000000000000000,,,469800.000000000000000,477000.000000000000000,,,27900.000000000000000,481500.000000000000000,6300.000000000000000,482944.000000000000000,442176.000000000000000,20175,SEWARD
338082,372513,2017500004480001001,26549.026277366057911,,,,,,900.000000000000000,,,,,,,,,,20175,SEWARD
338083,372514,2017500008850001001,318787.859545600600541,16200.000000000000000,900.000000000000000,,,900.000000000000000,,,,900.000000000000000,6300.000000000000000,1800.000000000000000,13500.000000000000000,,137984.000000000000000,59584.000000000000000,20175,SEWARD
338084,372515,2017500042460001003,24108.963199788304337,18000.000000000000000,,,11700.000000000000000,9000.000000000000000,,,,,,,,,,,20175,SEWARD
338085,372516,2017500035850001002,31533.762633581489354,3600.000000000000000,,,2700.000000000000000,2700.000000000000000,900.000000000000000,,,8100.000000000000000,,,27900.000000000000000,,,,20175,SEWARD
338086,372517,2017500003930001003,207306.316604438703507,193500.000000000000000,,3600.000000000000000,197100.000000000000000,,,,4500.000000000000000,,,145800.000000000000000,,,94080.000000000000000,,20175,SEWARD
338087,372518,2017500004190005001,40989.088848538471211,7200.000000000000000,11700.000000000000000,900.000000000000000,4500.000000000000000,8100.000000000000000,1800.000000000000000,,2700.000000000000000,2700.000000000000000,1800.000000000000000,2700.000000000000000,900.000000000000000,6300.000000000000000,18816.000000000000000,,20175,SEWARD
338088,372519,2017500036140001004,130126.216207862657029,61200.000000000000000,101700.000000000000000,83700.000000000000000,108900.000000000000000,10800.000000000000000,,,4500.000000000000000,51300.000000000000000,72000.000000000000000,86400.000000000000000,12600.000000000000000,34200.000000000000000,106624.000000000000000,109760.000000000000000,20175,SEWARD
338089,372520,2017500036760004001,27187.925614658077393,,,,,,,,,,,,,,,,20175,SEWARD
338090,372521,2017500000200001004,31483.145034773795487,2700.000000000000000,27900.000000000000000,,1800.000000000000000,9900.000000000000000,,900.000000000000000,1800.000000000000000,1800.000000000000000,4500.000000000000000,7200.000000000000000,,900.000000000000000,,,20175,SEWARD
338091,372522,2017500003130003001,241768.664977389940759,3600.000000000000000,5400.000000000000000,1800.000000000000000,900.000000000000000,,2700.000000000000000,,2700.000000000000000,900.000000000000000,,,,7200.000000000000000,,,20175,SEWARD
338092,372523,2017500039270001002,248321.771033425349742,1800.000000000000000,,,,,1800.000000000000000,,4500.000000000000000,,,5400.000000000000000,,95400.000000000000000,34496.000000000000000,,20175,SEWARD
338093,372524,2017500009130001002,32045.931305246165721,1800.000000000000000,1800.000000000000000,,900.000000000000000,,,,,900.000000000000000,2700.000000000000000,,9000.000000000000000,,3136.000000000000000,,20175,SEWARD
338094,372525,2017500038850013001,30293.550196345920995,900.000000000000000,3600.000000000000000,,2700.000000000000000,2700.000000000000000,,,3600.000000000000000,,3600.000000000000000,5400.000000000000000,,,,,20175,SEWARD
338095,372526,2017500007410003001,30832.966782068957400,,3600.000000000000000,,2700.000000000000000,,1800.000000000000000,,3600.000000000000000,,,,,900.000000000000000,,,20175,SEWARD
338096,372527,2017500038870003001,34204.415660783633939,2700.000000000000000,900.000000000000000,1800.000000000000000,,3600.000000000000000,,,3600.000000000000000,,,,,5400.000000000000000,6272.000000000000000,,20175,SEWARD
338097,372528,2017500009610005001,41198.386266331952356,900.000000000000000,900.000000000000000,900.000000000000000,,,,27900.000000000000000,3600.000000000000000,,7200.000000000000000,5400.000000000000000,,900.000000000000000,3136.000000000000000,,20175,SEWARD
338098,372529,2017500035900001001,512062.668872761889361,496800.000000000000000,135900.000000000000000,478800.000000000000000,11700.000000000000000,478800.000000000000000,492300.000000000000000,23400.000000000000000,494100.000000000000000,108000.000000000000000,488700.000000000000000,285300.000000000000000,490500.000000000000000,7200.000000000000000,432768.000000000000000,25088.000000000000000,20175,SEWARD
338099,372530,2017500002610001002,201092.570861413958482,,,,,,,,,,,900.000000000000000,,,,12544.000000000000000,20175,SEWARD
338100,372531,2017500002610001003,286141.667107965564355,,10800.000000000000000,,,35100.000000000000000,,,,,,,,,,,20175,SEWARD
338101,372532,2017500001460002001,38873.195403097357485,1800.000000000000000,900.000000000000000,900.000000000000000,1800.000000000000000,1800.000000000000000,900.000000000000000,1800.000000000000000,900.000000000000000,900.000000000000000,900.000000000000000,6300.000000000000000,2700.000000000000000,,,,20175,SEWARD
338102,372533,2017500043160001003,47863.160721453154110,1800.000000000000000,1800.000000000000000,,15300.000000000000000,,3600.000000000000000,,3600.000000000000000,,1800.000000000000000,,,,,,20175,SEWARD
338103,372534,2017500038490001002,6624.879978864742952,,,,,,,,,,,,,,,,20175,SEWARD
338104,372535,2017500033520001002,315912.258095968689304,3600.000000000000000,16200.000000000000000,1800.000000000000000,26100.000000000000000,900.000000000000000,,900.000000000000000,2700.000000000000000,2700.000000000000000,1800.000000000000000,4500.000000000000000,117000.000000000000000,,,78400.000000000000000,20175,SEWARD
338105,372536,2017500003240005011,26296.027265999440715,,,,,,,,,,,,,,,,20175,SEWARD
338106,372537,2017500035130001004,32752.246188123179309,1800.000000000000000,7200.000000000000000,3600.000000000000000,8100.000000000000000,24300.000000000000000,3600.000000000000000,2700.000000000000000,3600.000000000000000,,3600.000000000000000,14400.000000000000000,3600.000000000000000,3600.000000000000000,15680.000000000000000,15680.000000000000000,20175,SEWARD
338107,372538,2017500004250009001,81130.017323950043647,900.000000000000000,2700.000000000000000,,3600.000000000000000,2700.000000000000000,2700.000000000000000,900.000000000000000,4500.000000000000000,,1800.000000000000000,2700.000000000000000,8100.000000000000000,2700.000000000000000,3136.000000000000000,3136.000000000000000,20175,SEWARD
338108,372539,2017500039320004001,23325.865791443513444,,,,1800.000000000000000,2700.000000000000000,900.000000000000000,,,3600.000000000000000,,1800.000000000000000,3600.000000000000000,900.000000000000000,,3136.000000000000000,20175,SEWARD
338110,372541,2017500001170008001,49257.506335302008665,900.000000000000000,,,2700.000000000000000,,,,3600.000000000000000,,7200.000000000000000,6300.000000000000000,,,,3136.000000000000000,20175,SEWARD
338111,372542,2017500035320001001,82891.981526933945133,,,,,,,,,,,,,,,,20175,SEWARD
338112,372543,2017500034970001001,417564.891378664411604,,1800.000000000000000,,,1800.000000000000000,900.000000000000000,,1800.000000000000000,900.000000000000000,,9000.000000000000000,,7200.000000000000000,6272.000000000000000,,20175,SEWARD
338113,372544,2017500036120011001,17152.661160399402434,900.000000000000000,4500.000000000000000,,6300.000000000000000,,900.000000000000000,,3600.000000000000000,,900.000000000000000,,4500.000000000000000,,,,20175,SEWARD
338115,372547,2017500000170001001,243963.499348873476265,3600.000000000000000,5400.000000000000000,,16200.000000000000000,,1800.000000000000000,,90000.000000000000000,112500.000000000000000,1800.000000000000000,900.000000000000000,900.000000000000000,,,,20175,SEWARD
338116,372548,2017500005440002002,157041.590645287069492,,900.000000000000000,,,,,,,,,,,,,,20175,SEWARD
338117,372549,2017500000780001003,37274.659521751949796,3600.000000000000000,3600.000000000000000,4500.000000000000000,3600.000000000000000,2700.000000000000000,900.000000000000000,1800.000000000000000,900.000000000000000,5400.000000000000000,7200.000000000000000,,,,,,20175,SEWARD
338118,372550,2017500002940001003,36646.946265695922193,34200.000000000000000,1800.000000000000000,2700.000000000000000,35100.000000000000000,35100.000000000000000,,,4500.000000000000000,,4500.000000000000000,900.000000000000000,33300.000000000000000,,,3136.000000000000000,20175,SEWARD
338119,372551,2017500001510001008,524418.364596737083048,507600.000000000000000,512100.000000000000000,485100.000000000000000,502200.000000000000000,,495900.000000000000000,,507600.000000000000000,,,503100.000000000000000,,500400.000000000000000,,457856.000000000000000,20175,SEWARD
338120,372552,2017500039010001001,282511.287152684817556,1800.000000000000000,2700.000000000000000,,1800.000000000000000,3600.000000000000000,3600.000000000000000,3600.000000000000000,1800.000000000000000,900.000000000000000,900.000000000000000,3600.000000000000000,2700.000000000000000,2700.000000000000000,,,20175,SEWARD
338121,372553,2017500005340001002,24935.925027773988404,20700.000000000000000,18000.000000000000000,11700.000000000000000,18900.000000000000000,19800.000000000000000,,,,,2700.000000000000000,,,,,,20175,SEWARD
338122,372554,2017500035970001002,189687.527199058618862,10800.000000000000000,150300.000000000000000,900.000000000000000,162000.000000000000000,3600.000000000000000,140400.000000000000000,138600.000000000000000,144000.000000000000000,86400.000000000000000,148500.000000000000000,141300.000000000000000,9000.000000000000000,147600.000000000000000,134848.000000000000000,12544.000000000000000,20175,SEWARD
338123,372555,2017500004270002005,28339.492009561290615,,4500.000000000000000,,15300.000000000000000,4500.000000000000000,13500.000000000000000,900.000000000000000,900.000000000000000,,6300.000000000000000,,3600.000000000000000,10800.000000000000000,15680.000000000000000,3136.000000000000000,20175,SEWARD
338124,372556,2017500004030001004,31391.973060485368478,1800.000000000000000,,,,900.000000000000000,,,,6300.000000000000000,,900.000000000000000,,2700.000000000000000,,,20175,SEWARD
338125,372557,2017500001200001001,316880.625548216223251,,,,,,,,,,,,,,,,20175,SEWARD
338126,372558,2017500035510004016,544331.347584494156763,513000.000000000000000,900.000000000000000,,519300.000000000000000,,2700.000000000000000,,5400.000000000000000,4500.000000000000000,14400.000000000000000,12600.000000000000000,22500.000000000000000,50400.000000000000000,28224.000000000000000,40768.000000000000000,20175,SEWARD
338127,372559,2017500001600001006,504295.319738020829391,487800.000000000000000,9000.000000000000000,481500.000000000000000,,486900.000000000000000,,444600.000000000000000,,482400.000000000000000,,482400.000000000000000,489600.000000000000000,483300.000000000000000,348096.000000000000000,467264.000000000000000,20175,SEWARD
338128,372560,2017500006810001001,514987.027734747040085,20700.000000000000000,,,5400.000000000000000,4500.000000000000000,,,900.000000000000000,,900.000000000000000,,,,6272.000000000000000,,20175,SEWARD
338129,372561,2017500008000003001,31242.758769064865191,1800.000000000000000,900.000000000000000,900.000000000000000,,,,900.000000000000000,,,,,,2700.000000000000000,,,20175,SEWARD
338130,372562,2017500033360001001,1493237.574528238736093,984600.000000000000000,1470600.000000000000000,1434600.000000000000000,1464300.000000000000000,1462500.000000000000000,1473300.000000000000000,1399500.000000000000000,1468800.000000000000000,1467000.000000000000000,1474200.000000000000000,1432800.000000000000000,409500.000000000000000,483300.000000000000000,448448.000000000000000,25088.000000000000000,20175,SEWARD
338131,372563,2017500040470002001,32382.414620030118385,,,,3600.000000000000000,,,,,900.000000000000000,2700.000000000000000,,3600.000000000000000,,,,20175,SEWARD
338132,372564,2017500006830001001,4392.857250459566785,4500.000000000000000,1800.000000000000000,1800.000000000000000,3600.000000000000000,3600.000000000000000,900.000000000000000,,900.000000000000000,2700.000000000000000,4500.000000000000000,5400.000000000000000,2700.000000000000000,3600.000000000000000,,,20175,SEWARD
338133,372565,2017500000040001002,24972.660584658140579,,900.000000000000000,1800.000000000000000,900.000000000000000,,900.000000000000000,,,,900.000000000000000,900.000000000000000,,1800.000000000000000,,6272.000000000000000,20175,SEWARD
338134,372566,2017500010250002007,78599.585414928515092,,,900.000000000000000,15300.000000000000000,24300.000000000000000,,,,,,,,,,,20175,SEWARD
338135,372567,2017500003710001006,111387.447274956677575,111600.000000000000000,,1800.000000000000000,86400.000000000000000,99900.000000000000000,,4500.000000000000000,,8100.000000000000000,,1800.000000000000000,,5400.000000000000000,6272.000000000000000,6272.000000000000000,20175,SEWARD
338136,372568,2017500007820001002,201459.897031772969058,1800.000000000000000,5400.000000000000000,52200.000000000000000,6300.000000000000000,,,,13500.000000000000000,11700.000000000000000,38700.000000000000000,7200.000000000000000,,2700.000000000000000,,84672.000000000000000,20175,SEWARD
338137,372569,2017500038800001002,230432.737775603687624,232200.000000000000000,225900.000000000000000,224100.000000000000000,231300.000000000000000,230400.000000000000000,226800.000000000000000,220500.000000000000000,216900.000000000000000,,,216000.000000000000000,225000.000000000000000,1800.000000000000000,,188160.000000000000000,20175,SEWARD
338138,372570,2017500036950004001,442717.301538276078645,,,,,,,,,,,,,,,,20175,SEWARD
338139,372571,2017500036030001001,44929.244663363599102,,900.000000000000000,,,,,,,,,,900.000000000000000,,,,20175,SEWARD
338140,372572,2017500006420001003,37239.790102236511302,30600.000000000000000,1800.000000000000000,4500.000000000000000,19800.000000000000000,26100.000000000000000,,5400.000000000000000,,,1800.000000000000000,25200.000000000000000,,7200.000000000000000,3136.000000000000000,,20175,SEWARD
338141,372573,2017500009710001003,244614.649330917221960,24300.000000000000000,12600.000000000000000,24300.000000000000000,,2700.000000000000000,,,1800.000000000000000,3600.000000000000000,3600.000000000000000,87300.000000000000000,6300.000000000000000,141300.000000000000000,,,20175,SEWARD
338142,372574,2017500039270001003,7398.275915221073774,,,,,,,,,,,,1800.000000000000000,3600.000000000000000,3136.000000000000000,,20175,SEWARD
338143,372575,2017500035580001005,26803.513192606864322,,900.000000000000000,,,,,,,,,,,,,,20175,SEWARD
338144,372576,2017500041250003001,28873.339530258446757,,,,6300.000000000000000,2700.000000000000000,,7200.000000000000000,900.000000000000000,9000.000000000000000,,,,8100.000000000000000,,,20175,SEWARD
338145,372577,2017500009280001001,209415.632325585756917,9900.000000000000000,900.000000000000000,,47700.000000000000000,15300.000000000000000,,,,,,,,,,,20175,SEWARD
338146,372578,2017500009840004001,68137.544976672332268,9900.000000000000000,900.000000000000000,,900.000000000000000,6300.000000000000000,1800.000000000000000,4500.000000000000000,2700.000000000000000,3600.000000000000000,900.000000000000000,9000.000000000000000,1800.000000000000000,2700.000000000000000,6272.000000000000000,15680.000000000000000,20175,SEWARD
338147,372579,2017500033660001002,33542.424866027547978,17100.000000000000000,32400.000000000000000,2700.000000000000000,1800.000000000000000,4500.000000000000000,22500.000000000000000,,6300.000000000000000,7200.000000000000000,1800.000000000000000,7200.000000000000000,900.000000000000000,1800.000000000000000,,,20175,SEWARD
338148,372580,2017500006370003001,517837.447588401148096,13500.000000000000000,4500.000000000000000,10800.000000000000000,13500.000000000000000,499500.000000000000000,502200.000000000000000,495900.000000000000000,500400.000000000000000,504000.000000000000000,479700.000000000000000,407700.000000000000000,501300.000000000000000,98100.000000000000000,,3136.000000000000000,20175,SEWARD
338149,372581,2017500009690001001,521519.487639938015491,11700.000000000000000,900.000000000000000,495900.000000000000000,6300.000000000000000,3600.000000000000000,,29700.000000000000000,499500.000000000000000,,,503100.000000000000000,501300.000000000000000,900.000000000000000,,432768.000000000000000,20175,SEWARD
338150,372582,2017500000300001003,440571.166800827661064,210600.000000000000000,159300.000000000000000,85500.000000000000000,126000.000000000000000,18000.000000000000000,,,11700.000000000000000,11700.000000000000000,66600.000000000000000,125100.000000000000000,,225000.000000000000000,,,20175,SEWARD
338151,372583,2017500003200013001,26444.887004926949885,,1800.000000000000000,,900.000000000000000,,,,,,,,,,,,20175,SEWARD
338152,372584,2017500006680001002,368928.636490295990370,5400.000000000000000,149400.000000000000000,2700.000000000000000,,33300.000000000000000,,,,,,,,,,,20175,SEWARD
338153,372585,2017500040550001001,323583.740339268988464,,900.000000000000000,,,,,,,,1800.000000000000000,,,1800.000000000000000,,,20175,SEWARD
338154,372586,2017500005440001001,705548.627721299999394,1800.000000000000000,,,,900.000000000000000,,,,,,,,,,,20175,SEWARD
338155,372587,2017500004180002004,22187.981708148618054,18900.000000000000000,,,,,,,,,,,,,,,20175,SEWARD
338156,372588,2017500006830001002,37915.174447027406131,29700.000000000000000,900.000000000000000,3600.000000000000000,17100.000000000000000,900.000000000000000,1800.000000000000000,,,7200.000000000000000,,9900.000000000000000,18900.000000000000000,1800.000000000000000,,,20175,SEWARD
338157,372589,2017500003190005001,32901.796329662720382,900.000000000000000,,,,1800.000000000000000,,,,,,,,,3136.000000000000000,,20175,SEWARD
338158,372590,2017500001540003001,22101.851086813425354,,,900.000000000000000,,900.000000000000000,,,,900.000000000000000,,1800.000000000000000,,1800.000000000000000,,,20175,SEWARD
338159,372591,2017500033080001004,17386.675915231044200,5400.000000000000000,1800.000000000000000,,900.000000000000000,,,,900.000000000000000,900.000000000000000,900.000000000000000,,,900.000000000000000,,,20175,SEWARD
338160,372592,2017500003880005001,310637.395611645653844,265500.000000000000000,263700.000000000000000,250200.000000000000000,255600.000000000000000,248400.000000000000000,252900.000000000000000,5400.000000000000000,95400.000000000000000,15300.000000000000000,27900.000000000000000,,900.000000000000000,,194432.000000000000000,3136.000000000000000,20175,SEWARD
338161,372593,2017500000540003004,33768.908551793436345,1800.000000000000000,27900.000000000000000,,,2700.000000000000000,1800.000000000000000,,,1800.000000000000000,,,,,6272.000000000000000,3136.000000000000000,20175,SEWARD
338162,372594,2017500000300001004,139573.160519911936717,,900.000000000000000,,3600.000000000000000,900.000000000000000,,900.000000000000000,,,,3600.000000000000000,,900.000000000000000,,,20175,SEWARD
338163,372595,2017500008190002001,271522.885472360474523,,,,,,,,43200.000000000000000,,2700.000000000000000,,900.000000000000000,1800.000000000000000,,,20175,SEWARD
338164,372596,2017500035840002001,36562.107106785770156,3600.000000000000000,1800.000000000000000,,1800.000000000000000,2700.000000000000000,4500.000000000000000,900.000000000000000,900.000000000000000,2700.000000000000000,6300.000000000000000,900.000000000000000,5400.000000000000000,,,,20175,SEWARD
338165,372597,2017500033810002002,27998.299087791059719,26100.000000000000000,,,24300.000000000000000,6300.000000000000000,900.000000000000000,,,9900.000000000000000,900.000000000000000,5400.000000000000000,4500.000000000000000,5400.000000000000000,,,20175,SEWARD
338166,372598,2017500007820001003,96776.211750893009594,2700.000000000000000,,2700.000000000000000,1800.000000000000000,900.000000000000000,900.000000000000000,900.000000000000000,12600.000000000000000,1800.000000000000000,,,,3600.000000000000000,,,20175,SEWARD
338167,372599,2017500037520003001,37048.203102659768774,24300.000000000000000,,,3600.000000000000000,,900.000000000000000,1800.000000000000000,900.000000000000000,900.000000000000000,5400.000000000000000,,,2700.000000000000000,,,20175,SEWARD
338168,372600,2017500002440001003,210199.934231678547803,,900.000000000000000,,,1800.000000000000000,,,,,,,,,,,20175,SEWARD
338169,372601,2017500001220002001,121132.128394095503609,3600.000000000000000,3600.000000000000000,,1800.000000000000000,4500.000000000000000,2700.000000000000000,,1800.000000000000000,900.000000000000000,9900.000000000000000,9000.000000000000000,4500.000000000000000,8100.000000000000000,6272.000000000000000,21952.000000000000000,20175,SEWARD
338170,372602,2017500041590007001,41490.554526889565750,3600.000000000000000,2700.000000000000000,8100.000000000000000,2700.000000000000000,6300.000000000000000,,1800.000000000000000,900.000000000000000,1800.000000000000000,4500.000000000000000,7200.000000000000000,2700.000000000000000,1800.000000000000000,6272.000000000000000,3136.000000000000000,20175,SEWARD
338171,372603,2017500038850006001,26232.567038256791420,2700.000000000000000,,2700.000000000000000,1800.000000000000000,,1800.000000000000000,,,2700.000000000000000,,4500.000000000000000,,,,12544.000000000000000,20175,SEWARD
338172,372604,2017500039500004001,39129.045074129433488,3600.000000000000000,4500.000000000000000,,7200.000000000000000,900.000000000000000,,,,2700.000000000000000,8100.000000000000000,,4500.000000000000000,,9408.000000000000000,,20175,SEWARD
338173,372605,2017500000170001002,387258.968264977796935,7200.000000000000000,10800.000000000000000,,36000.000000000000000,4500.000000000000000,6300.000000000000000,5400.000000000000000,95400.000000000000000,162900.000000000000000,17100.000000000000000,45000.000000000000000,,900.000000000000000,,,20175,SEWARD
338174,372606,2017500039980013001,43484.258306887197250,900.000000000000000,900.000000000000000,900.000000000000000,900.000000000000000,900.000000000000000,900.000000000000000,,,900.000000000000000,900.000000000000000,2700.000000000000000,,900.000000000000000,,3136.000000000000000,20175,SEWARD
338175,372607,2017500041580001001,490090.786717531154864,482400.000000000000000,339300.000000000000000,241200.000000000000000,246600.000000000000000,252000.000000000000000,277200.000000000000000,233100.000000000000000,1800.000000000000000,471600.000000000000000,477000.000000000000000,477900.000000000000000,,,439040.000000000000000,,20175,SEWARD
338176,372608,2017500009770006001,35816.760402458792669,7200.000000000000000,,1800.000000000000000,,5400.000000000000000,6300.000000000000000,900.000000000000000,5400.000000000000000,1800.000000000000000,6300.000000000000000,13500.000000000000000,11700.000000000000000,9900.000000000000000,3136.000000000000000,9408.000000000000000,20175,SEWARD
338177,372610,2017500005450001002,179647.030000580707565,144900.000000000000000,60300.000000000000000,,5400.000000000000000,18900.000000000000000,900.000000000000000,,,1800.000000000000000,900.000000000000000,,3600.000000000000000,,3136.000000000000000,,20175,SEWARD
338178,372611,2017500007410005001,35547.739729405999242,,7200.000000000000000,,6300.000000000000000,,900.000000000000000,900.000000000000000,9900.000000000000000,1800.000000000000000,2700.000000000000000,,2700.000000000000000,9000.000000000000000,,12544.000000000000000,20175,SEWARD
338179,372612,2017500038870001001,34919.246571572621178,2700.000000000000000,900.000000000000000,2700.000000000000000,1800.000000000000000,4500.000000000000000,2700.000000000000000,3600.000000000000000,2700.000000000000000,,,,,2700.000000000000000,,,20175,SEWARD
338180,372613,2017500004610001005,25534.178590166069625,,22500.000000000000000,,21600.000000000000000,,900.000000000000000,,,8100.000000000000000,,4500.000000000000000,2700.000000000000000,1800.000000000000000,,9408.000000000000000,20175,SEWARD
338181,372614,2017500006190001002,229910.673569869861240,,15300.000000000000000,,3600.000000000000000,3600.000000000000000,,,,,,,,,,,20175,SEWARD
338182,372615,2017500040990003011,5637.743849032781327,,,,,,,,,,,,,,,,20175,SEWARD
338183,372616,2017500000970001006,246644.355791012640111,244800.000000000000000,244800.000000000000000,,,240300.000000000000000,236700.000000000000000,,4500.000000000000000,67500.000000000000000,17100.000000000000000,,5400.000000000000000,900.000000000000000,,,20175,SEWARD
338184,372617,2017500003860006001,89062.580397135243402,81900.000000000000000,81900.000000000000000,,76500.000000000000000,71100.000000000000000,73800.000000000000000,75600.000000000000000,74700.000000000000000,75600.000000000000000,75600.000000000000000,74700.000000000000000,74700.000000000000000,75600.000000000000000,68992.000000000000000,65856.000000000000000,20175,SEWARD
338185,372618,2017500000310001003,35179.867888639899320,3600.000000000000000,,,,16200.000000000000000,,,,,,2700.000000000000000,900.000000000000000,900.000000000000000,,,20175,SEWARD
338186,372619,2017500007580001006,111450.154466290783603,,36000.000000000000000,1800.000000000000000,62100.000000000000000,3600.000000000000000,1800.000000000000000,28800.000000000000000,900.000000000000000,13500.000000000000000,29700.000000000000000,26100.000000000000000,2700.000000000000000,29700.000000000000000,40768.000000000000000,,20175,SEWARD
338187,372620,2017500041330006001,26464.093161044122098,3600.000000000000000,,,,3600.000000000000000,,900.000000000000000,,,2700.000000000000000,2700.000000000000000,,,,,20175,SEWARD
338188,372621,2017500003860004002,13235.676278119950439,5400.000000000000000,4500.000000000000000,,5400.000000000000000,5400.000000000000000,,,,,,3600.000000000000000,,,,6272.000000000000000,20175,SEWARD
338189,372622,2017500009230002002,28317.140045547086629,,,,,,,,2700.000000000000000,,,,,10800.000000000000000,,,20175,SEWARD
338190,372623,2017500004110002001,33075.444247917548637,1800.000000000000000,4500.000000000000000,,900.000000000000000,,,900.000000000000000,1800.000000000000000,,,5400.000000000000000,9900.000000000000000,,,,20175,SEWARD
338191,372624,2017500012750002001,155791.914093135244912,,,,,,,,,,,,,,,,20175,SEWARD
338192,372625,2017500007270004002,505269.078054713725578,445500.000000000000000,27900.000000000000000,477000.000000000000000,17100.000000000000000,1800.000000000000000,,900.000000000000000,900.000000000000000,900.000000000000000,468900.000000000000000,2700.000000000000000,,11700.000000000000000,464128.000000000000000,464128.000000000000000,20175,SEWARD
338193,372626,2017500036940004001,439572.284994127927348,,,,,,,,,,,,,,,,20175,SEWARD
338194,372627,2017500009220007004,32248.555280156640947,,,,25200.000000000000000,,,,,2700.000000000000000,5400.000000000000000,,,,,,20175,SEWARD
338195,372628,2017500005350002001,114599.136312180955429,4500.000000000000000,,5400.000000000000000,3600.000000000000000,12600.000000000000000,5400.000000000000000,,,8100.000000000000000,,7200.000000000000000,,6300.000000000000000,,,20175,SEWARD
338196,372629,2017500003720008001,12707.306776199593514,2700.000000000000000,2700.000000000000000,900.000000000000000,,3600.000000000000000,,,2700.000000000000000,,900.000000000000000,1800.000000000000000,5400.000000000000000,1800.000000000000000,,6272.000000000000000,20175,SEWARD
338197,372630,2017500003770001003,28871.419581272570213,4500.000000000000000,30600.000000000000000,6300.000000000000000,30600.000000000000000,900.000000000000000,900.000000000000000,,,,,900.000000000000000,11700.000000000000000,13500.000000000000000,,9408.000000000000000,20175,SEWARD
338198,372631,2017500039450005001,198521.397734594997019,1800.000000000000000,19800.000000000000000,,2700.000000000000000,,,,,,,,900.000000000000000,,3136.000000000000000,,20175,SEWARD
338199,372632,2017500007440002003,834621.345955447410233,809100.000000000000000,814500.000000000000000,5400.000000000000000,813600.000000000000000,785700.000000000000000,788400.000000000000000,724500.000000000000000,2700.000000000000000,,785700.000000000000000,789300.000000000000000,785700.000000000000000,804600.000000000000000,755776.000000000000000,758912.000000000000000,20175,SEWARD
338200,372633,2017500002820001003,200468.247661115892697,182700.000000000000000,184500.000000000000000,20700.000000000000000,194400.000000000000000,900.000000000000000,,,,,,195300.000000000000000,,,166208.000000000000000,,20175,SEWARD
338201,372634,2017500005810001002,564672.654259107075632,4500.000000000000000,,9900.000000000000000,15300.000000000000000,900.000000000000000,72900.000000000000000,900.000000000000000,,1800.000000000000000,1800.000000000000000,,,7200.000000000000000,,,20175,SEWARD
338202,372635,2017500042290013001,19745.530969441464549,3600.000000000000000,3600.000000000000000,3600.000000000000000,3600.000000000000000,1800.000000000000000,2700.000000000000000,1800.000000000000000,4500.000000000000000,3600.000000000000000,3600.000000000000000,3600.000000000000000,11700.000000000000000,9900.000000000000000,3136.000000000000000,,20175,SEWARD
338203,372636,2017500001590001004,33615.263976357149659,900.000000000000000,14400.000000000000000,16200.000000000000000,27000.000000000000000,28800.000000000000000,17100.000000000000000,1800.000000000000000,4500.000000000000000,1800.000000000000000,3600.000000000000000,4500.000000000000000,1800.000000000000000,24300.000000000000000,,,20175,SEWARD
338204,372637,2017500040210001002,114648.223652006607153,8100.000000000000000,,3600.000000000000000,1800.000000000000000,2700.000000000000000,1800.000000000000000,4500.000000000000000,2700.000000000000000,4500.000000000000000,3600.000000000000000,3600.000000000000000,6300.000000000000000,15300.000000000000000,,3136.000000000000000,20175,SEWARD
338205,372638,2017500039090001001,655997.849521504715085,,,,,,,,,,,,,,,,20175,SEWARD
338206,372639,2017500003050001001,636483.365239890525118,,1800.000000000000000,334800.000000000000000,,,16200.000000000000000,6300.000000000000000,,,,,4500.000000000000000,,,6272.000000000000000,20175,SEWARD
338207,372640,2017500003330001002,24250.889079899669014,2700.000000000000000,2700.000000000000000,,3600.000000000000000,900.000000000000000,,1800.000000000000000,1800.000000000000000,,2700.000000000000000,1800.000000000000000,,900.000000000000000,,,20175,SEWARD
338208,372641,2017500004820002001,37110.126306377947913,900.000000000000000,900.000000000000000,900.000000000000000,900.000000000000000,,900.000000000000000,,,,1800.000000000000000,,,,,,20175,SEWARD
338210,372643,2017500001840001009,30621.305842659643531,3600.000000000000000,29700.000000000000000,900.000000000000000,2700.000000000000000,900.000000000000000,900.000000000000000,900.000000000000000,900.000000000000000,6300.000000000000000,1800.000000000000000,3600.000000000000000,900.000000000000000,2700.000000000000000,,15680.000000000000000,20175,SEWARD
338211,372644,2017500009230002003,93413.257132850980270,,900.000000000000000,,,93600.000000000000000,,900.000000000000000,,2700.000000000000000,,87300.000000000000000,91800.000000000000000,93600.000000000000000,,,20175,SEWARD
338212,372645,2017500003280001001,627633.716146085294895,900.000000000000000,8100.000000000000000,,,,,,,,,,,,,,20175,SEWARD
338213,372646,2017500009220001009,45447.440115310273541,900.000000000000000,1800.000000000000000,,47700.000000000000000,1800.000000000000000,1800.000000000000000,,900.000000000000000,30600.000000000000000,,7200.000000000000000,15300.000000000000000,7200.000000000000000,9408.000000000000000,12544.000000000000000,20175,SEWARD
338214,372647,2017500041510004001,32087.308800941489608,1800.000000000000000,2700.000000000000000,,1800.000000000000000,900.000000000000000,,,900.000000000000000,900.000000000000000,900.000000000000000,9900.000000000000000,8100.000000000000000,6300.000000000000000,3136.000000000000000,21952.000000000000000,20175,SEWARD
338215,372648,2017500001480001001,527268.392216924345121,519300.000000000000000,517500.000000000000000,4500.000000000000000,503100.000000000000000,510300.000000000000000,503100.000000000000000,500400.000000000000000,499500.000000000000000,500400.000000000000000,495000.000000000000000,2700.000000000000000,,,,,20175,SEWARD
338216,372649,2017500002680001003,941858.871466599986888,76500.000000000000000,900900.000000000000000,899100.000000000000000,18900.000000000000000,872100.000000000000000,17100.000000000000000,842400.000000000000000,9000.000000000000000,905400.000000000000000,595800.000000000000000,879300.000000000000000,819900.000000000000000,893700.000000000000000,580160.000000000000000,878080.000000000000000,20175,SEWARD
338217,372650,2017500000220009003,502489.063301938003860,501300.000000000000000,207000.000000000000000,,,352800.000000000000000,361800.000000000000000,329400.000000000000000,471600.000000000000000,499500.000000000000000,468900.000000000000000,,,491400.000000000000000,476672.000000000000000,460992.000000000000000,20175,SEWARD
338218,372652,2017500041290003001,24878.086643901653588,900.000000000000000,3600.000000000000000,,2700.000000000000000,900.000000000000000,1800.000000000000000,,2700.000000000000000,,,3600.000000000000000,4500.000000000000000,,,,20175,SEWARD
338220,372654,2017500032880001002,492924.809761871583760,483300.000000000000000,475200.000000000000000,481500.000000000000000,490500.000000000000000,479700.000000000000000,483300.000000000000000,477900.000000000000000,2700.000000000000000,486900.000000000000000,276300.000000000000000,473400.000000000000000,,477000.000000000000000,445312.000000000000000,445312.000000000000000,20175,SEWARD
338221,372655,2017500001150016001,22444.594105595326255,900.000000000000000,900.000000000000000,,,900.000000000000000,1800.000000000000000,1800.000000000000000,,,6300.000000000000000,900.000000000000000,3600.000000000000000,2700.000000000000000,,9408.000000000000000,20175,SEWARD
338222,372656,2017500000570001001,636392.308991820667870,,,,,,,,,,,,,,,,20175,SEWARD
338223,372657,2017500000100007001,31195.609638097892457,,,,,900.000000000000000,,,,900.000000000000000,3600.000000000000000,,,,,,20175,SEWARD
338224,372658,2017500042360001001,499472.400703940249514,,,453600.000000000000000,463500.000000000000000,,,900.000000000000000,1800.000000000000000,3600.000000000000000,,900.000000000000000,,900.000000000000000,59584.000000000000000,,20175,SEWARD
338225,372659,2017500009850002001,35650.228460815415019,6300.000000000000000,5400.000000000000000,,,900.000000000000000,4500.000000000000000,900.000000000000000,10800.000000000000000,,9900.000000000000000,1800.000000000000000,27900.000000000000000,900.000000000000000,3136.000000000000000,9408.000000000000000,20175,SEWARD
338226,372660,2017500043020001001,180101.109497635683510,,175500.000000000000000,,,6300.000000000000000,,,900.000000000000000,,900.000000000000000,135000.000000000000000,,,81536.000000000000000,,20175,SEWARD
338227,372662,2017500002010001004,31285.610051387364365,1800.000000000000000,16200.000000000000000,1800.000000000000000,,1800.000000000000000,,,,2700.000000000000000,7200.000000000000000,8100.000000000000000,900.000000000000000,6300.000000000000000,,15680.000000000000000,20175,SEWARD
338228,372663,2017500040640001015,42923.004602904431522,2700.000000000000000,,,,,,,,5400.000000000000000,,900.000000000000000,2700.000000000000000,8100.000000000000000,,,20175,SEWARD
338229,372664,2017500039530001002,499813.971332219894975,486000.000000000000000,,485100.000000000000000,9900.000000000000000,497700.000000000000000,485100.000000000000000,466200.000000000000000,18900.000000000000000,493200.000000000000000,495900.000000000000000,491400.000000000000000,493200.000000000000000,495900.000000000000000,482944.000000000000000,470400.000000000000000,20175,SEWARD
338230,372665,2017500000650002001,33605.750933938157686,,,,1800.000000000000000,900.000000000000000,,1800.000000000000000,,,1800.000000000000000,,,,,,20175,SEWARD
338231,372666,2017500009220001010,32194.820603134699923,900.000000000000000,,900.000000000000000,30600.000000000000000,1800.000000000000000,8100.000000000000000,,,1800.000000000000000,,,900.000000000000000,2700.000000000000000,9408.000000000000000,,20175,SEWARD
338232,372667,2017500002860001004,104630.046741561134695,,107100.000000000000000,2700.000000000000000,103500.000000000000000,,,,,,900.000000000000000,,,,,,20175,SEWARD
338233,372668,2017500033950001001,633308.961915962747298,,2700.000000000000000,,,,,,,,,,900.000000000000000,,,,20175,SEWARD
338234,372669,2017500007270004003,39305.477396039095765,29700.000000000000000,29700.000000000000000,27900.000000000000000,3600.000000000000000,,,,,,5400.000000000000000,,4500.000000000000000,10800.000000000000000,12544.000000000000000,21952.000000000000000,20175,SEWARD
338235,372670,2017500038420015001,649544.377761616953649,14400.000000000000000,19800.000000000000000,1800.000000000000000,15300.000000000000000,182700.000000000000000,,,19800.000000000000000,,,587700.000000000000000,,,,,20175,SEWARD
338236,372671,2017500041470004001,27669.194148761282122,,,,,,,,,,,1800.000000000000000,,,,,20175,SEWARD
338237,372672,2017500003890001007,40282.941766887764970,900.000000000000000,14400.000000000000000,900.000000000000000,1800.000000000000000,900.000000000000000,,,900.000000000000000,4500.000000000000000,8100.000000000000000,12600.000000000000000,900.000000000000000,1800.000000000000000,,,20175,SEWARD
338238,372673,2017500004410001003,29062.713468541682232,2700.000000000000000,,,5400.000000000000000,,,,3600.000000000000000,,900.000000000000000,,,,,6272.000000000000000,20175,SEWARD
338239,372674,2017500001710001001,619558.042735790251754,2700.000000000000000,576900.000000000000000,,22500.000000000000000,2700.000000000000000,,,,,,,7200.000000000000000,,9408.000000000000000,3136.000000000000000,20175,SEWARD
338240,372675,2017500036940002003,369330.175996388250496,,,,,,,,,2700.000000000000000,,,,,,,20175,SEWARD
338241,372676,2017500003800001002,525651.536861197208054,496800.000000000000000,,501300.000000000000000,,506700.000000000000000,,495000.000000000000000,,481500.000000000000000,,495900.000000000000000,,501300.000000000000000,6272.000000000000000,473536.000000000000000,20175,SEWARD
338242,372677,2017500008520001005,34528.690822723976453,,900.000000000000000,21600.000000000000000,900.000000000000000,,900.000000000000000,,,,900.000000000000000,2700.000000000000000,,1800.000000000000000,,,20175,SEWARD
338243,372678,2017500006670001001,504162.988077131449245,1800.000000000000000,,,4500.000000000000000,14400.000000000000000,900.000000000000000,,,,,,,,,,20175,SEWARD
338244,372679,2017500033450003001,222142.830531883839285,900.000000000000000,54000.000000000000000,36900.000000000000000,,64800.000000000000000,,,,,,,,,,,20175,SEWARD
338245,372680,2017500000210001001,321960.285068951954599,9000.000000000000000,2700.000000000000000,,,,,,,,900.000000000000000,,,,,9408.000000000000000,20175,SEWARD
338246,372681,2017500009130002001,498925.359806742926594,72900.000000000000000,315900.000000000000000,,6300.000000000000000,13500.000000000000000,,,,475200.000000000000000,473400.000000000000000,3600.000000000000000,490500.000000000000000,,457856.000000000000000,,20175,SEWARD
338247,372682,2017500038840001009,63967.752840345594450,22500.000000000000000,,900.000000000000000,30600.000000000000000,27900.000000000000000,,1800.000000000000000,27900.000000000000000,11700.000000000000000,,,13500.000000000000000,31500.000000000000000,,,20175,SEWARD
338248,372683,2017500036940010001,229798.539173832599772,,,,,,,,,,,,,,,,20175,SEWARD
338249,372684,2017500000780001004,501398.148352249059826,492300.000000000000000,494100.000000000000000,44100.000000000000000,491400.000000000000000,489600.000000000000000,482400.000000000000000,484200.000000000000000,480600.000000000000000,404100.000000000000000,480600.000000000000000,474300.000000000000000,468000.000000000000000,475200.000000000000000,457856.000000000000000,426496.000000000000000,20175,SEWARD
338250,372685,2017500006390001002,159845.878005499776918,87300.000000000000000,,,141300.000000000000000,,,,,3600.000000000000000,6300.000000000000000,1800.000000000000000,900.000000000000000,5400.000000000000000,,,20175,SEWARD
338251,372686,2017500036570001002,25460.242935065467464,19800.000000000000000,18000.000000000000000,900.000000000000000,,,,,900.000000000000000,,,14400.000000000000000,,9900.000000000000000,,12544.000000000000000,20175,SEWARD
338252,372687,2017500039980008001,32417.998704096055008,,900.000000000000000,900.000000000000000,,1800.000000000000000,,900.000000000000000,1800.000000000000000,,,3600.000000000000000,900.000000000000000,900.000000000000000,6272.000000000000000,6272.000000000000000,20175,SEWARD
338253,372688,2017500002890001003,27902.499921600603557,8100.000000000000000,30600.000000000000000,,9900.000000000000000,30600.000000000000000,,,4500.000000000000000,30600.000000000000000,6300.000000000000000,26100.000000000000000,,9000.000000000000000,,6272.000000000000000,20175,SEWARD
338254,372689,2017500010250001005,81831.766501297606737,900.000000000000000,,,20700.000000000000000,5400.000000000000000,,,,,,,,,,,20175,SEWARD
338255,372690,2017500007740002002,397316.140192418708466,390600.000000000000000,389700.000000000000000,,,374400.000000000000000,373500.000000000000000,,,386100.000000000000000,378000.000000000000000,1800.000000000000000,,3600.000000000000000,357504.000000000000000,,20175,SEWARD
338256,372691,2017500006090001002,260735.817218446783954,54000.000000000000000,40500.000000000000000,14400.000000000000000,219600.000000000000000,2700.000000000000000,,,,,,,,,,,20175,SEWARD
338257,372692,2017500007690001002,135423.598659525829135,6300.000000000000000,,1800.000000000000000,76500.000000000000000,1800.000000000000000,900.000000000000000,,,81000.000000000000000,,26100.000000000000000,5400.000000000000000,4500.000000000000000,,3136.000000000000000,20175,SEWARD
338258,372693,2017500035540002001,679972.943448259844445,2700.000000000000000,1800.000000000000000,2700.000000000000000,,11700.000000000000000,,6300.000000000000000,,3600.000000000000000,,10800.000000000000000,7200.000000000000000,15300.000000000000000,9408.000000000000000,12544.000000000000000,20175,SEWARD
338259,372694,2017500041830001002,443936.601272463391069,79200.000000000000000,900.000000000000000,1800.000000000000000,,,,1800.000000000000000,,,900.000000000000000,,900.000000000000000,,,,20175,SEWARD
338260,372695,2017500033490001003,703530.019552512676455,666000.000000000000000,19800.000000000000000,533700.000000000000000,108900.000000000000000,555300.000000000000000,,523800.000000000000000,,517500.000000000000000,,649800.000000000000000,9900.000000000000000,553500.000000000000000,,3136.000000000000000,20175,SEWARD
338261,372696,2017500009240001007,24517.682349502669240,900.000000000000000,,,18900.000000000000000,,,,,,,,,,,,20175,SEWARD
338262,372697,2017500003910002001,368102.429756813682616,900.000000000000000,1800.000000000000000,,2700.000000000000000,,900.000000000000000,,,,1800.000000000000000,2700.000000000000000,40500.000000000000000,9000.000000000000000,3136.000000000000000,3136.000000000000000,20175,SEWARD
338263,372698,2017500042430001003,1005083.597608505049720,11700.000000000000000,943200.000000000000000,4500.000000000000000,935100.000000000000000,10800.000000000000000,,462600.000000000000000,13500.000000000000000,782100.000000000000000,900.000000000000000,738000.000000000000000,2700.000000000000000,926100.000000000000000,,937664.000000000000000,20175,SEWARD
338264,372699,2017500041550002001,40487.514557747352228,1800.000000000000000,900.000000000000000,900.000000000000000,1800.000000000000000,1800.000000000000000,2700.000000000000000,,,,,,3600.000000000000000,,,6272.000000000000000,20175,SEWARD
338265,372700,2017500000200001005,24627.507671668136027,20700.000000000000000,4500.000000000000000,3600.000000000000000,4500.000000000000000,8100.000000000000000,6300.000000000000000,,8100.000000000000000,18000.000000000000000,3600.000000000000000,5400.000000000000000,9900.000000000000000,6300.000000000000000,6272.000000000000000,21952.000000000000000,20175,SEWARD
338266,372701,2017500037020001002,32112.544301024099695,,4500.000000000000000,,900.000000000000000,,,,,,,,,,,,20175,SEWARD
338267,372702,2017500003720002001,14372.713320393115282,1800.000000000000000,900.000000000000000,,,,,900.000000000000000,,,1800.000000000000000,900.000000000000000,,,,,20175,SEWARD
338268,372703,2017500007790001002,419667.247398761915974,1800.000000000000000,22500.000000000000000,,96300.000000000000000,8100.000000000000000,,9900.000000000000000,,5400.000000000000000,13500.000000000000000,900.000000000000000,,9000.000000000000000,,,20175,SEWARD
338269,372704,2017500033320012001,34269.870125084584288,9000.000000000000000,8100.000000000000000,5400.000000000000000,900.000000000000000,9900.000000000000000,6300.000000000000000,6300.000000000000000,900.000000000000000,1800.000000000000000,12600.000000000000000,10800.000000000000000,2700.000000000000000,6300.000000000000000,3136.000000000000000,25088.000000000000000,20175,SEWARD
338270,372705,2017500041090001001,636463.441116303787567,360900.000000000000000,,,273600.000000000000000,,,,,,,,15300.000000000000000,900.000000000000000,313600.000000000000000,15680.000000000000000,20175,SEWARD
338271,372706,2017500001150002001,510812.660114257887471,497700.000000000000000,482400.000000000000000,1800.000000000000000,3600.000000000000000,493200.000000000000000,43200.000000000000000,490500.000000000000000,97200.000000000000000,492300.000000000000000,489600.000000000000000,486000.000000000000000,497700.000000000000000,492300.000000000000000,482944.000000000000000,473536.000000000000000,20175,SEWARD
338272,372707,2017500004020001005,475365.614020547887776,468900.000000000000000,468900.000000000000000,1800.000000000000000,474300.000000000000000,464400.000000000000000,406800.000000000000000,452700.000000000000000,457200.000000000000000,337500.000000000000000,455400.000000000000000,219600.000000000000000,461700.000000000000000,30600.000000000000000,439040.000000000000000,435904.000000000000000,20175,SEWARD
338273,372708,2017500008690003001,98595.962850002659252,900.000000000000000,24300.000000000000000,,,25200.000000000000000,6300.000000000000000,,,,,,,,,,20175,SEWARD
338274,372709,2017500039030002001,287395.551148635568097,12600.000000000000000,11700.000000000000000,1800.000000000000000,6300.000000000000000,12600.000000000000000,15300.000000000000000,12600.000000000000000,14400.000000000000000,18000.000000000000000,12600.000000000000000,24300.000000000000000,900.000000000000000,5400.000000000000000,25088.000000000000000,9408.000000000000000,20175,SEWARD
338275,372711,2017500040890001002,648197.174983026692644,9900.000000000000000,7200.000000000000000,,5400.000000000000000,20700.000000000000000,,,3600.000000000000000,900.000000000000000,,,,,,9408.000000000000000,20175,SEWARD
338276,372712,2017500003320004002,97960.497621329966933,90000.000000000000000,6300.000000000000000,2700.000000000000000,81900.000000000000000,,,,2700.000000000000000,,,1800.000000000000000,,1800.000000000000000,3136.000000000000000,,20175,SEWARD
338277,372713,2017500005500001002,284752.811930632975418,219600.000000000000000,10800.000000000000000,900.000000000000000,110700.000000000000000,3600.000000000000000,,1800.000000000000000,900.000000000000000,32400.000000000000000,6300.000000000000000,2700.000000000000000,7200.000000000000000,126000.000000000000000,3136.000000000000000,,20175,SEWARD
338278,372714,2017500034440001004,27602.165201480718679,1800.000000000000000,,,,,,,,3600.000000000000000,,,900.000000000000000,2700.000000000000000,,,20175,SEWARD
338279,372715,2017500039050001002,513103.601245015859604,208800.000000000000000,392400.000000000000000,432900.000000000000000,,23400.000000000000000,,,,,,,2700.000000000000000,,,,20175,SEWARD
338280,372716,2017500036320002001,64770.376261324345251,900.000000000000000,,,,2700.000000000000000,,,,,,,,,,,20175,SEWARD
338281,372718,2017500003950001001,320435.049390784115531,110700.000000000000000,303300.000000000000000,4500.000000000000000,,900.000000000000000,,,,,,,,2700.000000000000000,,,20175,SEWARD
338282,372719,2017500041010001003,34024.495381203989382,,31500.000000000000000,,,,,,,,,,,,,,20175,SEWARD
338283,372720,2017500008390001001,639711.680008265539072,18000.000000000000000,8100.000000000000000,26100.000000000000000,3600.000000000000000,,,900.000000000000000,1800.000000000000000,,,29700.000000000000000,43200.000000000000000,900.000000000000000,18816.000000000000000,15680.000000000000000,20175,SEWARD
338284,372721,2017500008520001006,28981.988388135316200,900.000000000000000,7200.000000000000000,22500.000000000000000,900.000000000000000,3600.000000000000000,9900.000000000000000,8100.000000000000000,,9000.000000000000000,900.000000000000000,7200.000000000000000,900.000000000000000,8100.000000000000000,,6272.000000000000000,20175,SEWARD
338285,372722,2017500037520002001,34013.987211487525201,27900.000000000000000,,1800.000000000000000,5400.000000000000000,,1800.000000000000000,900.000000000000000,,1800.000000000000000,1800.000000000000000,1800.000000000000000,,4500.000000000000000,6272.000000000000000,,20175,SEWARD
338286,372723,2017500001370001007,29382.680065623058908,900.000000000000000,2700.000000000000000,3600.000000000000000,900.000000000000000,1800.000000000000000,2700.000000000000000,,,,900.000000000000000,2700.000000000000000,24300.000000000000000,,12544.000000000000000,,20175,SEWARD
338287,372724,2017500008730001001,644620.646144835045561,623700.000000000000000,,900.000000000000000,5400.000000000000000,900.000000000000000,9900.000000000000000,6300.000000000000000,,1800.000000000000000,,1800.000000000000000,,3600.000000000000000,53312.000000000000000,,20175,SEWARD
338288,372725,2017500001840001010,12274.594590462722408,5400.000000000000000,15300.000000000000000,900.000000000000000,4500.000000000000000,,,900.000000000000000,,7200.000000000000000,2700.000000000000000,4500.000000000000000,,3600.000000000000000,,12544.000000000000000,20175,SEWARD
338289,372726,2017500005490001001,643828.163095709052868,515700.000000000000000,513900.000000000000000,504900.000000000000000,513000.000000000000000,513900.000000000000000,468900.000000000000000,494100.000000000000000,504900.000000000000000,516600.000000000000000,511200.000000000000000,505800.000000000000000,516600.000000000000000,515700.000000000000000,,,20175,SEWARD
338290,372727,2017500004870001002,499461.853987668815535,495000.000000000000000,495000.000000000000000,486000.000000000000000,491400.000000000000000,471600.000000000000000,473400.000000000000000,477000.000000000000000,477000.000000000000000,490500.000000000000000,487800.000000000000000,477900.000000000000000,479700.000000000000000,493200.000000000000000,439040.000000000000000,439040.000000000000000,20175,SEWARD
338291,372728,2017500001600001007,65154.517268752271775,55800.000000000000000,56700.000000000000000,45000.000000000000000,,12600.000000000000000,3600.000000000000000,1800.000000000000000,1800.000000000000000,,12600.000000000000000,900.000000000000000,35100.000000000000000,3600.000000000000000,53312.000000000000000,25088.000000000000000,20175,SEWARD
338292,372729,2017500004020001006,36400.841294696547266,15300.000000000000000,25200.000000000000000,5400.000000000000000,27900.000000000000000,1800.000000000000000,,,,900.000000000000000,900.000000000000000,4500.000000000000000,,4500.000000000000000,6272.000000000000000,,20175,SEWARD
338293,372730,2017500007660001002,227763.034312606410822,18000.000000000000000,,,209700.000000000000000,2700.000000000000000,,,,22500.000000000000000,,8100.000000000000000,,,,,20175,SEWARD
338294,372731,2017500009220007005,17641.464375523337367,,,,18000.000000000000000,,,900.000000000000000,,,1800.000000000000000,,,,,,20175,SEWARD
338295,372732,2017500001170007001,31043.072639073197934,,,,,900.000000000000000,,,,3600.000000000000000,900.000000000000000,1800.000000000000000,,,3136.000000000000000,,20175,SEWARD
338296,372733,2017500038420001003,516471.501466783753131,432000.000000000000000,1800.000000000000000,504000.000000000000000,,502200.000000000000000,,484200.000000000000000,,507600.000000000000000,3600.000000000000000,504000.000000000000000,1800.000000000000000,507600.000000000000000,3136.000000000000000,467264.000000000000000,20175,SEWARD
338297,372734,2017500009010002001,141563.016136668942636,3600.000000000000000,1800.000000000000000,,,,,,,,,,4500.000000000000000,,,,20175,SEWARD
338298,372735,2017500008120001003,500085.643948355049361,64800.000000000000000,492300.000000000000000,495000.000000000000000,490500.000000000000000,488700.000000000000000,492300.000000000000000,428400.000000000000000,491400.000000000000000,497700.000000000000000,495900.000000000000000,477900.000000000000000,494100.000000000000000,494100.000000000000000,464128.000000000000000,464128.000000000000000,20175,SEWARD
338299,372736,2017500038830005001,61685.054149343355675,3600.000000000000000,1800.000000000000000,1800.000000000000000,3600.000000000000000,2700.000000000000000,4500.000000000000000,1800.000000000000000,2700.000000000000000,900.000000000000000,2700.000000000000000,18000.000000000000000,5400.000000000000000,5400.000000000000000,6272.000000000000000,12544.000000000000000,20175,SEWARD
338300,372737,2017500001470010001,519434.459015052474570,3600.000000000000000,1800.000000000000000,1800.000000000000000,900.000000000000000,272700.000000000000000,241200.000000000000000,241200.000000000000000,245700.000000000000000,240300.000000000000000,494100.000000000000000,492300.000000000000000,507600.000000000000000,33300.000000000000000,,,20175,SEWARD
338301,372738,2017500005800001003,327280.912912473955657,,2700.000000000000000,,,2700.000000000000000,,,,1800.000000000000000,,,,,,,20175,SEWARD
338302,372739,2017500006930014001,157792.958490881574107,,,,,,,,,,,,,,,3136.000000000000000,20175,SEWARD
338303,372740,2017500003330001003,452482.332122397085186,442800.000000000000000,443700.000000000000000,431100.000000000000000,445500.000000000000000,439200.000000000000000,29700.000000000000000,429300.000000000000000,444600.000000000000000,73800.000000000000000,440100.000000000000000,118800.000000000000000,414000.000000000000000,441000.000000000000000,,31360.000000000000000,20175,SEWARD
338304,372741,2017500035380001001,394834.078494757239241,,,,,900.000000000000000,,900.000000000000000,,900.000000000000000,1800.000000000000000,,,,,,20175,SEWARD
338305,372742,2017500041910001002,513835.238738659594674,7200.000000000000000,509400.000000000000000,491400.000000000000000,494100.000000000000000,90900.000000000000000,486000.000000000000000,472500.000000000000000,477000.000000000000000,481500.000000000000000,484200.000000000000000,900.000000000000000,,900.000000000000000,508032.000000000000000,489216.000000000000000,20175,SEWARD
338306,372743,2017500039560001001,36101.710723132637213,900.000000000000000,2700.000000000000000,,1800.000000000000000,6300.000000000000000,1800.000000000000000,,900.000000000000000,900.000000000000000,1800.000000000000000,4500.000000000000000,900.000000000000000,4500.000000000000000,,,20175,SEWARD
338307,372744,2017500009800001003,539864.633414330426604,900.000000000000000,506700.000000000000000,4500.000000000000000,900.000000000000000,5400.000000000000000,7200.000000000000000,,2700.000000000000000,,900.000000000000000,900.000000000000000,2700.000000000000000,9000.000000000000000,59584.000000000000000,3136.000000000000000,20175,SEWARD
338308,372745,2017500041920001004,480760.404754395305645,467100.000000000000000,80100.000000000000000,8100.000000000000000,,445500.000000000000000,,,394200.000000000000000,900.000000000000000,2700.000000000000000,,377100.000000000000000,391500.000000000000000,222656.000000000000000,448448.000000000000000,20175,SEWARD
338309,372746,2017500001520001003,31458.044808299942815,1800.000000000000000,3600.000000000000000,900.000000000000000,5400.000000000000000,3600.000000000000000,,900.000000000000000,900.000000000000000,,3600.000000000000000,8100.000000000000000,,3600.000000000000000,,,20175,SEWARD
338310,372747,2017500005320002001,285939.385437876684591,,,,,,,,,,,,,,,,20175,SEWARD
338311,372748,2017500003300001003,200429.508868780569173,,188100.000000000000000,900.000000000000000,,,,,,,,46800.000000000000000,,,6272.000000000000000,,20175,SEWARD
338312,372749,2017500039900001001,502427.599803738587070,501300.000000000000000,500400.000000000000000,496800.000000000000000,496800.000000000000000,493200.000000000000000,484200.000000000000000,486000.000000000000000,270000.000000000000000,11700.000000000000000,495900.000000000000000,489600.000000000000000,503100.000000000000000,497700.000000000000000,479808.000000000000000,,20175,SEWARD
338313,372750,2017500033080001005,494776.516407437913585,51300.000000000000000,488700.000000000000000,18000.000000000000000,487800.000000000000000,900.000000000000000,450000.000000000000000,431100.000000000000000,56700.000000000000000,19800.000000000000000,484200.000000000000000,15300.000000000000000,483300.000000000000000,6300.000000000000000,445312.000000000000000,40768.000000000000000,20175,SEWARD
338314,372751,2017500008520001008,48780.014383306675882,900.000000000000000,2700.000000000000000,35100.000000000000000,1800.000000000000000,900.000000000000000,5400.000000000000000,,,,,,,1800.000000000000000,3136.000000000000000,6272.000000000000000,20175,SEWARD
338315,372752,2017500005390001001,902822.958896246273071,4500.000000000000000,2700.000000000000000,3600.000000000000000,900.000000000000000,9000.000000000000000,,4500.000000000000000,4500.000000000000000,4500.000000000000000,7200.000000000000000,8100.000000000000000,6300.000000000000000,9000.000000000000000,,15680.000000000000000,20175,SEWARD
338316,372753,2017500007580001007,116195.682124957253109,,,,,5400.000000000000000,,,,3600.000000000000000,,,,,,,20175,SEWARD
338317,372754,2017500007940005001,283468.785589793231338,241200.000000000000000,900.000000000000000,,263700.000000000000000,210600.000000000000000,,900.000000000000000,,9900.000000000000000,66600.000000000000000,218700.000000000000000,,126000.000000000000000,247744.000000000000000,197568.000000000000000,20175,SEWARD
338318,372755,2017500004470001002,645150.137967467773706,,7200.000000000000000,,,,,,,,,,,,,,20175,SEWARD
338319,372756,2017500035360001006,38344.587857045116834,2700.000000000000000,3600.000000000000000,900.000000000000000,9900.000000000000000,3600.000000000000000,900.000000000000000,,,5400.000000000000000,2700.000000000000000,900.000000000000000,1800.000000000000000,3600.000000000000000,9408.000000000000000,3136.000000000000000,20175,SEWARD
338320,372757,2017500002900001001,503717.740869651723187,457200.000000000000000,81900.000000000000000,464400.000000000000000,481500.000000000000000,484200.000000000000000,121500.000000000000000,467100.000000000000000,81000.000000000000000,478800.000000000000000,48600.000000000000000,476100.000000000000000,89100.000000000000000,480600.000000000000000,445312.000000000000000,457856.000000000000000,20175,SEWARD
338321,372758,2017500041330002001,51866.561202122953546,,1800.000000000000000,,8100.000000000000000,,3600.000000000000000,900.000000000000000,,5400.000000000000000,,,,3600.000000000000000,,,20175,SEWARD
338322,372760,2017500002150001002,1263310.513857117388397,528300.000000000000000,900.000000000000000,,1235700.000000000000000,1183500.000000000000000,,,,384300.000000000000000,,,,,,658560.000000000000000,20175,SEWARD
338323,372761,2017500041470007002,27121.041665549480967,2700.000000000000000,3600.000000000000000,,2700.000000000000000,3600.000000000000000,,900.000000000000000,,,2700.000000000000000,,2700.000000000000000,,,,20175,SEWARD
338324,372762,2017500041590004001,64267.388159435919079,4500.000000000000000,3600.000000000000000,9000.000000000000000,6300.000000000000000,1800.000000000000000,,1800.000000000000000,3600.000000000000000,6300.000000000000000,,12600.000000000000000,5400.000000000000000,2700.000000000000000,28224.000000000000000,12544.000000000000000,20175,SEWARD
338325,372763,2017500002790001003,415887.705635337799322,76500.000000000000000,238500.000000000000000,18900.000000000000000,203400.000000000000000,,,,,4500.000000000000000,1800.000000000000000,3600.000000000000000,383400.000000000000000,,,,20175,SEWARD
338326,372764,2017500000630001001,403502.024411830003373,900.000000000000000,,,,,,,,,,900.000000000000000,5400.000000000000000,,,,20175,SEWARD
338327,372765,2017500008820001001,321005.947022654465400,91800.000000000000000,306900.000000000000000,157500.000000000000000,78300.000000000000000,,6300.000000000000000,,3600.000000000000000,6300.000000000000000,,900.000000000000000,,3600.000000000000000,,,20175,SEWARD
338329,372767,2017500008120001004,30936.846584896280547,,900.000000000000000,,,3600.000000000000000,900.000000000000000,,,4500.000000000000000,,4500.000000000000000,5400.000000000000000,9900.000000000000000,,12544.000000000000000,20175,SEWARD
338330,372768,2017500037370006001,538031.615355507819913,,,,,,,,,900.000000000000000,,900.000000000000000,50400.000000000000000,1800.000000000000000,,15680.000000000000000,20175,SEWARD
338331,372769,2017500036210001001,497103.998625133128371,62100.000000000000000,48600.000000000000000,900.000000000000000,495900.000000000000000,494100.000000000000000,,,493200.000000000000000,486900.000000000000000,,,,486000.000000000000000,479808.000000000000000,,20175,SEWARD
338332,372770,2017500036370001005,147454.562192597979447,134100.000000000000000,140400.000000000000000,139500.000000000000000,,,,,,125100.000000000000000,36000.000000000000000,,,,,,20175,SEWARD
338333,372771,2017500003870001003,83816.945297574435244,3600.000000000000000,76500.000000000000000,,,,,2700.000000000000000,,8100.000000000000000,900.000000000000000,,,6300.000000000000000,,43904.000000000000000,20175,SEWARD
338334,372772,2017500003330001005,35246.020679126566392,6300.000000000000000,6300.000000000000000,3600.000000000000000,12600.000000000000000,8100.000000000000000,,2700.000000000000000,5400.000000000000000,,3600.000000000000000,900.000000000000000,1800.000000000000000,5400.000000000000000,,6272.000000000000000,20175,SEWARD
338335,372773,2017500008640001002,978644.142674337257631,900.000000000000000,18900.000000000000000,900.000000000000000,3600.000000000000000,12600.000000000000000,2700.000000000000000,,900.000000000000000,900.000000000000000,900.000000000000000,6300.000000000000000,4500.000000000000000,,116032.000000000000000,3136.000000000000000,20175,SEWARD
338336,372774,2017500041530004001,34457.422045077146322,2700.000000000000000,2700.000000000000000,1800.000000000000000,,,,,,,900.000000000000000,2700.000000000000000,,,,,20175,SEWARD
338337,372775,2017500003130001001,384361.039678107190412,369900.000000000000000,369900.000000000000000,315900.000000000000000,336600.000000000000000,,336600.000000000000000,223200.000000000000000,283500.000000000000000,288900.000000000000000,,,,312300.000000000000000,21952.000000000000000,,20175,SEWARD
338338,372776,2017500039910001001,42170.244686303609342,3600.000000000000000,4500.000000000000000,900.000000000000000,3600.000000000000000,1800.000000000000000,900.000000000000000,,,,2700.000000000000000,1800.000000000000000,2700.000000000000000,7200.000000000000000,,,20175,SEWARD
338339,372777,2017500042990001003,248909.428173264954239,209700.000000000000000,47700.000000000000000,206100.000000000000000,,207000.000000000000000,206100.000000000000000,203400.000000000000000,203400.000000000000000,211500.000000000000000,222300.000000000000000,,16200.000000000000000,225000.000000000000000,,131712.000000000000000,20175,SEWARD
338340,372778,2017500042570001001,536255.118516516755335,244800.000000000000000,523800.000000000000000,515700.000000000000000,5400.000000000000000,522900.000000000000000,520200.000000000000000,521100.000000000000000,518400.000000000000000,508500.000000000000000,510300.000000000000000,521100.000000000000000,529200.000000000000000,522900.000000000000000,501760.000000000000000,495488.000000000000000,20175,SEWARD
338341,372779,2017500002210001005,32010.045245116765727,29700.000000000000000,29700.000000000000000,9000.000000000000000,4500.000000000000000,27900.000000000000000,2700.000000000000000,,18000.000000000000000,9900.000000000000000,8100.000000000000000,10800.000000000000000,1800.000000000000000,8100.000000000000000,3136.000000000000000,,20175,SEWARD
338342,372780,2017500008880008001,65044.591647689332603,2700.000000000000000,2700.000000000000000,,2700.000000000000000,2700.000000000000000,3600.000000000000000,1800.000000000000000,1800.000000000000000,,,5400.000000000000000,8100.000000000000000,1800.000000000000000,6272.000000000000000,3136.000000000000000,20175,SEWARD
338343,372781,2017500040750001001,500909.787264347018208,489600.000000000000000,36000.000000000000000,467100.000000000000000,276300.000000000000000,477900.000000000000000,,2700.000000000000000,474300.000000000000000,474300.000000000000000,54900.000000000000000,3600.000000000000000,2700.000000000000000,,3136.000000000000000,,20175,SEWARD
338344,372782,2017500041470005001,33445.948048590602411,,,,,,,,900.000000000000000,,,,,,,,20175,SEWARD
338345,372783,2017500004090001006,26851.346538764457364,1800.000000000000000,2700.000000000000000,2700.000000000000000,4500.000000000000000,3600.000000000000000,,,900.000000000000000,2700.000000000000000,8100.000000000000000,7200.000000000000000,900.000000000000000,1800.000000000000000,,6272.000000000000000,20175,SEWARD
338346,372784,2017500040160001001,496511.598609415290412,484200.000000000000000,,487800.000000000000000,1800.000000000000000,484200.000000000000000,,,,484200.000000000000000,,474300.000000000000000,128700.000000000000000,485100.000000000000000,,31360.000000000000000,20175,SEWARD
338347,372785,2017500008320004001,110909.378274876988144,102600.000000000000000,108900.000000000000000,8100.000000000000000,108900.000000000000000,,103500.000000000000000,99900.000000000000000,6300.000000000000000,6300.000000000000000,15300.000000000000000,98100.000000000000000,6300.000000000000000,8100.000000000000000,106624.000000000000000,28224.000000000000000,20175,SEWARD
338348,372786,2017500010250001006,76776.467958880224614,,3600.000000000000000,,1800.000000000000000,18000.000000000000000,,,3600.000000000000000,,1800.000000000000000,,,,,,20175,SEWARD
338349,372787,2017500042410001005,183984.043813863303512,,,,,,,,,,10800.000000000000000,,,5400.000000000000000,,,20175,SEWARD
338350,372788,2017500039410009001,31581.812433839761070,4500.000000000000000,2700.000000000000000,900.000000000000000,3600.000000000000000,5400.000000000000000,4500.000000000000000,2700.000000000000000,2700.000000000000000,3600.000000000000000,7200.000000000000000,7200.000000000000000,8100.000000000000000,7200.000000000000000,,3136.000000000000000,20175,SEWARD
338351,372789,2017500000870008001,36348.642598353653739,7200.000000000000000,8100.000000000000000,4500.000000000000000,8100.000000000000000,8100.000000000000000,6300.000000000000000,8100.000000000000000,4500.000000000000000,4500.000000000000000,7200.000000000000000,9000.000000000000000,7200.000000000000000,9900.000000000000000,3136.000000000000000,12544.000000000000000,20175,SEWARD
338352,372790,2017500002240001001,418830.519057889818214,402300.000000000000000,,3600.000000000000000,,407700.000000000000000,,399600.000000000000000,,391500.000000000000000,,404100.000000000000000,43200.000000000000000,,354368.000000000000000,50176.000000000000000,20175,SEWARD
338353,372791,2017500000420001003,28589.793197433740715,18900.000000000000000,,,18900.000000000000000,,,,,8100.000000000000000,1800.000000000000000,,,900.000000000000000,12544.000000000000000,,20175,SEWARD
338354,372792,2017500039930002001,6300.503804620926530,,900.000000000000000,,,,,,,,,,,,,,20175,SEWARD
338355,372793,2017500041310002001,29684.699821986792813,,900.000000000000000,,900.000000000000000,900.000000000000000,,,900.000000000000000,900.000000000000000,,900.000000000000000,3600.000000000000000,,,,20175,SEWARD
338356,372794,2017500002800001004,514159.347114693897311,,,,900.000000000000000,,,,,99900.000000000000000,,59400.000000000000000,486900.000000000000000,,3136.000000000000000,,20175,SEWARD
338357,372795,2017500041240004004,24171.005404308063589,,18900.000000000000000,,10800.000000000000000,1800.000000000000000,,,,,,,,,,,20175,SEWARD
338358,372796,2017500004520005001,36747.526916168695607,9000.000000000000000,,4500.000000000000000,,4500.000000000000000,,3600.000000000000000,,1800.000000000000000,,4500.000000000000000,,8100.000000000000000,,18816.000000000000000,20175,SEWARD
338359,372797,2017500040630001002,1302706.531352300662547,931500.000000000000000,427500.000000000000000,900.000000000000000,1231200.000000000000000,8100.000000000000000,,,900.000000000000000,,900.000000000000000,,,900.000000000000000,,,20175,SEWARD
338360,372798,2017500038650001009,61685.084845490535372,4500.000000000000000,,,46800.000000000000000,,,,,,1800.000000000000000,,,17100.000000000000000,3136.000000000000000,6272.000000000000000,20175,SEWARD
338361,372799,2017500001570001007,499467.532893410418183,273600.000000000000000,432900.000000000000000,191700.000000000000000,447300.000000000000000,16200.000000000000000,13500.000000000000000,65700.000000000000000,386100.000000000000000,42300.000000000000000,450900.000000000000000,53100.000000000000000,,900.000000000000000,6272.000000000000000,301056.000000000000000,20175,SEWARD
338362,372800,2017500000650001001,1000823.498038197983988,401400.000000000000000,13500.000000000000000,23400.000000000000000,552600.000000000000000,412200.000000000000000,451800.000000000000000,318600.000000000000000,234000.000000000000000,264600.000000000000000,317700.000000000000000,478800.000000000000000,364500.000000000000000,2700.000000000000000,15680.000000000000000,,20175,SEWARD
338363,372801,2017500040710005001,33443.207261201903748,900.000000000000000,4500.000000000000000,3600.000000000000000,2700.000000000000000,7200.000000000000000,3600.000000000000000,5400.000000000000000,4500.000000000000000,1800.000000000000000,6300.000000000000000,8100.000000000000000,5400.000000000000000,6300.000000000000000,,18816.000000000000000,20175,SEWARD
338364,372802,2017500004250008001,421314.103825737023726,413100.000000000000000,411300.000000000000000,410400.000000000000000,900.000000000000000,410400.000000000000000,412200.000000000000000,2700.000000000000000,417600.000000000000000,46800.000000000000000,407700.000000000000000,13500.000000000000000,415800.000000000000000,5400.000000000000000,388864.000000000000000,,20175,SEWARD
338365,372803,2017500033450003002,204731.787376157182734,93600.000000000000000,5400.000000000000000,36000.000000000000000,126000.000000000000000,3600.000000000000000,,,,2700.000000000000000,,,,,,,20175,SEWARD
338366,372804,2017500004190004001,40780.772457366474555,3600.000000000000000,9000.000000000000000,2700.000000000000000,3600.000000000000000,9900.000000000000000,2700.000000000000000,,6300.000000000000000,900.000000000000000,2700.000000000000000,,900.000000000000000,4500.000000000000000,21952.000000000000000,,20175,SEWARD
338367,372805,2017500039820003001,511923.009826756722759,510300.000000000000000,506700.000000000000000,505800.000000000000000,507600.000000000000000,502200.000000000000000,506700.000000000000000,501300.000000000000000,506700.000000000000000,503100.000000000000000,511200.000000000000000,500400.000000000000000,499500.000000000000000,506700.000000000000000,489216.000000000000000,501760.000000000000000,20175,SEWARD
338368,372806,2017500007030001001,454146.497438351449091,,,,,,,,,,,,,,,,20175,SEWARD
338369,372807,2017500006990010003,506600.758193235436920,501300.000000000000000,500400.000000000000000,486900.000000000000000,29700.000000000000000,504000.000000000000000,499500.000000000000000,502200.000000000000000,498600.000000000000000,504900.000000000000000,466200.000000000000000,5400.000000000000000,77400.000000000000000,505800.000000000000000,479808.000000000000000,467264.000000000000000,20175,SEWARD
338370,372808,2017500009890004001,32462.738063126678753,900.000000000000000,1800.000000000000000,,,4500.000000000000000,4500.000000000000000,900.000000000000000,1800.000000000000000,900.000000000000000,3600.000000000000000,10800.000000000000000,6300.000000000000000,9000.000000000000000,,12544.000000000000000,20175,SEWARD
338371,372809,2017500000920002001,91398.593591314478545,,,,,,,,,,,,,,,,20175,SEWARD
338372,372810,2017500039660002001,289128.108373625611421,277200.000000000000000,278100.000000000000000,189000.000000000000000,81900.000000000000000,66600.000000000000000,4500.000000000000000,,,900.000000000000000,900.000000000000000,900.000000000000000,900.000000000000000,900.000000000000000,,3136.000000000000000,20175,SEWARD
338373,372812,2017500009370002001,494436.455323141883127,481500.000000000000000,10800.000000000000000,472500.000000000000000,40500.000000000000000,486900.000000000000000,17100.000000000000000,484200.000000000000000,27900.000000000000000,493200.000000000000000,495900.000000000000000,497700.000000000000000,495900.000000000000000,490500.000000000000000,476672.000000000000000,476672.000000000000000,20175,SEWARD
338374,372813,2017500005100001001,37004.900182474571920,15300.000000000000000,14400.000000000000000,3600.000000000000000,17100.000000000000000,14400.000000000000000,10800.000000000000000,15300.000000000000000,17100.000000000000000,14400.000000000000000,20700.000000000000000,12600.000000000000000,16200.000000000000000,5400.000000000000000,3136.000000000000000,,20175,SEWARD
338375,372814,2017500008790001003,51727.175940328554134,5400.000000000000000,34200.000000000000000,7200.000000000000000,12600.000000000000000,,,,,,3600.000000000000000,,,6300.000000000000000,,,20175,SEWARD
338376,372815,2017500035360001007,248838.090693368867505,239400.000000000000000,251100.000000000000000,,237600.000000000000000,247500.000000000000000,216900.000000000000000,245700.000000000000000,241200.000000000000000,249300.000000000000000,240300.000000000000000,11700.000000000000000,25200.000000000000000,248400.000000000000000,247744.000000000000000,81536.000000000000000,20175,SEWARD
338377,372816,2017500038830006001,29373.533499342505820,1800.000000000000000,900.000000000000000,,,,6300.000000000000000,900.000000000000000,,,6300.000000000000000,10800.000000000000000,,,,3136.000000000000000,20175,SEWARD
338378,372817,2017500009220001012,503801.626738762774039,80100.000000000000000,498600.000000000000000,4500.000000000000000,501300.000000000000000,,502200.000000000000000,493200.000000000000000,9900.000000000000000,490500.000000000000000,484200.000000000000000,54000.000000000000000,493200.000000000000000,495000.000000000000000,429632.000000000000000,454720.000000000000000,20175,SEWARD
338379,372818,2017500039540005001,32838.749496968070162,2700.000000000000000,1800.000000000000000,1800.000000000000000,,2700.000000000000000,6300.000000000000000,900.000000000000000,3600.000000000000000,900.000000000000000,,4500.000000000000000,,,3136.000000000000000,,20175,SEWARD
338380,372819,2017500035060001004,27408.494140145310666,900.000000000000000,17100.000000000000000,4500.000000000000000,18900.000000000000000,,,,,,,,,,,6272.000000000000000,20175,SEWARD
338381,372820,2017500033980004001,24861.843794043405069,6300.000000000000000,20700.000000000000000,7200.000000000000000,20700.000000000000000,1800.000000000000000,4500.000000000000000,3600.000000000000000,3600.000000000000000,5400.000000000000000,7200.000000000000000,18900.000000000000000,1800.000000000000000,5400.000000000000000,18816.000000000000000,,20175,SEWARD
338382,372821,2017500039040003005,722738.849751523346640,35100.000000000000000,709200.000000000000000,680400.000000000000000,702900.000000000000000,7200.000000000000000,700200.000000000000000,900.000000000000000,700200.000000000000000,714600.000000000000000,335700.000000000000000,693900.000000000000000,20700.000000000000000,25200.000000000000000,674240.000000000000000,9408.000000000000000,20175,SEWARD
338383,372822,2017500035940003001,8280.938883427459587,,,,,,,,,,,,,,,,20175,SEWARD
338384,372823,2017500007980001002,506240.363657433132175,440100.000000000000000,503100.000000000000000,432000.000000000000000,431100.000000000000000,429300.000000000000000,437400.000000000000000,466200.000000000000000,501300.000000000000000,497700.000000000000000,498600.000000000000000,495000.000000000000000,494100.000000000000000,244800.000000000000000,504896.000000000000000,432768.000000000000000,20175,SEWARD
338385,372824,2017500008530001001,481016.363223390944768,408600.000000000000000,405900.000000000000000,414000.000000000000000,406800.000000000000000,416700.000000000000000,385200.000000000000000,376200.000000000000000,,,,,,900.000000000000000,6272.000000000000000,,20175,SEWARD
338386,372825,2017500042290010001,59128.237053069511603,17100.000000000000000,1800.000000000000000,6300.000000000000000,11700.000000000000000,900.000000000000000,900.000000000000000,,3600.000000000000000,12600.000000000000000,2700.000000000000000,7200.000000000000000,18000.000000000000000,1800.000000000000000,,3136.000000000000000,20175,SEWARD
338387,372826,2017500004420001005,132710.437479791929945,91800.000000000000000,88200.000000000000000,90000.000000000000000,122400.000000000000000,81000.000000000000000,77400.000000000000000,,92700.000000000000000,21600.000000000000000,3600.000000000000000,8100.000000000000000,,,,,20175,SEWARD
338388,372827,2017500037620001004,25273.809449470521940,2700.000000000000000,,,2700.000000000000000,2700.000000000000000,,,,9900.000000000000000,,,,900.000000000000000,,,20175,SEWARD
338389,372828,2017500040990003012,239234.276387574878754,,44100.000000000000000,1800.000000000000000,157500.000000000000000,1800.000000000000000,,,3600.000000000000000,39600.000000000000000,4500.000000000000000,8100.000000000000000,,2700.000000000000000,,,20175,SEWARD
338390,372829,2017500042430001004,123757.289546276719193,,,,,,,,,6300.000000000000000,,1800.000000000000000,,,,15680.000000000000000,20175,SEWARD
338391,372830,2017500000760001002,322357.230144718429074,171900.000000000000000,185400.000000000000000,14400.000000000000000,112500.000000000000000,269100.000000000000000,,,,,,900.000000000000000,,4500.000000000000000,,3136.000000000000000,20175,SEWARD
338392,372831,2017500036940005004,667707.717720372253098,7200.000000000000000,,,7200.000000000000000,900.000000000000000,,1800.000000000000000,,,4500.000000000000000,,,,,3136.000000000000000,20175,SEWARD
338393,372832,2017500039580013001,25804.815208009666094,900.000000000000000,,,,900.000000000000000,1800.000000000000000,900.000000000000000,,900.000000000000000,2700.000000000000000,,1800.000000000000000,,,,20175,SEWARD
338394,372833,2017500000310001004,25509.249349785517552,900.000000000000000,,900.000000000000000,900.000000000000000,5400.000000000000000,,,,,6300.000000000000000,9900.000000000000000,900.000000000000000,5400.000000000000000,,12544.000000000000000,20175,SEWARD
338395,372834,2017500040200005001,33025.398999215198273,900.000000000000000,900.000000000000000,,,,2700.000000000000000,,,,,,900.000000000000000,5400.000000000000000,3136.000000000000000,6272.000000000000000,20175,SEWARD
338396,372835,2017500039560004001,29650.178147043403442,7200.000000000000000,6300.000000000000000,5400.000000000000000,6300.000000000000000,7200.000000000000000,6300.000000000000000,,900.000000000000000,2700.000000000000000,2700.000000000000000,11700.000000000000000,5400.000000000000000,4500.000000000000000,,9408.000000000000000,20175,SEWARD
338397,372836,2017500000200001006,26749.752941619681224,20700.000000000000000,8100.000000000000000,5400.000000000000000,8100.000000000000000,8100.000000000000000,10800.000000000000000,1800.000000000000000,7200.000000000000000,13500.000000000000000,2700.000000000000000,,900.000000000000000,2700.000000000000000,3136.000000000000000,3136.000000000000000,20175,SEWARD
338398,372837,2017500007580001008,32927.281656045546697,1800.000000000000000,,,900.000000000000000,,900.000000000000000,,900.000000000000000,,,10800.000000000000000,,1800.000000000000000,,,20175,SEWARD
338399,372838,2017500004900001004,28437.214838592972228,,,,900.000000000000000,1800.000000000000000,,,,,,,,3600.000000000000000,,,20175,SEWARD
338400,372839,2017500039660001001,501292.444026004639454,496800.000000000000000,39600.000000000000000,900.000000000000000,499500.000000000000000,20700.000000000000000,6300.000000000000000,3600.000000000000000,492300.000000000000000,19800.000000000000000,,4500.000000000000000,488700.000000000000000,1800.000000000000000,,291648.000000000000000,20175,SEWARD
338401,372840,2017500004910007001,529973.738461916567758,3600.000000000000000,,,,900.000000000000000,,8100.000000000000000,8100.000000000000000,204300.000000000000000,,,404100.000000000000000,414000.000000000000000,376320.000000000000000,382592.000000000000000,20175,SEWARD
338402,372841,2017500002280001003,130506.880774070334155,128700.000000000000000,,,,,,,,,1800.000000000000000,1800.000000000000000,6300.000000000000000,,9408.000000000000000,,20175,SEWARD
338403,372842,2017500001170016001,42902.538038852871978,,900.000000000000000,,,900.000000000000000,,900.000000000000000,,,,,900.000000000000000,900.000000000000000,,,20175,SEWARD
338404,372843,2017500003190004001,66941.402085639230791,,,2700.000000000000000,,,,,,,,900.000000000000000,900.000000000000000,,9408.000000000000000,,20175,SEWARD
338405,372844,2017500004030001005,27176.516139711988217,,900.000000000000000,,,,,,,6300.000000000000000,,6300.000000000000000,,5400.000000000000000,,,20175,SEWARD
338406,372845,2017500008520001009,32927.677870428451570,900.000000000000000,6300.000000000000000,31500.000000000000000,3600.000000000000000,900.000000000000000,7200.000000000000000,,2700.000000000000000,900.000000000000000,1800.000000000000000,1800.000000000000000,2700.000000000000000,5400.000000000000000,3136.000000000000000,18816.000000000000000,20175,SEWARD
338407,372846,2017500034110001001,468370.739959920989349,401400.000000000000000,461700.000000000000000,395100.000000000000000,403200.000000000000000,409500.000000000000000,374400.000000000000000,381600.000000000000000,,,,,,,448448.000000000000000,439040.000000000000000,20175,SEWARD
338408,372847,2017500034860001001,207429.914551955153001,15300.000000000000000,2700.000000000000000,900.000000000000000,5400.000000000000000,900.000000000000000,,,1800.000000000000000,900.000000000000000,54900.000000000000000,10800.000000000000000,8100.000000000000000,15300.000000000000000,,,20175,SEWARD
338409,372848,2017500041550007001,33539.534613146039192,,,,,,,,,900.000000000000000,9000.000000000000000,,,,,,20175,SEWARD
338410,372849,2017500001810006001,2445937.465606124140322,900.000000000000000,900.000000000000000,,,900.000000000000000,,,,,,,,,,,20175,SEWARD
338411,372850,2017500039990009001,517711.139971932221670,501300.000000000000000,27000.000000000000000,490500.000000000000000,21600.000000000000000,508500.000000000000000,502200.000000000000000,507600.000000000000000,499500.000000000000000,440100.000000000000000,495900.000000000000000,108900.000000000000000,509400.000000000000000,504900.000000000000000,492352.000000000000000,476672.000000000000000,20175,SEWARD
338412,372851,2017500008190002002,113223.452049122177414,18000.000000000000000,,,,,,,,900.000000000000000,,,,1800.000000000000000,,,20175,SEWARD
338413,372852,2017500036770002001,184547.655972495354945,,,,,,,,,,,,,,,,20175,SEWARD
338414,372853,2017500008530001002,173205.371303768886719,108000.000000000000000,97200.000000000000000,104400.000000000000000,106200.000000000000000,114300.000000000000000,97200.000000000000000,77400.000000000000000,,,,,,900.000000000000000,,,20175,SEWARD
338415,372854,2017500009670005001,24409.229211331497936,,,900.000000000000000,4500.000000000000000,,,3600.000000000000000,900.000000000000000,,,1800.000000000000000,9000.000000000000000,5400.000000000000000,3136.000000000000000,3136.000000000000000,20175,SEWARD
338416,372855,2017500039040003006,94082.370589281897992,2700.000000000000000,19800.000000000000000,2700.000000000000000,3600.000000000000000,19800.000000000000000,900.000000000000000,,3600.000000000000000,52200.000000000000000,8100.000000000000000,,900.000000000000000,41400.000000000000000,,12544.000000000000000,20175,SEWARD
338417,372856,2017500033810002003,33062.751766532630427,26100.000000000000000,900.000000000000000,2700.000000000000000,26100.000000000000000,7200.000000000000000,900.000000000000000,,3600.000000000000000,6300.000000000000000,2700.000000000000000,6300.000000000000000,3600.000000000000000,6300.000000000000000,,,20175,SEWARD
338418,372857,2017500039830006001,4935.223010312865881,,,,,,,,,,2700.000000000000000,900.000000000000000,900.000000000000000,5400.000000000000000,,,20175,SEWARD
338419,372858,2017500039550003001,39639.916511458308378,900.000000000000000,900.000000000000000,,,5400.000000000000000,,,2700.000000000000000,,,2700.000000000000000,2700.000000000000000,1800.000000000000000,,,20175,SEWARD
338420,372859,2017500033810002004,32617.045208505864139,30600.000000000000000,,,30600.000000000000000,6300.000000000000000,,900.000000000000000,,7200.000000000000000,,3600.000000000000000,900.000000000000000,,9408.000000000000000,,20175,SEWARD
338421,372860,2017500002230008001,66880.346292904723668,8100.000000000000000,4500.000000000000000,,3600.000000000000000,6300.000000000000000,,900.000000000000000,3600.000000000000000,1800.000000000000000,2700.000000000000000,9900.000000000000000,10800.000000000000000,5400.000000000000000,3136.000000000000000,3136.000000000000000,20175,SEWARD
338422,372861,2017500041780012001,64047.961653142017894,,2700.000000000000000,2700.000000000000000,39600.000000000000000,,,,,8100.000000000000000,,3600.000000000000000,7200.000000000000000,,,9408.000000000000000,20175,SEWARD
338423,372862,2017500035200001003,36348.944371460318507,21600.000000000000000,28800.000000000000000,7200.000000000000000,12600.000000000000000,5400.000000000000000,9000.000000000000000,,2700.000000000000000,,900.000000000000000,8100.000000000000000,900.000000000000000,1800.000000000000000,,,20175,SEWARD
338424,372863,2017500041900001002,79973.006573582752026,,1800.000000000000000,,,,,,,,,,,,,,20175,SEWARD
338425,372864,2017500002770001003,31744.938594487655791,11700.000000000000000,,900.000000000000000,900.000000000000000,900.000000000000000,,,2700.000000000000000,2700.000000000000000,6300.000000000000000,4500.000000000000000,8100.000000000000000,2700.000000000000000,6272.000000000000000,12544.000000000000000,20175,SEWARD
338426,372865,2017500000180001004,248212.836493891780265,203400.000000000000000,11700.000000000000000,,200700.000000000000000,,,,,153000.000000000000000,8100.000000000000000,159300.000000000000000,93600.000000000000000,121500.000000000000000,,,20175,SEWARD
338427,372866,2017500007140005001,33823.150811574327236,1800.000000000000000,,,,1800.000000000000000,,,,,1800.000000000000000,,4500.000000000000000,,,9408.000000000000000,20175,SEWARD
338428,372867,2017500001550001002,30142.661074014045880,9900.000000000000000,16200.000000000000000,2700.000000000000000,5400.000000000000000,5400.000000000000000,,,1800.000000000000000,1800.000000000000000,8100.000000000000000,26100.000000000000000,,13500.000000000000000,15680.000000000000000,3136.000000000000000,20175,SEWARD
338429,372868,2017500007410008001,33742.679964891343843,1800.000000000000000,,,,,,,2700.000000000000000,,,,,,3136.000000000000000,,20175,SEWARD
338430,372869,2017500000290001001,478210.187026626605075,1800.000000000000000,900.000000000000000,900.000000000000000,,,,,,900.000000000000000,,,,,,,20175,SEWARD
338431,372870,2017500037840002001,120159.772309539941489,12600.000000000000000,14400.000000000000000,9900.000000000000000,12600.000000000000000,10800.000000000000000,2700.000000000000000,10800.000000000000000,3600.000000000000000,13500.000000000000000,13500.000000000000000,7200.000000000000000,3600.000000000000000,900.000000000000000,,,20175,SEWARD
338432,372871,2017500000690001001,311409.603246609622147,87300.000000000000000,107100.000000000000000,17100.000000000000000,8100.000000000000000,2700.000000000000000,,2700.000000000000000,1800.000000000000000,28800.000000000000000,2700.000000000000000,,4500.000000000000000,35100.000000000000000,,6272.000000000000000,20175,SEWARD
338433,372872,2017500008120002005,259052.100348726642551,121500.000000000000000,255600.000000000000000,252000.000000000000000,256500.000000000000000,255600.000000000000000,254700.000000000000000,250200.000000000000000,255600.000000000000000,256500.000000000000000,257400.000000000000000,247500.000000000000000,252000.000000000000000,250200.000000000000000,210112.000000000000000,238336.000000000000000,20175,SEWARD
338434,372873,2017500008050005001,636392.242981320596300,,,,,,,,,,,,2700.000000000000000,,,,20175,SEWARD
338435,372874,2017500036550001001,619141.905749583966099,3600.000000000000000,16200.000000000000000,58500.000000000000000,486000.000000000000000,270900.000000000000000,,495900.000000000000000,425700.000000000000000,,448200.000000000000000,,349200.000000000000000,1800.000000000000000,,,20175,SEWARD
338436,372875,2017500040730001002,430384.139619384775870,,409500.000000000000000,6300.000000000000000,2700.000000000000000,,,,,3600.000000000000000,,1800.000000000000000,900.000000000000000,1800.000000000000000,,6272.000000000000000,20175,SEWARD
338437,372876,2017500005380001001,650207.172056928277016,,,,,,,,,,,,,,,,20175,SEWARD
338438,372877,2017500035510001002,48614.693956988492573,,,6300.000000000000000,,900.000000000000000,2700.000000000000000,,,11700.000000000000000,,900.000000000000000,3600.000000000000000,14400.000000000000000,6272.000000000000000,,20175,SEWARD
338439,372878,2017500035900001003,30370.278274123418669,,900.000000000000000,900.000000000000000,,900.000000000000000,,,3600.000000000000000,,900.000000000000000,,,900.000000000000000,,9408.000000000000000,20175,SEWARD
338440,372879,2017500043010001002,215051.579465074930340,,900.000000000000000,,900.000000000000000,,,,,,,,1800.000000000000000,,,,20175,SEWARD
338441,372880,2017500036210002003,34507.078377064914093,4500.000000000000000,900.000000000000000,,4500.000000000000000,6300.000000000000000,,,3600.000000000000000,900.000000000000000,,,2700.000000000000000,6300.000000000000000,25088.000000000000000,,20175,SEWARD
338442,372881,2017500012030001001,165117.581530906463740,,10800.000000000000000,,12600.000000000000000,,,,1800.000000000000000,,900.000000000000000,,,,,,20175,SEWARD
338443,372882,2017500038660001002,161065.169538842950715,,2700.000000000000000,900.000000000000000,2700.000000000000000,,,,,,,,,,,,20175,SEWARD
338444,372883,2017500041780007001,52061.342649745878589,8100.000000000000000,7200.000000000000000,1800.000000000000000,45000.000000000000000,1800.000000000000000,,900.000000000000000,,1800.000000000000000,7200.000000000000000,5400.000000000000000,2700.000000000000000,15300.000000000000000,,25088.000000000000000,20175,SEWARD
338445,372884,2017500035950002001,120618.695300055711414,,,,,,,,,,,,,,,,20175,SEWARD
338447,372886,2017500007140004001,31702.197171051771875,3600.000000000000000,900.000000000000000,,,,,,,,,,,,,,20175,SEWARD
338448,372887,2017500004120023001,76082.345639232749818,2700.000000000000000,2700.000000000000000,,900.000000000000000,1800.000000000000000,2700.000000000000000,900.000000000000000,900.000000000000000,,2700.000000000000000,1800.000000000000000,8100.000000000000000,1800.000000000000000,6272.000000000000000,,20175,SEWARD
338449,372888,2017500004560001003,200916.842726312577724,1800.000000000000000,,,,,1800.000000000000000,,,120600.000000000000000,,,,,,6272.000000000000000,20175,SEWARD
338450,372889,2017500037720002001,38097.562767849012744,900.000000000000000,,3600.000000000000000,900.000000000000000,,,,,,,8100.000000000000000,7200.000000000000000,,,,20175,SEWARD
338451,372890,2017500001220001001,506178.977272289223038,11700.000000000000000,486000.000000000000000,6300.000000000000000,,477900.000000000000000,478800.000000000000000,16200.000000000000000,41400.000000000000000,106200.000000000000000,93600.000000000000000,484200.000000000000000,500400.000000000000000,484200.000000000000000,451584.000000000000000,470400.000000000000000,20175,SEWARD
338452,372891,2017500009890005001,33659.072278945626749,1800.000000000000000,7200.000000000000000,,1800.000000000000000,7200.000000000000000,6300.000000000000000,3600.000000000000000,3600.000000000000000,1800.000000000000000,6300.000000000000000,12600.000000000000000,1800.000000000000000,12600.000000000000000,3136.000000000000000,,20175,SEWARD
338453,372892,2017500000740003001,14750.516488943063450,,,,,,,,,,,,,,,,20175,SEWARD
338454,372893,2017500004230003004,512229.199202354822773,249300.000000000000000,248400.000000000000000,210600.000000000000000,256500.000000000000000,484200.000000000000000,,479700.000000000000000,140400.000000000000000,,,,,,392000.000000000000000,454720.000000000000000,20175,SEWARD
338455,372894,2017500009820001005,35700.545393216016237,,,,,,1800.000000000000000,,1800.000000000000000,16200.000000000000000,4500.000000000000000,900.000000000000000,,10800.000000000000000,,,20175,SEWARD
338456,372895,2017500008980001003,12092.828216495370725,7200.000000000000000,2700.000000000000000,2700.000000000000000,2700.000000000000000,8100.000000000000000,1800.000000000000000,900.000000000000000,2700.000000000000000,11700.000000000000000,4500.000000000000000,1800.000000000000000,5400.000000000000000,6300.000000000000000,6272.000000000000000,,20175,SEWARD
338457,372896,2017500042430002004,29176.417152837973845,3600.000000000000000,900.000000000000000,,28800.000000000000000,,,,,,,,,,,,20175,SEWARD
338458,372897,2017500004500001001,649074.605650637065992,12600.000000000000000,627300.000000000000000,459000.000000000000000,,3600.000000000000000,3600.000000000000000,900.000000000000000,,,,,,900.000000000000000,,,20175,SEWARD
338459,372898,2017500006060001002,200116.902932053897530,,176400.000000000000000,,,3600.000000000000000,,,,,7200.000000000000000,178200.000000000000000,,,,,20175,SEWARD
338460,372900,2017500006800002002,228327.745286217832472,,2700.000000000000000,,900.000000000000000,,,,,,,,,900.000000000000000,,,20175,SEWARD
338461,372901,2017500003240005013,21891.843485759774921,,,,,,,,,2700.000000000000000,,,900.000000000000000,,,,20175,SEWARD
338462,372902,2017500033980003001,13623.073543755774153,,11700.000000000000000,,9900.000000000000000,3600.000000000000000,,,,900.000000000000000,900.000000000000000,10800.000000000000000,1800.000000000000000,1800.000000000000000,9408.000000000000000,6272.000000000000000,20175,SEWARD
338463,372903,2017500039410001001,29711.569983244284231,1800.000000000000000,1800.000000000000000,,,2700.000000000000000,1800.000000000000000,,900.000000000000000,2700.000000000000000,2700.000000000000000,8100.000000000000000,2700.000000000000000,2700.000000000000000,,,20175,SEWARD
338464,372904,2017500033320013001,29574.593656208646280,5400.000000000000000,5400.000000000000000,1800.000000000000000,,1800.000000000000000,,4500.000000000000000,900.000000000000000,6300.000000000000000,2700.000000000000000,9000.000000000000000,5400.000000000000000,3600.000000000000000,,37632.000000000000000,20175,SEWARD
338465,372905,2017500040280001001,93214.842456152458908,900.000000000000000,900.000000000000000,900.000000000000000,1800.000000000000000,1800.000000000000000,,,,,,2700.000000000000000,900.000000000000000,,,,20175,SEWARD
338466,372906,2017500006990002001,35057.736977943219244,6300.000000000000000,4500.000000000000000,4500.000000000000000,3600.000000000000000,3600.000000000000000,3600.000000000000000,1800.000000000000000,900.000000000000000,2700.000000000000000,8100.000000000000000,4500.000000000000000,,9900.000000000000000,3136.000000000000000,3136.000000000000000,20175,SEWARD
338467,372907,2017500002390001003,953666.663959349971265,2700.000000000000000,55800.000000000000000,2700.000000000000000,120600.000000000000000,1800.000000000000000,27900.000000000000000,,900.000000000000000,34200.000000000000000,8100.000000000000000,,,,,40768.000000000000000,20175,SEWARD
338468,372908,2017500042210001001,583665.513557346886955,517500.000000000000000,519300.000000000000000,513900.000000000000000,35100.000000000000000,549000.000000000000000,537300.000000000000000,554400.000000000000000,542700.000000000000000,561600.000000000000000,555300.000000000000000,539100.000000000000000,526500.000000000000000,538200.000000000000000,508032.000000000000000,495488.000000000000000,20175,SEWARD
338469,372909,2017500000620003001,358108.930318012658972,,,,,,,,,,,,,,,,20175,SEWARD
338470,372910,2017500033710004005,431105.231956022675149,10800.000000000000000,57600.000000000000000,166500.000000000000000,,11700.000000000000000,17100.000000000000000,,8100.000000000000000,35100.000000000000000,,64800.000000000000000,392400.000000000000000,22500.000000000000000,,,20175,SEWARD
338471,372911,2017500037630001004,53694.907748070865637,54000.000000000000000,900.000000000000000,900.000000000000000,54900.000000000000000,,1800.000000000000000,20700.000000000000000,,11700.000000000000000,11700.000000000000000,18000.000000000000000,4500.000000000000000,9000.000000000000000,,21952.000000000000000,20175,SEWARD
338472,372912,2017500039460004001,34483.146190100582317,4500.000000000000000,1800.000000000000000,,1800.000000000000000,4500.000000000000000,,,3600.000000000000000,4500.000000000000000,1800.000000000000000,9000.000000000000000,1800.000000000000000,6300.000000000000000,3136.000000000000000,3136.000000000000000,20175,SEWARD
338473,372913,2017500005390002001,378701.648374691430945,,2700.000000000000000,,,2700.000000000000000,,,,,,,,,,,20175,SEWARD
338474,372914,2017500034600001002,496697.028010353737045,486000.000000000000000,412200.000000000000000,7200.000000000000000,489600.000000000000000,6300.000000000000000,,,51300.000000000000000,,483300.000000000000000,,42300.000000000000000,487800.000000000000000,12544.000000000000000,,20175,SEWARD
338475,372915,2017500010250001007,73414.979859826809843,2700.000000000000000,,,9000.000000000000000,,,,,,,,,,,,20175,SEWARD
338476,372916,2017500004410002003,34277.572259570981259,32400.000000000000000,,900.000000000000000,35100.000000000000000,,,13500.000000000000000,2700.000000000000000,1800.000000000000000,2700.000000000000000,3600.000000000000000,,11700.000000000000000,,31360.000000000000000,20175,SEWARD
338477,372917,2017500009240001008,7681.058527650549877,,,,5400.000000000000000,,,,,,,,,,,,20175,SEWARD
338478,372918,2017500042830002001,15278.357667557020250,900.000000000000000,900.000000000000000,,,,,,,,900.000000000000000,,,,,,20175,SEWARD
338479,372919,2017500004440001003,19135.824061675502890,13500.000000000000000,,,16200.000000000000000,900.000000000000000,1800.000000000000000,,,5400.000000000000000,2700.000000000000000,,,,,,20175,SEWARD
338480,372920,2017500033760001002,18606.023493556938774,1800.000000000000000,,,,,,,8100.000000000000000,,,,,,,,20175,SEWARD
338481,372921,2017500038830002001,52443.735612888725882,,900.000000000000000,900.000000000000000,,,,,,,,2700.000000000000000,,900.000000000000000,3136.000000000000000,,20175,SEWARD
338482,372922,2017500007530001002,99747.697097369775292,,,63000.000000000000000,90900.000000000000000,,,,,,,,,,,,20175,SEWARD
338483,372923,2017500002560001003,214101.146747483668150,,900.000000000000000,900.000000000000000,,1800.000000000000000,,,,,,,,,,,20175,SEWARD
338484,372924,2017500009980002001,368240.942631666723173,29700.000000000000000,337500.000000000000000,,,2700.000000000000000,,,,,,,,,,,20175,SEWARD
338485,372925,2017500040420004001,29657.826380635789974,900.000000000000000,,900.000000000000000,2700.000000000000000,3600.000000000000000,900.000000000000000,,,,2700.000000000000000,5400.000000000000000,2700.000000000000000,2700.000000000000000,,,20175,SEWARD
338486,372926,2017500003640001002,316130.342931088816840,900.000000000000000,,,,,,,,,,,,1800.000000000000000,,,20175,SEWARD
338487,372927,2017500041940001002,85630.373102777230088,,,,,,,,,,,,,,,,20175,SEWARD
338488,372928,2017500008470001001,526383.327820731559768,449100.000000000000000,469800.000000000000000,358200.000000000000000,900.000000000000000,900.000000000000000,,440100.000000000000000,900.000000000000000,511200.000000000000000,505800.000000000000000,499500.000000000000000,515700.000000000000000,5400.000000000000000,495488.000000000000000,467264.000000000000000,20175,SEWARD
338489,372929,2017500004990001002,299681.992058128525969,2700.000000000000000,6300.000000000000000,3600.000000000000000,5400.000000000000000,900.000000000000000,,,,,,,,2700.000000000000000,,21952.000000000000000,20175,SEWARD
338490,372930,2017500034110001002,181131.072006552451057,123300.000000000000000,164700.000000000000000,114300.000000000000000,121500.000000000000000,126000.000000000000000,109800.000000000000000,106200.000000000000000,,,,4500.000000000000000,,,,59584.000000000000000,20175,SEWARD
338491,372931,2017500004450001002,158135.538668468361720,145800.000000000000000,90900.000000000000000,91800.000000000000000,146700.000000000000000,85500.000000000000000,100800.000000000000000,119700.000000000000000,91800.000000000000000,112500.000000000000000,123300.000000000000000,900.000000000000000,140400.000000000000000,82800.000000000000000,125440.000000000000000,,20175,SEWARD
338492,372932,2017500042180002001,25937.604657575768215,3600.000000000000000,5400.000000000000000,900.000000000000000,3600.000000000000000,2700.000000000000000,2700.000000000000000,1800.000000000000000,5400.000000000000000,3600.000000000000000,6300.000000000000000,10800.000000000000000,9000.000000000000000,2700.000000000000000,3136.000000000000000,18816.000000000000000,20175,SEWARD
338493,372933,2017500006320002001,636153.276084147742949,2700.000000000000000,5400.000000000000000,,1800.000000000000000,1800.000000000000000,,,900.000000000000000,,900.000000000000000,2700.000000000000000,900.000000000000000,1800.000000000000000,3136.000000000000000,,20175,SEWARD
338494,372934,2017500037760002001,12945.629335093843110,900.000000000000000,900.000000000000000,,,,,,,,,,,,,,20175,SEWARD
338495,372935,2017500039580008001,7944.078950132487989,2700.000000000000000,,,900.000000000000000,2700.000000000000000,2700.000000000000000,900.000000000000000,1800.000000000000000,1800.000000000000000,900.000000000000000,2700.000000000000000,900.000000000000000,,,,20175,SEWARD
338496,372936,2017500004310011001,29093.647981063477346,4500.000000000000000,4500.000000000000000,2700.000000000000000,1800.000000000000000,2700.000000000000000,900.000000000000000,900.000000000000000,900.000000000000000,1800.000000000000000,2700.000000000000000,5400.000000000000000,,,,,20175,SEWARD
338497,372937,2017500034580002001,36148.683587339706719,,,,,,,,,900.000000000000000,,,6300.000000000000000,1800.000000000000000,,,20175,SEWARD
338498,372938,2017500007900002001,87388.365633545778110,,,,,,,,,,,,,,,,20175,SEWARD
338499,372939,2017500001370009001,32489.869896729935135,2700.000000000000000,,900.000000000000000,,900.000000000000000,,1800.000000000000000,,,900.000000000000000,,900.000000000000000,,,,20175,SEWARD
338500,372940,2017500038850004001,35510.784044770152832,5400.000000000000000,900.000000000000000,900.000000000000000,6300.000000000000000,,4500.000000000000000,1800.000000000000000,,1800.000000000000000,2700.000000000000000,7200.000000000000000,,,,,20175,SEWARD
338501,372941,2017500008910001001,171494.532929019536823,107100.000000000000000,,900.000000000000000,93600.000000000000000,47700.000000000000000,5400.000000000000000,,117000.000000000000000,,2700.000000000000000,16200.000000000000000,,95400.000000000000000,78400.000000000000000,87808.000000000000000,20175,SEWARD
338502,372942,2017500006420001004,36699.608947103210085,23400.000000000000000,,900.000000000000000,21600.000000000000000,25200.000000000000000,,1800.000000000000000,,1800.000000000000000,4500.000000000000000,12600.000000000000000,,900.000000000000000,,,20175,SEWARD
338503,372943,2017500040300005001,35363.722011409030529,4500.000000000000000,1800.000000000000000,1800.000000000000000,,7200.000000000000000,5400.000000000000000,1800.000000000000000,2700.000000000000000,,900.000000000000000,5400.000000000000000,1800.000000000000000,3600.000000000000000,,3136.000000000000000,20175,SEWARD
338504,372944,2017500000940001001,138733.385536408692133,19800.000000000000000,,2700.000000000000000,,33300.000000000000000,,,18900.000000000000000,90000.000000000000000,84600.000000000000000,85500.000000000000000,,40500.000000000000000,,,20175,SEWARD
338505,372945,2017500038770001001,551610.308337513008155,900.000000000000000,,,,,,,,,,,,,,,20175,SEWARD
338506,372946,2017500039600002001,145354.262307348690229,4500.000000000000000,3600.000000000000000,,,6300.000000000000000,,3600.000000000000000,,,,1800.000000000000000,1800.000000000000000,9000.000000000000000,,,20175,SEWARD
338507,372947,2017500004420001006,120755.770900224728393,78300.000000000000000,75600.000000000000000,72000.000000000000000,93600.000000000000000,78300.000000000000000,,72000.000000000000000,77400.000000000000000,49500.000000000000000,9000.000000000000000,900.000000000000000,,5400.000000000000000,,3136.000000000000000,20175,SEWARD
338508,372948,2017500009260005001,30897.169487255596323,,3600.000000000000000,,2700.000000000000000,,,,4500.000000000000000,,1800.000000000000000,9900.000000000000000,3600.000000000000000,2700.000000000000000,6272.000000000000000,9408.000000000000000,20175,SEWARD
338509,372949,2017500004180003002,30970.944101979610423,,,,19800.000000000000000,,,,,,,,,,3136.000000000000000,6272.000000000000000,20175,SEWARD
338510,372950,2017500035540001002,1229246.452110099140555,,900.000000000000000,,,,,,,,900.000000000000000,900.000000000000000,,,,,20175,SEWARD
338511,372951,2017500000880001002,284760.282561324071139,,6300.000000000000000,,33300.000000000000000,134100.000000000000000,,,,,,241200.000000000000000,63900.000000000000000,4500.000000000000000,,,20175,SEWARD
338512,372952,2017500041920001005,14853.934489032517376,16200.000000000000000,,900.000000000000000,900.000000000000000,7200.000000000000000,,,4500.000000000000000,6300.000000000000000,,,10800.000000000000000,1800.000000000000000,6272.000000000000000,12544.000000000000000,20175,SEWARD
338513,372953,2017500002170001002,320131.639407684677280,38700.000000000000000,,,57600.000000000000000,900.000000000000000,,,,28800.000000000000000,,,,,3136.000000000000000,,20175,SEWARD
338514,372954,2017500039550004001,33366.584925298557209,8100.000000000000000,1800.000000000000000,,2700.000000000000000,3600.000000000000000,1800.000000000000000,,1800.000000000000000,900.000000000000000,2700.000000000000000,5400.000000000000000,3600.000000000000000,9000.000000000000000,,12544.000000000000000,20175,SEWARD
338515,372955,2017500003920001002,110614.459272123363917,,,,101700.000000000000000,,2700.000000000000000,,900.000000000000000,900.000000000000000,28800.000000000000000,25200.000000000000000,3600.000000000000000,1800.000000000000000,,6272.000000000000000,20175,SEWARD
338516,372956,2017500033380004003,18338.967579896172538,1800.000000000000000,,,,900.000000000000000,,,900.000000000000000,9000.000000000000000,,,,,,,20175,SEWARD
338517,372957,2017500007060001001,641691.716122469166294,900.000000000000000,,,,,,,,,,,,,,,20175,SEWARD
338518,372958,2017500000890006001,286317.638564970169682,900.000000000000000,900.000000000000000,900.000000000000000,,2700.000000000000000,,1800.000000000000000,,2700.000000000000000,2700.000000000000000,,2700.000000000000000,3600.000000000000000,,15680.000000000000000,20175,SEWARD
338519,372959,2017500039040002004,2013629.624421000713482,253800.000000000000000,694800.000000000000000,4500.000000000000000,6300.000000000000000,1957500.000000000000000,,,1925100.000000000000000,147600.000000000000000,1440900.000000000000000,1942200.000000000000000,,1988100.000000000000000,31360.000000000000000,1894144.000000000000000,20175,SEWARD
338520,372960,2017500035510001003,289718.204961073934101,900.000000000000000,,289800.000000000000000,,289800.000000000000000,,283500.000000000000000,,289800.000000000000000,,279000.000000000000000,291600.000000000000000,289800.000000000000000,275968.000000000000000,244608.000000000000000,20175,SEWARD
338521,372961,2017500033000001004,35038.439509811243624,3600.000000000000000,1800.000000000000000,,3600.000000000000000,4500.000000000000000,,,4500.000000000000000,16200.000000000000000,3600.000000000000000,,,4500.000000000000000,,,20175,SEWARD
338522,372962,2017500005040004001,34303.286845634203928,6300.000000000000000,,,5400.000000000000000,1800.000000000000000,,,,,2700.000000000000000,,,,,,20175,SEWARD
338523,372963,2017500006250003002,176761.555621438601520,,900.000000000000000,,,1800.000000000000000,,,,,,,,,,,20175,SEWARD
338524,372964,2017500042530006001,9177.731239368900788,,,,,,,,,,,,,4500.000000000000000,,,20175,SEWARD
338525,372965,2017500038420012001,26126.576209052236663,1800.000000000000000,,900.000000000000000,,1800.000000000000000,,,,900.000000000000000,,3600.000000000000000,,2700.000000000000000,,,20175,SEWARD
338526,372966,2017500004890001003,30907.176813005400618,,,,,3600.000000000000000,,,,6300.000000000000000,900.000000000000000,3600.000000000000000,,900.000000000000000,,,20175,SEWARD
338527,372967,2017500037620001005,30607.371868809299485,3600.000000000000000,5400.000000000000000,1800.000000000000000,9900.000000000000000,6300.000000000000000,,,900.000000000000000,,2700.000000000000000,,,900.000000000000000,,3136.000000000000000,20175,SEWARD
338528,372968,2017500038420010001,31039.052800118217419,,900.000000000000000,,900.000000000000000,,900.000000000000000,,900.000000000000000,,3600.000000000000000,,900.000000000000000,,,,20175,SEWARD
338529,372969,2017500001460013001,4392.449856329541944,4500.000000000000000,4500.000000000000000,,3600.000000000000000,4500.000000000000000,1800.000000000000000,3600.000000000000000,3600.000000000000000,3600.000000000000000,4500.000000000000000,4500.000000000000000,4500.000000000000000,,,,20175,SEWARD
338530,372970,2017500006930006001,130442.448508515444701,,1800.000000000000000,900.000000000000000,900.000000000000000,6300.000000000000000,900.000000000000000,4500.000000000000000,900.000000000000000,,,,9000.000000000000000,16200.000000000000000,,,20175,SEWARD
338531,372971,2017500002230005001,35454.669161723337311,900.000000000000000,,,,2700.000000000000000,,900.000000000000000,,900.000000000000000,,,,900.000000000000000,,,20175,SEWARD
338532,372972,2017500039580016001,34627.130925816432864,,5400.000000000000000,2700.000000000000000,6300.000000000000000,900.000000000000000,4500.000000000000000,1800.000000000000000,2700.000000000000000,3600.000000000000000,,6300.000000000000000,2700.000000000000000,,9408.000000000000000,,20175,SEWARD
338533,372973,2017500006160001002,221488.017823843925726,24300.000000000000000,4500.000000000000000,,36000.000000000000000,,,,12600.000000000000000,2700.000000000000000,9900.000000000000000,79200.000000000000000,3600.000000000000000,,84672.000000000000000,28224.000000000000000,20175,SEWARD
338534,372974,2017500038290001002,128354.733837114283233,97200.000000000000000,,9000.000000000000000,32400.000000000000000,36900.000000000000000,,,900.000000000000000,1800.000000000000000,,10800.000000000000000,,11700.000000000000000,119168.000000000000000,,20175,SEWARD
338535,372975,2017500008470004001,29541.198550328121200,1800.000000000000000,900.000000000000000,900.000000000000000,900.000000000000000,900.000000000000000,,900.000000000000000,,900.000000000000000,4500.000000000000000,,6300.000000000000000,1800.000000000000000,3136.000000000000000,12544.000000000000000,20175,SEWARD
338536,372976,2017500036370001006,33501.238424678864249,16200.000000000000000,16200.000000000000000,19800.000000000000000,13500.000000000000000,8100.000000000000000,,,,6300.000000000000000,,900.000000000000000,,,,,20175,SEWARD
338537,372977,2017500039570001001,369396.039253312046640,2700.000000000000000,369900.000000000000000,364500.000000000000000,900.000000000000000,366300.000000000000000,369000.000000000000000,30600.000000000000000,365400.000000000000000,60300.000000000000000,365400.000000000000000,2700.000000000000000,363600.000000000000000,362700.000000000000000,357504.000000000000000,9408.000000000000000,20175,SEWARD
338538,372978,2017500004180002005,513638.279058621323202,488700.000000000000000,,469800.000000000000000,,474300.000000000000000,,,,452700.000000000000000,,477000.000000000000000,,495000.000000000000000,,464128.000000000000000,20175,SEWARD
338539,372979,2017500003780001006,34997.512469806904846,,21600.000000000000000,,2700.000000000000000,,,4500.000000000000000,,,,,900.000000000000000,2700.000000000000000,,,20175,SEWARD
338540,372980,2017500002770001004,507510.284329082700424,504000.000000000000000,499500.000000000000000,497700.000000000000000,502200.000000000000000,486900.000000000000000,483300.000000000000000,474300.000000000000000,496800.000000000000000,493200.000000000000000,497700.000000000000000,480600.000000000000000,495900.000000000000000,493200.000000000000000,460992.000000000000000,482944.000000000000000,20175,SEWARD
338541,372981,2017500041850001002,322466.272146791627165,282600.000000000000000,900.000000000000000,1800.000000000000000,224100.000000000000000,,7200.000000000000000,,,,,,,,,,20175,SEWARD
338542,372982,2017500004020001007,28094.687999492081872,18900.000000000000000,19800.000000000000000,14400.000000000000000,17100.000000000000000,900.000000000000000,,,,,1800.000000000000000,3600.000000000000000,,1800.000000000000000,,6272.000000000000000,20175,SEWARD
338543,372983,2017500000870010001,32221.040492642197933,6300.000000000000000,6300.000000000000000,2700.000000000000000,4500.000000000000000,5400.000000000000000,6300.000000000000000,6300.000000000000000,5400.000000000000000,9000.000000000000000,5400.000000000000000,4500.000000000000000,6300.000000000000000,10800.000000000000000,15680.000000000000000,18816.000000000000000,20175,SEWARD
338544,372984,2017500035510001004,39407.940146006825671,,,9000.000000000000000,,6300.000000000000000,900.000000000000000,900.000000000000000,,9900.000000000000000,,2700.000000000000000,19800.000000000000000,9900.000000000000000,3136.000000000000000,3136.000000000000000,20175,SEWARD
338545,372985,2017500003190008001,40353.951724199396267,,2700.000000000000000,,,,,,,,,,,,,,20175,SEWARD
338546,372986,2017500007170001001,342745.579613848298322,,9900.000000000000000,,,,,,,,,,,,,,20175,SEWARD
338547,372987,2017500002580001004,28860.059550023146585,3600.000000000000000,,,,4500.000000000000000,,,,8100.000000000000000,,3600.000000000000000,900.000000000000000,,,,20175,SEWARD
338548,372988,2017500004480001004,222705.858383848128142,,18000.000000000000000,1800.000000000000000,3600.000000000000000,9900.000000000000000,10800.000000000000000,,,,,,,,,,20175,SEWARD
338549,372989,2017500002010001006,494552.420968491525855,484200.000000000000000,324000.000000000000000,489600.000000000000000,485100.000000000000000,480600.000000000000000,18900.000000000000000,475200.000000000000000,486000.000000000000000,223200.000000000000000,460800.000000000000000,485100.000000000000000,489600.000000000000000,492300.000000000000000,486080.000000000000000,116032.000000000000000,20175,SEWARD
338550,372990,2017500002950001007,36652.085304471525887,900.000000000000000,7200.000000000000000,29700.000000000000000,,900.000000000000000,6300.000000000000000,,,1800.000000000000000,3600.000000000000000,5400.000000000000000,2700.000000000000000,3600.000000000000000,,3136.000000000000000,20175,SEWARD
338551,372991,2017500004180003003,505769.085562538704835,,477900.000000000000000,,501300.000000000000000,,448200.000000000000000,,41400.000000000000000,,302400.000000000000000,,492300.000000000000000,,473536.000000000000000,9408.000000000000000,20175,SEWARD
338552,372992,2017500041630001006,391385.864801671996247,180900.000000000000000,,,189000.000000000000000,,,,,,3600.000000000000000,,,290700.000000000000000,,,20175,SEWARD
338553,372993,2017500007580001010,40032.610167032151367,900.000000000000000,18000.000000000000000,,6300.000000000000000,,1800.000000000000000,,900.000000000000000,1800.000000000000000,,3600.000000000000000,,2700.000000000000000,,3136.000000000000000,20175,SEWARD
338554,372994,2017500001510001009,26203.810901950117113,1800.000000000000000,15300.000000000000000,,,6300.000000000000000,,,1800.000000000000000,3600.000000000000000,,,,900.000000000000000,,,20175,SEWARD
338555,372995,2017500006930002001,554626.591246075695381,,1800.000000000000000,,3600.000000000000000,3600.000000000000000,,,1800.000000000000000,,,,900.000000000000000,,,3136.000000000000000,20175,SEWARD
338557,372997,2017500039410008001,35696.294678491547529,2700.000000000000000,,,900.000000000000000,2700.000000000000000,5400.000000000000000,1800.000000000000000,900.000000000000000,1800.000000000000000,2700.000000000000000,5400.000000000000000,2700.000000000000000,4500.000000000000000,,6272.000000000000000,20175,SEWARD
338558,372998,2017500039730002001,63744.583459448025678,,7200.000000000000000,3600.000000000000000,3600.000000000000000,,,1800.000000000000000,,900.000000000000000,,,10800.000000000000000,1800.000000000000000,,3136.000000000000000,20175,SEWARD
338559,372999,2017500039710001001,163534.574321806518128,,7200.000000000000000,2700.000000000000000,9900.000000000000000,,,,,,,,,2700.000000000000000,,,20175,SEWARD
338560,373000,2017500001620001004,509159.388347554136999,503100.000000000000000,11700.000000000000000,481500.000000000000000,,502200.000000000000000,,496800.000000000000000,,,,498600.000000000000000,,,,6272.000000000000000,20175,SEWARD
338561,373001,2017500040740001001,32153.274218022754212,,900.000000000000000,,,,,,900.000000000000000,,,,,,,,20175,SEWARD
338562,373002,2017500003700001001,624610.504568848293275,,,,,900.000000000000000,,900.000000000000000,,,,,,,,,20175,SEWARD
338563,373003,2017500038480002001,46449.567795990624290,8100.000000000000000,5400.000000000000000,3600.000000000000000,3600.000000000000000,9000.000000000000000,7200.000000000000000,900.000000000000000,4500.000000000000000,6300.000000000000000,8100.000000000000000,6300.000000000000000,900.000000000000000,11700.000000000000000,3136.000000000000000,,20175,SEWARD
338564,373004,2017500034840001001,174749.453097165096551,1800.000000000000000,,,,,,,,,,900.000000000000000,,,,6272.000000000000000,20175,SEWARD
338565,373005,2017500038470001002,483611.348822228086647,479700.000000000000000,7200.000000000000000,470700.000000000000000,474300.000000000000000,476100.000000000000000,470700.000000000000000,468900.000000000000000,474300.000000000000000,469800.000000000000000,14400.000000000000000,472500.000000000000000,474300.000000000000000,473400.000000000000000,,15680.000000000000000,20175,SEWARD
338566,373006,2017500036220001001,497256.477238544495776,1800.000000000000000,492300.000000000000000,488700.000000000000000,900.000000000000000,,492300.000000000000000,477900.000000000000000,,,492300.000000000000000,491400.000000000000000,495000.000000000000000,,3136.000000000000000,448448.000000000000000,20175,SEWARD
338567,373007,2017500039610001002,995413.586859030998312,7200.000000000000000,986400.000000000000000,900.000000000000000,4500.000000000000000,987300.000000000000000,,912600.000000000000000,900.000000000000000,957600.000000000000000,859500.000000000000000,987300.000000000000000,40500.000000000000000,972900.000000000000000,3136.000000000000000,881216.000000000000000,20175,SEWARD
338568,373008,2017500037370007001,288222.144506611919496,900.000000000000000,900.000000000000000,,1800.000000000000000,,,,,,,,,,,,20175,SEWARD
338569,373009,2017500035510001005,43402.991190957967774,,11700.000000000000000,,6300.000000000000000,,8100.000000000000000,,8100.000000000000000,,7200.000000000000000,9000.000000000000000,10800.000000000000000,,,,20175,SEWARD
338570,373010,2017500038650002005,33944.918401691014878,900.000000000000000,,,35100.000000000000000,,,,,,900.000000000000000,1800.000000000000000,2700.000000000000000,2700.000000000000000,,,20175,SEWARD
338571,373011,2017500040260007001,31800.342549008506467,5400.000000000000000,2700.000000000000000,2700.000000000000000,8100.000000000000000,7200.000000000000000,2700.000000000000000,2700.000000000000000,4500.000000000000000,5400.000000000000000,8100.000000000000000,13500.000000000000000,10800.000000000000000,2700.000000000000000,,6272.000000000000000,20175,SEWARD
338572,373012,2017500010250002009,80186.879147322149947,900.000000000000000,900.000000000000000,900.000000000000000,17100.000000000000000,11700.000000000000000,,,,,900.000000000000000,,,900.000000000000000,,,20175,SEWARD
338573,373013,2017500004030002004,30142.576743110363168,,,,,,,900.000000000000000,,1800.000000000000000,,4500.000000000000000,,4500.000000000000000,,9408.000000000000000,20175,SEWARD
338574,373014,2017500034990001005,37472.310745315757231,4500.000000000000000,11700.000000000000000,10800.000000000000000,25200.000000000000000,,2700.000000000000000,2700.000000000000000,2700.000000000000000,11700.000000000000000,,9000.000000000000000,1800.000000000000000,5400.000000000000000,3136.000000000000000,15680.000000000000000,20175,SEWARD
338575,373015,2017500034330002001,43277.069059439025295,,4500.000000000000000,4500.000000000000000,5400.000000000000000,2700.000000000000000,3600.000000000000000,,900.000000000000000,,3600.000000000000000,2700.000000000000000,,,,,20175,SEWARD
338576,373016,2017500033650001004,34838.671829389022605,27900.000000000000000,,,,1800.000000000000000,,,,,,900.000000000000000,,1800.000000000000000,,,20175,SEWARD
338577,373017,2017500007040010002,29027.308841535446845,,3600.000000000000000,,,,,,900.000000000000000,,,10800.000000000000000,8100.000000000000000,12600.000000000000000,,9408.000000000000000,20175,SEWARD
338578,373018,2017500008890007001,25000.957705163244100,,,,,,,,,,,,900.000000000000000,,,,20175,SEWARD
338579,373019,2017500035200001004,39372.549351953282894,15300.000000000000000,30600.000000000000000,1800.000000000000000,17100.000000000000000,1800.000000000000000,13500.000000000000000,,5400.000000000000000,900.000000000000000,2700.000000000000000,6300.000000000000000,900.000000000000000,2700.000000000000000,3136.000000000000000,6272.000000000000000,20175,SEWARD
338580,373020,2017500036730002001,160332.974522911856184,5400.000000000000000,6300.000000000000000,2700.000000000000000,9000.000000000000000,,1800.000000000000000,,6300.000000000000000,,1800.000000000000000,6300.000000000000000,17100.000000000000000,,6272.000000000000000,,20175,SEWARD
338581,373021,2017500042480003001,623228.634655086905695,,1800.000000000000000,2700.000000000000000,,,,,,,,900.000000000000000,900.000000000000000,,,,20175,SEWARD
338582,373022,2017500041490004001,27174.536676287447335,1800.000000000000000,2700.000000000000000,1800.000000000000000,1800.000000000000000,1800.000000000000000,1800.000000000000000,,900.000000000000000,900.000000000000000,1800.000000000000000,6300.000000000000000,13500.000000000000000,11700.000000000000000,3136.000000000000000,12544.000000000000000,20175,SEWARD
338583,373023,2017500034850004001,83200.218857377927634,900.000000000000000,900.000000000000000,,2700.000000000000000,,1800.000000000000000,,,1800.000000000000000,7200.000000000000000,900.000000000000000,1800.000000000000000,2700.000000000000000,,,20175,SEWARD
338584,373024,2017500038840001010,61204.654477112781024,12600.000000000000000,900.000000000000000,2700.000000000000000,25200.000000000000000,1800.000000000000000,900.000000000000000,3600.000000000000000,16200.000000000000000,900.000000000000000,2700.000000000000000,1800.000000000000000,900.000000000000000,18900.000000000000000,,15680.000000000000000,20175,SEWARD
338585,373025,2017500004250003001,37252.657589332411590,4500.000000000000000,900.000000000000000,,,3600.000000000000000,900.000000000000000,,900.000000000000000,,1800.000000000000000,9000.000000000000000,1800.000000000000000,900.000000000000000,,,20175,SEWARD
338586,373026,2017500035340001001,799568.743024454684928,900.000000000000000,140400.000000000000000,228600.000000000000000,387000.000000000000000,2700.000000000000000,900.000000000000000,,98100.000000000000000,,4500.000000000000000,2700.000000000000000,900.000000000000000,,,,20175,SEWARD
338587,373027,2017500006650001002,220019.258205907564843,,1800.000000000000000,,19800.000000000000000,900.000000000000000,,9000.000000000000000,29700.000000000000000,900.000000000000000,,,,,,,20175,SEWARD
338588,373028,2017500002280001004,141354.333203847025288,128700.000000000000000,,,114300.000000000000000,27000.000000000000000,,,,,7200.000000000000000,2700.000000000000000,900.000000000000000,,3136.000000000000000,,20175,SEWARD
338589,373029,2017500038440001004,493499.016894142143428,,,,900.000000000000000,14400.000000000000000,900.000000000000000,234000.000000000000000,333900.000000000000000,900.000000000000000,9900.000000000000000,,487800.000000000000000,491400.000000000000000,460992.000000000000000,476672.000000000000000,20175,SEWARD
338590,373030,2017500003770001004,26380.354012976655213,25200.000000000000000,4500.000000000000000,3600.000000000000000,23400.000000000000000,18000.000000000000000,4500.000000000000000,1800.000000000000000,2700.000000000000000,900.000000000000000,5400.000000000000000,9000.000000000000000,4500.000000000000000,20700.000000000000000,9408.000000000000000,3136.000000000000000,20175,SEWARD
338591,373031,2017500000910001001,59017.993069783049577,,,,,,,,,,,,,,,,20175,SEWARD
338592,373032,2017500009670003001,7805.457929978980246,,,900.000000000000000,1800.000000000000000,,,900.000000000000000,2700.000000000000000,,,900.000000000000000,2700.000000000000000,,3136.000000000000000,,20175,SEWARD
338593,373033,2017500007810001001,516967.953775740810670,,,900.000000000000000,3600.000000000000000,,900.000000000000000,,,,,,,,,,20175,SEWARD
338594,373034,2017500003090001004,500368.824845249764621,493200.000000000000000,6300.000000000000000,493200.000000000000000,1800.000000000000000,486900.000000000000000,491400.000000000000000,434700.000000000000000,486000.000000000000000,497700.000000000000000,497700.000000000000000,45900.000000000000000,487800.000000000000000,5400.000000000000000,495488.000000000000000,59584.000000000000000,20175,SEWARD
338595,373035,2017500038760008001,1199977.323180824751034,16200.000000000000000,91800.000000000000000,2700.000000000000000,29700.000000000000000,900.000000000000000,7200.000000000000000,,19800.000000000000000,9900.000000000000000,9900.000000000000000,4500.000000000000000,160200.000000000000000,3600.000000000000000,,,20175,SEWARD
338596,373036,2017500004270001004,525075.032088621985167,17100.000000000000000,484200.000000000000000,325800.000000000000000,492300.000000000000000,467100.000000000000000,470700.000000000000000,458100.000000000000000,461700.000000000000000,485100.000000000000000,476100.000000000000000,464400.000000000000000,435600.000000000000000,462600.000000000000000,,9408.000000000000000,20175,SEWARD
338597,373037,2017500003090001005,32416.920335313938267,6300.000000000000000,6300.000000000000000,5400.000000000000000,27000.000000000000000,900.000000000000000,,,,7200.000000000000000,900.000000000000000,1800.000000000000000,,,12544.000000000000000,,20175,SEWARD
338598,373038,2017500000800002001,156876.137793735397281,,,,,,,,,,,,,,,,20175,SEWARD
338599,373039,2017500001550001003,505344.161021361476742,20700.000000000000000,468000.000000000000000,374400.000000000000000,20700.000000000000000,390600.000000000000000,5400.000000000000000,,402300.000000000000000,3600.000000000000000,,495000.000000000000000,,497700.000000000000000,511168.000000000000000,435904.000000000000000,20175,SEWARD
338600,373040,2017500000740001001,172519.159103749436326,1800.000000000000000,161100.000000000000000,145800.000000000000000,161100.000000000000000,166500.000000000000000,,,,,,,,,,,20175,SEWARD
338601,373041,2017500007910001001,641910.348764937603846,8100.000000000000000,3600.000000000000000,,,8100.000000000000000,,900.000000000000000,,6300.000000000000000,3600.000000000000000,1800.000000000000000,44100.000000000000000,900.000000000000000,,,20175,SEWARD
338602,373042,2017500009960001001,644247.496130581595935,,,,45900.000000000000000,,,,,900.000000000000000,,,,,,9408.000000000000000,20175,SEWARD
338603,373043,2017500004100002003,934100.786153012653813,9000.000000000000000,146700.000000000000000,250200.000000000000000,927000.000000000000000,899100.000000000000000,873000.000000000000000,866700.000000000000000,905400.000000000000000,914400.000000000000000,928800.000000000000000,918000.000000000000000,,913500.000000000000000,868672.000000000000000,881216.000000000000000,20175,SEWARD
338604,373044,2017500042460004003,285976.806847519066650,256500.000000000000000,262800.000000000000000,12600.000000000000000,252000.000000000000000,13500.000000000000000,17100.000000000000000,251100.000000000000000,13500.000000000000000,256500.000000000000000,13500.000000000000000,243900.000000000000000,258300.000000000000000,16200.000000000000000,291648.000000000000000,,20175,SEWARD
338605,373045,2017500005510001003,356394.278802485438064,247500.000000000000000,,,162900.000000000000000,,,,,900.000000000000000,,,20700.000000000000000,184500.000000000000000,,,20175,SEWARD
338606,373046,2017500006780001001,240138.105451005249051,,,1800.000000000000000,14400.000000000000000,,67500.000000000000000,,,,900.000000000000000,,,3600.000000000000000,,,20175,SEWARD
338607,373047,2017500033170001004,36692.532019171077991,15300.000000000000000,6300.000000000000000,,5400.000000000000000,,1800.000000000000000,,2700.000000000000000,5400.000000000000000,,6300.000000000000000,8100.000000000000000,16200.000000000000000,,6272.000000000000000,20175,SEWARD
338608,373048,2017500004250007001,196056.709265672310721,,,,900.000000000000000,,,,900.000000000000000,,1800.000000000000000,2700.000000000000000,3600.000000000000000,,,,20175,SEWARD
338609,373049,2017500009110001001,508301.172207728552166,498600.000000000000000,24300.000000000000000,900.000000000000000,496800.000000000000000,500400.000000000000000,497700.000000000000000,14400.000000000000000,490500.000000000000000,494100.000000000000000,495900.000000000000000,488700.000000000000000,497700.000000000000000,497700.000000000000000,464128.000000000000000,460992.000000000000000,20175,SEWARD
338611,373051,2017500006600004003,26418.618900902165478,,,,,,,,,,,,,,,3136.000000000000000,20175,SEWARD
338612,373052,2017500008880001002,505315.490650338644627,,490500.000000000000000,,496800.000000000000000,,491400.000000000000000,900.000000000000000,,468900.000000000000000,900.000000000000000,484200.000000000000000,900.000000000000000,491400.000000000000000,,445312.000000000000000,20175,SEWARD
338613,373053,2017500002420001004,40050.381646100235230,10800.000000000000000,9000.000000000000000,,6300.000000000000000,9900.000000000000000,8100.000000000000000,6300.000000000000000,15300.000000000000000,5400.000000000000000,9000.000000000000000,13500.000000000000000,7200.000000000000000,9000.000000000000000,6272.000000000000000,28224.000000000000000,20175,SEWARD
338614,373054,2017500040640001017,32717.320773146675492,1800.000000000000000,,,,900.000000000000000,,5400.000000000000000,,9900.000000000000000,,8100.000000000000000,2700.000000000000000,6300.000000000000000,,,20175,SEWARD
338615,373055,2017500038440001005,30734.984773749460146,,,,,900.000000000000000,2700.000000000000000,,900.000000000000000,,,,8100.000000000000000,2700.000000000000000,,12544.000000000000000,20175,SEWARD
338616,373056,2017500001520001004,28248.912304228568246,,2700.000000000000000,900.000000000000000,3600.000000000000000,,,,,1800.000000000000000,7200.000000000000000,13500.000000000000000,,2700.000000000000000,12544.000000000000000,,20175,SEWARD
338617,373057,2017500003270001006,36776.178299588435038,900.000000000000000,11700.000000000000000,900.000000000000000,,,,,,13500.000000000000000,19800.000000000000000,,,,,3136.000000000000000,20175,SEWARD
338618,373058,2017500002940003002,491568.367727212724276,482400.000000000000000,480600.000000000000000,9900.000000000000000,477900.000000000000000,477000.000000000000000,472500.000000000000000,466200.000000000000000,476100.000000000000000,475200.000000000000000,471600.000000000000000,464400.000000000000000,477900.000000000000000,325800.000000000000000,457856.000000000000000,,20175,SEWARD
338619,373059,2017500038890001001,35914.719048903170915,7200.000000000000000,4500.000000000000000,5400.000000000000000,,,,,1800.000000000000000,9900.000000000000000,900.000000000000000,4500.000000000000000,3600.000000000000000,10800.000000000000000,9408.000000000000000,,20175,SEWARD
338620,373060,2017500000160009001,33188.173521917291509,900.000000000000000,900.000000000000000,900.000000000000000,900.000000000000000,,900.000000000000000,900.000000000000000,,,1800.000000000000000,900.000000000000000,1800.000000000000000,,,,20175,SEWARD
338621,373061,2017500008520001010,361904.106369230663404,344700.000000000000000,354600.000000000000000,353700.000000000000000,2700.000000000000000,339300.000000000000000,353700.000000000000000,339300.000000000000000,345600.000000000000000,350100.000000000000000,352800.000000000000000,332100.000000000000000,349200.000000000000000,351000.000000000000000,329280.000000000000000,304192.000000000000000,20175,SEWARD
338622,373062,2017500000220009004,33743.496888161156676,19800.000000000000000,9000.000000000000000,,,,,,,1800.000000000000000,900.000000000000000,,,900.000000000000000,,3136.000000000000000,20175,SEWARD
338623,373063,2017500039980011001,38947.162123246765987,3600.000000000000000,2700.000000000000000,1800.000000000000000,3600.000000000000000,3600.000000000000000,3600.000000000000000,900.000000000000000,,1800.000000000000000,8100.000000000000000,14400.000000000000000,1800.000000000000000,3600.000000000000000,,9408.000000000000000,20175,SEWARD
338624,373064,2017500000450015001,33570.352399536117446,,3600.000000000000000,,4500.000000000000000,,,,1800.000000000000000,900.000000000000000,,4500.000000000000000,,4500.000000000000000,,6272.000000000000000,20175,SEWARD
338625,373065,2017500001730001002,168739.954714072548086,16200.000000000000000,900.000000000000000,,,,,,,,,,,,87808.000000000000000,,20175,SEWARD
338626,373066,2017500040690001003,163664.864647826063447,109800.000000000000000,3600.000000000000000,101700.000000000000000,13500.000000000000000,108000.000000000000000,1800.000000000000000,,,10800.000000000000000,101700.000000000000000,117000.000000000000000,121500.000000000000000,900.000000000000000,109760.000000000000000,78400.000000000000000,20175,SEWARD
338627,373067,2017500005410001004,159630.761070937878685,,,,,,,,,,,,,,,,20175,SEWARD
338628,373068,2017500002420001005,47336.099012784579827,22500.000000000000000,11700.000000000000000,2700.000000000000000,15300.000000000000000,13500.000000000000000,14400.000000000000000,5400.000000000000000,11700.000000000000000,9000.000000000000000,17100.000000000000000,12600.000000000000000,11700.000000000000000,4500.000000000000000,,,20175,SEWARD
338629,373069,2017500041550008001,14389.623533368081553,900.000000000000000,,,,,,,,900.000000000000000,2700.000000000000000,3600.000000000000000,2700.000000000000000,1800.000000000000000,,,20175,SEWARD
338630,373070,2017500038420007001,29857.264759850197152,3600.000000000000000,,2700.000000000000000,,5400.000000000000000,,900.000000000000000,,5400.000000000000000,,9900.000000000000000,,4500.000000000000000,,12544.000000000000000,20175,SEWARD
338631,373071,2017500012850003001,7522.310442938649430,,,,,,,,,,,,,,,,20175,SEWARD
338632,373072,2017500041530006001,73699.354121234398917,9900.000000000000000,9900.000000000000000,10800.000000000000000,8100.000000000000000,8100.000000000000000,6300.000000000000000,6300.000000000000000,3600.000000000000000,9000.000000000000000,10800.000000000000000,9900.000000000000000,8100.000000000000000,10800.000000000000000,6272.000000000000000,9408.000000000000000,20175,SEWARD
338633,373073,2017500004180002006,29354.900806169054704,,,,19800.000000000000000,,,,,,,,,900.000000000000000,,,20175,SEWARD
338634,373074,2017500008690001013,41157.500644296043902,,,900.000000000000000,3600.000000000000000,900.000000000000000,900.000000000000000,,900.000000000000000,3600.000000000000000,1800.000000000000000,3600.000000000000000,1800.000000000000000,3600.000000000000000,3136.000000000000000,9408.000000000000000,20175,SEWARD
338635,373075,2017500003460001005,28123.960458817946346,,2700.000000000000000,,900.000000000000000,,,,2700.000000000000000,24300.000000000000000,,27900.000000000000000,,,6272.000000000000000,,20175,SEWARD
338636,373076,2017500003940001003,312772.942912235448603,,9900.000000000000000,,900.000000000000000,,,,,,,,,,3136.000000000000000,,20175,SEWARD
338637,373077,2017500040060006001,93121.598576446805964,5400.000000000000000,2700.000000000000000,,,1800.000000000000000,,900.000000000000000,,,,900.000000000000000,,,,,20175,SEWARD
338638,373078,2017500032900001001,57026.131537716064486,900.000000000000000,900.000000000000000,,900.000000000000000,,,,,,,900.000000000000000,,,,,20175,SEWARD
338639,373079,2017500041580001002,493491.514840778196231,1800.000000000000000,900.000000000000000,,,,,41400.000000000000000,460800.000000000000000,,,,459000.000000000000000,477900.000000000000000,,448448.000000000000000,20175,SEWARD
338640,373080,2017500009760002001,157218.263492315862095,4500.000000000000000,141300.000000000000000,78300.000000000000000,139500.000000000000000,146700.000000000000000,,1800.000000000000000,2700.000000000000000,5400.000000000000000,12600.000000000000000,144900.000000000000000,4500.000000000000000,79200.000000000000000,,34496.000000000000000,20175,SEWARD
338641,373081,2017500005550001002,673097.548264963319525,,10800.000000000000000,1800.000000000000000,,14400.000000000000000,,,,900.000000000000000,27000.000000000000000,6300.000000000000000,,,,,20175,SEWARD
338642,373082,2017500001140001003,414442.522876748815179,374400.000000000000000,275400.000000000000000,135000.000000000000000,114300.000000000000000,1800.000000000000000,900.000000000000000,900.000000000000000,10800.000000000000000,19800.000000000000000,900.000000000000000,7200.000000000000000,,,,3136.000000000000000,20175,SEWARD
338643,373083,2017500004270002006,518844.671261464420240,,504000.000000000000000,353700.000000000000000,493200.000000000000000,487800.000000000000000,495000.000000000000000,473400.000000000000000,480600.000000000000000,,481500.000000000000000,9000.000000000000000,476100.000000000000000,487800.000000000000000,,,20175,SEWARD
338644,373084,2017500006990006001,32200.208394343422697,3600.000000000000000,4500.000000000000000,4500.000000000000000,10800.000000000000000,900.000000000000000,1800.000000000000000,,,4500.000000000000000,1800.000000000000000,4500.000000000000000,1800.000000000000000,1800.000000000000000,6272.000000000000000,12544.000000000000000,20175,SEWARD
338645,373085,2017500035130001005,504105.926688023668248,,,,,,,1800.000000000000000,,,152100.000000000000000,487800.000000000000000,252900.000000000000000,,15680.000000000000000,94080.000000000000000,20175,SEWARD
338646,373086,2017500002680001004,126143.997301445910125,6300.000000000000000,900.000000000000000,,900.000000000000000,,,,,,,,,3600.000000000000000,6272.000000000000000,15680.000000000000000,20175,SEWARD
338647,373087,2017500040540011001,261758.228373565216316,,,,,1800.000000000000000,,,,,,,,,,,20175,SEWARD
338648,373088,2017500000450018001,35341.187188904041250,,900.000000000000000,,,2700.000000000000000,,2700.000000000000000,,,900.000000000000000,,7200.000000000000000,,15680.000000000000000,,20175,SEWARD
338650,373090,2017500006930010001,14193.011753113049053,,,,,,,,,,,,,900.000000000000000,,,20175,SEWARD
338651,373091,2017500041020005003,504740.306400263914838,127800.000000000000000,311400.000000000000000,181800.000000000000000,216900.000000000000000,32400.000000000000000,4500.000000000000000,4500.000000000000000,182700.000000000000000,189000.000000000000000,182700.000000000000000,45000.000000000000000,180000.000000000000000,184500.000000000000000,188160.000000000000000,,20175,SEWARD
338652,373092,2017500039100002003,177638.263077666371828,,,,,,,,,,,5400.000000000000000,,900.000000000000000,,9408.000000000000000,20175,SEWARD
338653,373093,2017500039480002001,9681.649555840838730,900.000000000000000,,900.000000000000000,,,,,900.000000000000000,,,,,,,,20175,SEWARD
338654,373094,2017500039350002004,36832.682876962666342,1800.000000000000000,6300.000000000000000,,7200.000000000000000,5400.000000000000000,900.000000000000000,,900.000000000000000,,2700.000000000000000,4500.000000000000000,900.000000000000000,,9408.000000000000000,,20175,SEWARD
338655,373095,2017500036270001004,369324.422806232585572,,6300.000000000000000,,,16200.000000000000000,,,,,27900.000000000000000,139500.000000000000000,,,,,20175,SEWARD
338656,373096,2017500009890003001,30344.337238675816479,2700.000000000000000,900.000000000000000,,,,1800.000000000000000,900.000000000000000,,900.000000000000000,900.000000000000000,7200.000000000000000,7200.000000000000000,1800.000000000000000,,15680.000000000000000,20175,SEWARD
338657,373097,2017500000200001007,31931.892633195959206,3600.000000000000000,20700.000000000000000,,3600.000000000000000,10800.000000000000000,,,5400.000000000000000,,2700.000000000000000,1800.000000000000000,,900.000000000000000,,,20175,SEWARD
338658,373098,2017500003540001001,647773.193633119808510,6300.000000000000000,900.000000000000000,,4500.000000000000000,54900.000000000000000,,,,,2700.000000000000000,,,,,,20175,SEWARD
338659,373099,2017500041820001001,790111.764746015076526,1800.000000000000000,783900.000000000000000,765900.000000000000000,777600.000000000000000,774000.000000000000000,773100.000000000000000,747900.000000000000000,,144900.000000000000000,785700.000000000000000,738900.000000000000000,770400.000000000000000,777600.000000000000000,752640.000000000000000,702464.000000000000000,20175,SEWARD
338660,373100,2017500000810001003,31129.913015220761736,,24300.000000000000000,11700.000000000000000,21600.000000000000000,2700.000000000000000,,,,,900.000000000000000,15300.000000000000000,7200.000000000000000,900.000000000000000,,,20175,SEWARD
338661,373101,2017500039650003001,25618.049053219707275,2700.000000000000000,3600.000000000000000,,2700.000000000000000,5400.000000000000000,900.000000000000000,,,3600.000000000000000,2700.000000000000000,1800.000000000000000,,1800.000000000000000,,,20175,SEWARD
338662,373102,2017500036250001001,326585.435594815586228,,,14400.000000000000000,900.000000000000000,,,,,,,,,6300.000000000000000,,,20175,SEWARD
338663,373103,2017500033200001003,135605.188521492294967,6300.000000000000000,10800.000000000000000,2700.000000000000000,900.000000000000000,9900.000000000000000,,1800.000000000000000,,16200.000000000000000,,6300.000000000000000,2700.000000000000000,6300.000000000000000,,6272.000000000000000,20175,SEWARD
338664,373104,2017500036940005005,306148.963646257529035,900.000000000000000,,,1800.000000000000000,,1800.000000000000000,1800.000000000000000,,4500.000000000000000,,900.000000000000000,6300.000000000000000,3600.000000000000000,,,20175,SEWARD
338665,373105,2017500007440005001,743701.653047851636074,2700.000000000000000,3600.000000000000000,677700.000000000000000,36000.000000000000000,714600.000000000000000,702000.000000000000000,45000.000000000000000,12600.000000000000000,,675900.000000000000000,702900.000000000000000,738000.000000000000000,709200.000000000000000,633472.000000000000000,671104.000000000000000,20175,SEWARD
338666,373106,2017500000040001004,496635.518906231096480,487800.000000000000000,497700.000000000000000,491400.000000000000000,497700.000000000000000,488700.000000000000000,480600.000000000000000,464400.000000000000000,462600.000000000000000,488700.000000000000000,486900.000000000000000,478800.000000000000000,495900.000000000000000,493200.000000000000000,473536.000000000000000,451584.000000000000000,20175,SEWARD
338667,373107,2017500039820001002,521578.764979507250246,519300.000000000000000,517500.000000000000000,505800.000000000000000,490500.000000000000000,495900.000000000000000,503100.000000000000000,479700.000000000000000,497700.000000000000000,11700.000000000000000,512100.000000000000000,510300.000000000000000,464400.000000000000000,488700.000000000000000,492352.000000000000000,504896.000000000000000,20175,SEWARD
338668,373108,2017500003700001002,507763.712435546156485,,900.000000000000000,,,,,,,,,,,,,,20175,SEWARD
338669,373109,2017500033610001003,26104.442407917500532,13500.000000000000000,18000.000000000000000,5400.000000000000000,18900.000000000000000,1800.000000000000000,,,,4500.000000000000000,,,,2700.000000000000000,,,20175,SEWARD
338670,373110,2017500038450001001,426664.834113468299620,303300.000000000000000,74700.000000000000000,1800.000000000000000,313200.000000000000000,,,,,318600.000000000000000,2700.000000000000000,900.000000000000000,4500.000000000000000,1800.000000000000000,,,20175,SEWARD
338671,373111,2017500035200001005,33809.336440640727233,11700.000000000000000,13500.000000000000000,1800.000000000000000,16200.000000000000000,2700.000000000000000,5400.000000000000000,900.000000000000000,2700.000000000000000,1800.000000000000000,9000.000000000000000,8100.000000000000000,1800.000000000000000,5400.000000000000000,,6272.000000000000000,20175,SEWARD
338672,373112,2017500040640001018,41062.613561294929241,,900.000000000000000,,2700.000000000000000,,,,900.000000000000000,,900.000000000000000,,900.000000000000000,3600.000000000000000,,,20175,SEWARD
338673,373113,2017500040490001007,37029.530895047450031,,,,,,,,,5400.000000000000000,,4500.000000000000000,,2700.000000000000000,3136.000000000000000,9408.000000000000000,20175,SEWARD
338674,373114,2017500038910001001,96574.770201774445013,,,900.000000000000000,7200.000000000000000,,,,,,,900.000000000000000,,,,,20175,SEWARD
338675,373115,2017500005430001002,297209.125882839667611,,,,900.000000000000000,,900.000000000000000,,900.000000000000000,,,,,,,,20175,SEWARD
338676,373116,2017500007270002002,106955.460310214999481,104400.000000000000000,101700.000000000000000,84600.000000000000000,34200.000000000000000,,,,,,100800.000000000000000,,,,,,20175,SEWARD
338677,373117,2017500007600002001,552631.401403103838675,3600.000000000000000,,,9000.000000000000000,900.000000000000000,900.000000000000000,27900.000000000000000,391500.000000000000000,222300.000000000000000,465300.000000000000000,2700.000000000000000,440100.000000000000000,72900.000000000000000,442176.000000000000000,473536.000000000000000,20175,SEWARD
338678,373118,2017500001170001002,526644.625269911019132,25200.000000000000000,173700.000000000000000,900.000000000000000,1800.000000000000000,,473400.000000000000000,,498600.000000000000000,,517500.000000000000000,36900.000000000000000,216000.000000000000000,,15680.000000000000000,18816.000000000000000,20175,SEWARD
338679,373119,2017500001570001009,37049.734478597260022,900.000000000000000,18000.000000000000000,,1800.000000000000000,1800.000000000000000,1800.000000000000000,2700.000000000000000,,3600.000000000000000,12600.000000000000000,2700.000000000000000,5400.000000000000000,2700.000000000000000,,,20175,SEWARD
338680,373120,2017500035410001001,726060.193349658395164,,,,5400.000000000000000,,2700.000000000000000,,,4500.000000000000000,,1800.000000000000000,,4500.000000000000000,,,20175,SEWARD
338681,373121,2017500033310002001,274900.039302285527810,,1800.000000000000000,,9900.000000000000000,13500.000000000000000,,900.000000000000000,,7200.000000000000000,1800.000000000000000,27900.000000000000000,13500.000000000000000,32400.000000000000000,,56448.000000000000000,20175,SEWARD
338682,373122,2017500006920002001,111524.843035846031853,,,,,,,,,,,,,,,,20175,SEWARD
338683,373124,2017500038730001002,297259.745371457131114,900.000000000000000,55800.000000000000000,,218700.000000000000000,,,,,,13500.000000000000000,6300.000000000000000,,1800.000000000000000,,,20175,SEWARD
338684,373125,2017500037980001002,320037.112828112207353,900.000000000000000,900.000000000000000,,,,900.000000000000000,900.000000000000000,,,,,,,,,20175,SEWARD
338685,373126,2017500002620001002,30675.770228113167832,12600.000000000000000,,,,900.000000000000000,,,,5400.000000000000000,2700.000000000000000,,,900.000000000000000,3136.000000000000000,,20175,SEWARD
338686,373127,2017500002900001002,111287.013610807232908,,8100.000000000000000,900.000000000000000,2700.000000000000000,2700.000000000000000,,900.000000000000000,3600.000000000000000,9000.000000000000000,2700.000000000000000,2700.000000000000000,,5400.000000000000000,3136.000000000000000,25088.000000000000000,20175,SEWARD
338687,373128,2017500006370001003,277919.458482112037018,272700.000000000000000,140400.000000000000000,272700.000000000000000,276300.000000000000000,278100.000000000000000,270900.000000000000000,270900.000000000000000,272700.000000000000000,253800.000000000000000,276300.000000000000000,271800.000000000000000,272700.000000000000000,38700.000000000000000,9408.000000000000000,,20175,SEWARD
338688,373129,2017500001170033001,54720.826804842821730,,,,,1800.000000000000000,,,,1800.000000000000000,,2700.000000000000000,,3600.000000000000000,,,20175,SEWARD
338689,373130,2017500008710001001,643850.594505275832489,1800.000000000000000,8100.000000000000000,,8100.000000000000000,8100.000000000000000,2700.000000000000000,,,,,188100.000000000000000,20700.000000000000000,2700.000000000000000,12544.000000000000000,,20175,SEWARD
338690,373131,2017500007990004001,37509.884873064162093,37800.000000000000000,900.000000000000000,,30600.000000000000000,28800.000000000000000,,,4500.000000000000000,20700.000000000000000,900.000000000000000,2700.000000000000000,3600.000000000000000,2700.000000000000000,3136.000000000000000,15680.000000000000000,20175,SEWARD
338691,373132,2017500036220002001,35012.095803412725218,,2700.000000000000000,,,,2700.000000000000000,1800.000000000000000,,,1800.000000000000000,6300.000000000000000,6300.000000000000000,,6272.000000000000000,,20175,SEWARD
338692,373133,2017500034980002004,37278.474455630253942,4500.000000000000000,14400.000000000000000,8100.000000000000000,32400.000000000000000,,,900.000000000000000,,7200.000000000000000,,2700.000000000000000,,,3136.000000000000000,,20175,SEWARD
338693,373134,2017500004190006001,40688.786461331510509,5400.000000000000000,4500.000000000000000,2700.000000000000000,5400.000000000000000,9900.000000000000000,6300.000000000000000,900.000000000000000,900.000000000000000,2700.000000000000000,6300.000000000000000,10800.000000000000000,7200.000000000000000,1800.000000000000000,9408.000000000000000,12544.000000000000000,20175,SEWARD
338694,373135,2017500006520001001,397892.003262998594437,,,,,3600.000000000000000,,,900.000000000000000,,,,,,,,20175,SEWARD
338695,373136,2017500001150017001,29075.172980402283429,900.000000000000000,1800.000000000000000,,1800.000000000000000,,,2700.000000000000000,1800.000000000000000,4500.000000000000000,3600.000000000000000,6300.000000000000000,7200.000000000000000,7200.000000000000000,6272.000000000000000,15680.000000000000000,20175,SEWARD
338696,373137,2017500001940001001,498464.448869677318726,17100.000000000000000,500400.000000000000000,13500.000000000000000,500400.000000000000000,500400.000000000000000,470700.000000000000000,394200.000000000000000,483300.000000000000000,500400.000000000000000,490500.000000000000000,1800.000000000000000,490500.000000000000000,499500.000000000000000,423360.000000000000000,482944.000000000000000,20175,SEWARD
338697,373138,2017500034460001002,360418.971111117163673,350100.000000000000000,4500.000000000000000,343800.000000000000000,,,330300.000000000000000,,343800.000000000000000,319500.000000000000000,,47700.000000000000000,,,,3136.000000000000000,20175,SEWARD
338698,373139,2017500011560008002,502652.450433231657371,484200.000000000000000,475200.000000000000000,6300.000000000000000,134100.000000000000000,6300.000000000000000,900.000000000000000,,9000.000000000000000,5400.000000000000000,24300.000000000000000,108000.000000000000000,1800.000000000000000,,65856.000000000000000,,20175,SEWARD
338699,373140,2017500042290015002,48698.884925733633281,7200.000000000000000,10800.000000000000000,5400.000000000000000,9000.000000000000000,3600.000000000000000,5400.000000000000000,2700.000000000000000,9900.000000000000000,9000.000000000000000,3600.000000000000000,4500.000000000000000,15300.000000000000000,9000.000000000000000,12544.000000000000000,,20175,SEWARD
338700,373141,2017500007780001001,321187.048809726140462,300600.000000000000000,,,284400.000000000000000,,,,,72000.000000000000000,172800.000000000000000,120600.000000000000000,,283500.000000000000000,225792.000000000000000,260288.000000000000000,20175,SEWARD
338701,373142,2017500006550001001,604617.350411474937573,,,,,,,,,,,,,,,,20175,SEWARD
338702,373144,2017500040990002020,60463.682513810366800,2700.000000000000000,19800.000000000000000,1800.000000000000000,11700.000000000000000,1800.000000000000000,,900.000000000000000,,,900.000000000000000,,900.000000000000000,,6272.000000000000000,,20175,SEWARD
338703,373145,2017500037520004001,33875.492351221138961,26100.000000000000000,,,8100.000000000000000,,1800.000000000000000,,,,4500.000000000000000,6300.000000000000000,3600.000000000000000,8100.000000000000000,6272.000000000000000,12544.000000000000000,20175,SEWARD
338704,373146,2017500003060001002,312581.885656536440365,,,,900.000000000000000,,,,2700.000000000000000,,,,,16200.000000000000000,,12544.000000000000000,20175,SEWARD
338706,373148,2017500038420001004,511194.974843396514188,,502200.000000000000000,,502200.000000000000000,,501300.000000000000000,,499500.000000000000000,,496800.000000000000000,,502200.000000000000000,,486080.000000000000000,,20175,SEWARD
338707,373149,2017500001600001009,472041.194103149522562,35100.000000000000000,467100.000000000000000,,461700.000000000000000,,456300.000000000000000,,423900.000000000000000,,443700.000000000000000,,,900.000000000000000,457856.000000000000000,12544.000000000000000,20175,SEWARD
338708,373150,2017500040290001001,498459.657810381671879,489600.000000000000000,489600.000000000000000,13500.000000000000000,489600.000000000000000,495000.000000000000000,489600.000000000000000,457200.000000000000000,10800.000000000000000,495000.000000000000000,1800.000000000000000,492300.000000000000000,485100.000000000000000,18900.000000000000000,476672.000000000000000,476672.000000000000000,20175,SEWARD
338709,373151,2017500033800002001,15424.655774536140598,,,,,,,,,,,,,,,,20175,SEWARD
338710,373152,2017500035510004019,75820.563083082437515,,,2700.000000000000000,,900.000000000000000,900.000000000000000,,900.000000000000000,3600.000000000000000,,,,900.000000000000000,,,20175,SEWARD
338711,373153,2017500041560001001,508071.670390266575851,458100.000000000000000,495000.000000000000000,486000.000000000000000,410400.000000000000000,411300.000000000000000,496800.000000000000000,238500.000000000000000,245700.000000000000000,236700.000000000000000,,493200.000000000000000,499500.000000000000000,,,482944.000000000000000,20175,SEWARD
338712,373154,2017500038900001001,498431.368323270173278,488700.000000000000000,8100.000000000000000,486900.000000000000000,3600.000000000000000,,465300.000000000000000,,484200.000000000000000,492300.000000000000000,36000.000000000000000,487800.000000000000000,7200.000000000000000,491400.000000000000000,473536.000000000000000,457856.000000000000000,20175,SEWARD
338713,373155,2017500034100001012,512670.700232567091007,3600.000000000000000,502200.000000000000000,473400.000000000000000,3600.000000000000000,1800.000000000000000,477000.000000000000000,469800.000000000000000,,,472500.000000000000000,469800.000000000000000,,,464128.000000000000000,426496.000000000000000,20175,SEWARD
338714,373156,2017500007270002003,212441.818831127573503,78300.000000000000000,,171000.000000000000000,1800.000000000000000,900.000000000000000,,167400.000000000000000,169200.000000000000000,,150300.000000000000000,,,,,,20175,SEWARD
338715,373157,2017500039980002001,59067.533650787932856,900.000000000000000,900.000000000000000,,1800.000000000000000,900.000000000000000,,,,,,900.000000000000000,900.000000000000000,1800.000000000000000,3136.000000000000000,,20175,SEWARD
338716,373158,2017500003900002003,26444.909529463315266,25200.000000000000000,,,26100.000000000000000,26100.000000000000000,,,,,,1800.000000000000000,1800.000000000000000,,,6272.000000000000000,20175,SEWARD
338717,373159,2017500004280001005,332428.008844136318658,10800.000000000000000,265500.000000000000000,134100.000000000000000,18000.000000000000000,281700.000000000000000,286200.000000000000000,258300.000000000000000,258300.000000000000000,,268200.000000000000000,275400.000000000000000,273600.000000000000000,263700.000000000000000,310464.000000000000000,94080.000000000000000,20175,SEWARD
338718,373160,2017500003240005014,484190.937354912166484,,,,2700.000000000000000,126000.000000000000000,,,5400.000000000000000,,,,,,,,20175,SEWARD
338719,373161,2017500003720001001,268422.219843551341910,,8100.000000000000000,,,,,,,1800.000000000000000,11700.000000000000000,6300.000000000000000,2700.000000000000000,5400.000000000000000,,,20175,SEWARD
338720,373162,2017500007410010001,28954.167060967833095,2700.000000000000000,,,,,,,1800.000000000000000,,,3600.000000000000000,,,,,20175,SEWARD
338721,373163,2017500010000001002,326783.452146147028543,215100.000000000000000,,,297000.000000000000000,1800.000000000000000,,,,,32400.000000000000000,,,15300.000000000000000,,,20175,SEWARD
338722,373164,2017500006610002005,4963.151912171085314,900.000000000000000,900.000000000000000,,,,,,,,,1800.000000000000000,,,,,20175,SEWARD
338723,373165,2017500040990003014,66461.246025586166070,,2700.000000000000000,900.000000000000000,13500.000000000000000,,,,900.000000000000000,,2700.000000000000000,,,1800.000000000000000,,,20175,SEWARD
338724,373166,2017500007620001001,147690.856667170737637,54900.000000000000000,33300.000000000000000,4500.000000000000000,24300.000000000000000,58500.000000000000000,41400.000000000000000,,45000.000000000000000,42300.000000000000000,8100.000000000000000,11700.000000000000000,13500.000000000000000,36000.000000000000000,,12544.000000000000000,20175,SEWARD
338725,373167,2017500041620002004,493122.911390638677403,2700.000000000000000,339300.000000000000000,2700.000000000000000,,,,,900.000000000000000,,,438300.000000000000000,,900.000000000000000,12544.000000000000000,,20175,SEWARD
338726,373168,2017500003720001002,1335182.873542751185596,1317600.000000000000000,1323900.000000000000000,975600.000000000000000,969300.000000000000000,960300.000000000000000,973800.000000000000000,981900.000000000000000,979200.000000000000000,975600.000000000000000,1305000.000000000000000,1296900.000000000000000,958500.000000000000000,981000.000000000000000,1219904.000000000000000,1257536.000000000000000,20175,SEWARD
338727,373169,2017500009050001010,35331.404250087463879,25200.000000000000000,21600.000000000000000,,11700.000000000000000,4500.000000000000000,900.000000000000000,,900.000000000000000,,,2700.000000000000000,,,,,20175,SEWARD
338728,373170,2017500033750001003,391015.090846362523735,391500.000000000000000,35100.000000000000000,388800.000000000000000,2700.000000000000000,387900.000000000000000,384300.000000000000000,13500.000000000000000,385200.000000000000000,,387900.000000000000000,,387900.000000000000000,,376320.000000000000000,,20175,SEWARD
338729,373171,2017500039740002001,510490.120020358357579,504000.000000000000000,,,4500.000000000000000,505800.000000000000000,,,505800.000000000000000,,504900.000000000000000,487800.000000000000000,2700.000000000000000,,495488.000000000000000,,20175,SEWARD
338730,373172,2017500034460001003,31170.211677439448977,1800.000000000000000,5400.000000000000000,9000.000000000000000,9000.000000000000000,,,,6300.000000000000000,1800.000000000000000,,,,,,6272.000000000000000,20175,SEWARD
338731,373173,2017500003480001005,28483.292017246327305,6300.000000000000000,18900.000000000000000,13500.000000000000000,31500.000000000000000,1800.000000000000000,,,,4500.000000000000000,1800.000000000000000,,,,,3136.000000000000000,20175,SEWARD
338732,373174,2017500040740012001,30053.625414506481320,,2700.000000000000000,,2700.000000000000000,,,2700.000000000000000,900.000000000000000,,3600.000000000000000,3600.000000000000000,900.000000000000000,900.000000000000000,,,20175,SEWARD
338733,373175,2017500008120002007,20653.498304738248407,,6300.000000000000000,4500.000000000000000,6300.000000000000000,11700.000000000000000,9000.000000000000000,3600.000000000000000,5400.000000000000000,12600.000000000000000,8100.000000000000000,9000.000000000000000,14400.000000000000000,10800.000000000000000,,6272.000000000000000,20175,SEWARD
338734,373176,2017500033380001004,509183.615859617071692,502200.000000000000000,497700.000000000000000,467100.000000000000000,501300.000000000000000,490500.000000000000000,479700.000000000000000,495900.000000000000000,498600.000000000000000,504900.000000000000000,455400.000000000000000,18900.000000000000000,4500.000000000000000,,,3136.000000000000000,20175,SEWARD
338735,373177,2017500041590002001,40315.974181099591078,1800.000000000000000,1800.000000000000000,1800.000000000000000,,1800.000000000000000,,,,900.000000000000000,9000.000000000000000,3600.000000000000000,,,,3136.000000000000000,20175,SEWARD
338736,373178,2017500003210001002,666493.538735299720429,,4500.000000000000000,,900.000000000000000,900.000000000000000,,,900.000000000000000,,,,900.000000000000000,,,,20175,SEWARD
338737,373179,2017500038850005001,29439.587493084723974,1800.000000000000000,,,900.000000000000000,,1800.000000000000000,,,,1800.000000000000000,7200.000000000000000,,,,6272.000000000000000,20175,SEWARD
338738,373180,2017500040990002021,13261.631663897378530,,,,,,,,,,1800.000000000000000,,,,,,20175,SEWARD
338739,373181,2017500006350001003,196941.028031050838763,139500.000000000000000,136800.000000000000000,109800.000000000000000,154800.000000000000000,102600.000000000000000,82800.000000000000000,83700.000000000000000,113400.000000000000000,47700.000000000000000,7200.000000000000000,18000.000000000000000,10800.000000000000000,140400.000000000000000,3136.000000000000000,,20175,SEWARD
338740,373182,2017500040610001001,64612.872252982531791,2700.000000000000000,4500.000000000000000,900.000000000000000,,4500.000000000000000,,1800.000000000000000,,7200.000000000000000,900.000000000000000,12600.000000000000000,,9000.000000000000000,6272.000000000000000,9408.000000000000000,20175,SEWARD
338741,373183,2017500033320003001,502302.578603013651446,498600.000000000000000,495900.000000000000000,494100.000000000000000,488700.000000000000000,484200.000000000000000,467100.000000000000000,486900.000000000000000,483300.000000000000000,494100.000000000000000,495000.000000000000000,483300.000000000000000,490500.000000000000000,,476672.000000000000000,50176.000000000000000,20175,SEWARD
338742,373184,2017500002470004004,31284.193400069856580,4500.000000000000000,19800.000000000000000,27000.000000000000000,900.000000000000000,9900.000000000000000,25200.000000000000000,1800.000000000000000,8100.000000000000000,,900.000000000000000,8100.000000000000000,,,6272.000000000000000,18816.000000000000000,20175,SEWARD
338743,373185,2017500037520001001,506981.257271773647517,505800.000000000000000,498600.000000000000000,4500.000000000000000,500400.000000000000000,483300.000000000000000,495900.000000000000000,497700.000000000000000,495000.000000000000000,498600.000000000000000,499500.000000000000000,488700.000000000000000,498600.000000000000000,494100.000000000000000,492352.000000000000000,482944.000000000000000,20175,SEWARD
338744,373186,2017500001740001002,32219.594607391489262,4500.000000000000000,6300.000000000000000,900.000000000000000,9000.000000000000000,,,,,5400.000000000000000,900.000000000000000,,,2700.000000000000000,,,20175,SEWARD
338745,373187,2017500004010001004,31385.313419214329770,4500.000000000000000,9000.000000000000000,900.000000000000000,15300.000000000000000,,,,,,,3600.000000000000000,,,,9408.000000000000000,20175,SEWARD
338746,373188,2017500003780001007,29759.494101849835715,,18900.000000000000000,,,,,,,,,,,2700.000000000000000,3136.000000000000000,6272.000000000000000,20175,SEWARD
338747,373189,2017500009070001002,507118.556855100789107,495000.000000000000000,497700.000000000000000,,86400.000000000000000,900.000000000000000,,,491400.000000000000000,482400.000000000000000,,,496800.000000000000000,6300.000000000000000,,,20175,SEWARD
338748,373190,2017500042940001005,510263.913997487863526,275400.000000000000000,1800.000000000000000,,,,,,,,900.000000000000000,,,900.000000000000000,75264.000000000000000,,20175,SEWARD
338749,373191,2017500042820003001,8667.520803448058359,,,,,,,,,,,,,,,3136.000000000000000,20175,SEWARD
338750,373192,2017500038890002001,23604.482068021352461,4500.000000000000000,3600.000000000000000,2700.000000000000000,1800.000000000000000,,,,900.000000000000000,6300.000000000000000,1800.000000000000000,3600.000000000000000,900.000000000000000,7200.000000000000000,3136.000000000000000,6272.000000000000000,20175,SEWARD
338751,373193,2017500039030004001,135834.335337909404188,7200.000000000000000,7200.000000000000000,6300.000000000000000,9000.000000000000000,7200.000000000000000,4500.000000000000000,900.000000000000000,7200.000000000000000,1800.000000000000000,8100.000000000000000,3600.000000000000000,1800.000000000000000,900.000000000000000,15680.000000000000000,,20175,SEWARD
338752,373194,2017500040990002022,10034.326302763662170,,900.000000000000000,,,,,,,,,,,900.000000000000000,,,20175,SEWARD
338753,373195,2017500006750001007,30152.498313642336143,4500.000000000000000,12600.000000000000000,900.000000000000000,13500.000000000000000,1800.000000000000000,,,,,,9900.000000000000000,,12600.000000000000000,,,20175,SEWARD
338754,373196,2017500035510004020,42810.216994737173081,36000.000000000000000,,,36900.000000000000000,,,,,1800.000000000000000,900.000000000000000,1800.000000000000000,5400.000000000000000,7200.000000000000000,3136.000000000000000,6272.000000000000000,20175,SEWARD
338755,373197,2017500041900001003,207609.796660746738780,3600.000000000000000,21600.000000000000000,33300.000000000000000,,900.000000000000000,,,900.000000000000000,,,,900.000000000000000,,,,20175,SEWARD
338756,373198,2017500042490001001,633738.794271401129663,900.000000000000000,3600.000000000000000,5400.000000000000000,900.000000000000000,900.000000000000000,,,,,,2700.000000000000000,4500.000000000000000,900.000000000000000,,,20175,SEWARD
338757,373199,2017500001470006001,29027.091700506480265,,,,900.000000000000000,,,,,,,,,,,,20175,SEWARD
338758,373200,2017500041620001005,31514.580274609237676,,,,,,,,,,,,8100.000000000000000,,6272.000000000000000,,20175,SEWARD
338759,373201,2017500039820006001,25285.913813073893834,,,,,,,,,,,,,,,3136.000000000000000,20175,SEWARD
338760,373202,2017500037020001004,31908.362799022677791,,9000.000000000000000,,1800.000000000000000,,,,,,,,,,,3136.000000000000000,20175,SEWARD
338761,373203,2017500033610001004,32044.926033005103818,18000.000000000000000,14400.000000000000000,11700.000000000000000,20700.000000000000000,,,,,900.000000000000000,3600.000000000000000,,,1800.000000000000000,3136.000000000000000,15680.000000000000000,20175,SEWARD
338762,373204,2017500006260002001,625726.631126168416813,,,,,,,,,,,,,,,,20175,SEWARD
338763,373205,2017500039520004001,26182.698685441853740,,,,,900.000000000000000,,,1800.000000000000000,900.000000000000000,900.000000000000000,6300.000000000000000,5400.000000000000000,1800.000000000000000,3136.000000000000000,6272.000000000000000,20175,SEWARD
338764,373206,2017500002470004005,31616.572902842788608,900.000000000000000,19800.000000000000000,26100.000000000000000,,1800.000000000000000,26100.000000000000000,900.000000000000000,1800.000000000000000,,,,,,,,20175,SEWARD
338765,373207,2017500002460001006,485680.410475075070281,481500.000000000000000,486000.000000000000000,484200.000000000000000,476100.000000000000000,476100.000000000000000,485100.000000000000000,477900.000000000000000,483300.000000000000000,477900.000000000000000,477000.000000000000000,470700.000000000000000,479700.000000000000000,481500.000000000000000,,,20175,SEWARD
338766,373208,2017500002010001007,37925.141372410456825,,12600.000000000000000,,,,,,,,,900.000000000000000,900.000000000000000,4500.000000000000000,,,20175,SEWARD
338767,373209,2017500002950001008,36976.390343870123615,,6300.000000000000000,29700.000000000000000,1800.000000000000000,2700.000000000000000,10800.000000000000000,,900.000000000000000,900.000000000000000,4500.000000000000000,,900.000000000000000,2700.000000000000000,,,20175,SEWARD
338768,373210,2017500039250003001,74513.803804055773071,,,,,,,,,,,,,,,,20175,SEWARD
338769,373211,2017500035850001003,502613.691248156712390,269100.000000000000000,6300.000000000000000,,14400.000000000000000,78300.000000000000000,,,,72900.000000000000000,,,8100.000000000000000,,,197568.000000000000000,20175,SEWARD
338770,373212,2017500042460001004,518262.858051281422377,482400.000000000000000,11700.000000000000000,1800.000000000000000,360000.000000000000000,280800.000000000000000,,,,,,,1800.000000000000000,900.000000000000000,,18816.000000000000000,20175,SEWARD
338771,373213,2017500008100001002,113994.931386243304587,,,900.000000000000000,900.000000000000000,,,,,,,,900.000000000000000,,,,20175,SEWARD
338772,373214,2017500002700001001,639711.093622521031648,7200.000000000000000,,4500.000000000000000,,,,,,,,,,,,,20175,SEWARD
338773,373215,2017500004110008001,35201.651431928075908,,3600.000000000000000,,1800.000000000000000,,7200.000000000000000,,5400.000000000000000,,,12600.000000000000000,9900.000000000000000,,,3136.000000000000000,20175,SEWARD
338774,373216,2017500039820001003,518334.640052189002745,488700.000000000000000,490500.000000000000000,487800.000000000000000,494100.000000000000000,494100.000000000000000,495900.000000000000000,467100.000000000000000,485100.000000000000000,492300.000000000000000,501300.000000000000000,468000.000000000000000,900.000000000000000,1800.000000000000000,9408.000000000000000,12544.000000000000000,20175,SEWARD
338775,373217,2017500039620001001,495637.889845433586743,488700.000000000000000,16200.000000000000000,488700.000000000000000,900.000000000000000,492300.000000000000000,486000.000000000000000,486900.000000000000000,1800.000000000000000,,,472500.000000000000000,,17100.000000000000000,432768.000000000000000,,20175,SEWARD
338776,373218,2017500004710013002,497099.990442996320780,493200.000000000000000,491400.000000000000000,487800.000000000000000,33300.000000000000000,,477900.000000000000000,486000.000000000000000,8100.000000000000000,20700.000000000000000,4500.000000000000000,410400.000000000000000,490500.000000000000000,488700.000000000000000,492352.000000000000000,448448.000000000000000,20175,SEWARD
338778,373220,2017500008640001003,1273354.122230615466833,263700.000000000000000,,,109800.000000000000000,26100.000000000000000,900.000000000000000,,900.000000000000000,18000.000000000000000,,,6300.000000000000000,,,9408.000000000000000,20175,SEWARD
338779,373221,2017500035980001004,35463.406571321393130,3600.000000000000000,,,900.000000000000000,,,,,,,,,900.000000000000000,6272.000000000000000,,20175,SEWARD
338780,373222,2017500041570006001,34222.660522023252270,,1800.000000000000000,900.000000000000000,,,,,900.000000000000000,,900.000000000000000,,5400.000000000000000,6300.000000000000000,,12544.000000000000000,20175,SEWARD
338781,373223,2017500005060001009,508661.890364029386546,355500.000000000000000,507600.000000000000000,498600.000000000000000,,490500.000000000000000,463500.000000000000000,900.000000000000000,494100.000000000000000,492300.000000000000000,1800.000000000000000,495900.000000000000000,495900.000000000000000,494100.000000000000000,470400.000000000000000,,20175,SEWARD
338782,373224,2017500034420001004,468058.208438985340763,34200.000000000000000,433800.000000000000000,5400.000000000000000,5400.000000000000000,408600.000000000000000,,400500.000000000000000,,,210600.000000000000000,,,161100.000000000000000,410816.000000000000000,,20175,SEWARD
338783,373226,2017500006750001008,22628.859735282410838,6300.000000000000000,9000.000000000000000,,,900.000000000000000,,,,,2700.000000000000000,5400.000000000000000,2700.000000000000000,4500.000000000000000,,,20175,SEWARD
338784,373227,2017500038930003001,33052.302662078735011,23400.000000000000000,,,,7200.000000000000000,,,,,1800.000000000000000,,1800.000000000000000,11700.000000000000000,12544.000000000000000,15680.000000000000000,20175,SEWARD
338785,373228,2017500034100001013,30556.135402078482002,,,,,,,,1800.000000000000000,,,4500.000000000000000,900.000000000000000,,,9408.000000000000000,20175,SEWARD
338786,373229,2017500007110001002,515315.372563338605687,501300.000000000000000,504000.000000000000000,500400.000000000000000,496800.000000000000000,495900.000000000000000,,,492300.000000000000000,509400.000000000000000,483300.000000000000000,900.000000000000000,500400.000000000000000,1800.000000000000000,511168.000000000000000,,20175,SEWARD
338787,373230,2017500001150005001,35131.650705228770676,900.000000000000000,900.000000000000000,900.000000000000000,1800.000000000000000,1800.000000000000000,,1800.000000000000000,,,3600.000000000000000,2700.000000000000000,9000.000000000000000,2700.000000000000000,3136.000000000000000,9408.000000000000000,20175,SEWARD
338788,373231,2017500033300002001,499283.904643530666362,900.000000000000000,,,,1800.000000000000000,,122400.000000000000000,,498600.000000000000000,1800.000000000000000,494100.000000000000000,484200.000000000000000,495000.000000000000000,,492352.000000000000000,20175,SEWARD
338789,373232,2017500033380001005,24222.301929324061348,3600.000000000000000,,,1800.000000000000000,6300.000000000000000,,900.000000000000000,900.000000000000000,20700.000000000000000,1800.000000000000000,,,,3136.000000000000000,,20175,SEWARD
338790,373233,2017500006770001001,264704.644536986190360,217800.000000000000000,42300.000000000000000,14400.000000000000000,230400.000000000000000,74700.000000000000000,,,1800.000000000000000,,,900.000000000000000,,,,,20175,SEWARD
338791,373234,2017500040260008001,33486.653041247940564,5400.000000000000000,7200.000000000000000,,3600.000000000000000,3600.000000000000000,3600.000000000000000,1800.000000000000000,4500.000000000000000,1800.000000000000000,3600.000000000000000,9000.000000000000000,3600.000000000000000,9000.000000000000000,3136.000000000000000,,20175,SEWARD
338792,373235,2017500006950001003,101397.610121291188989,,,,,,,,,,,,,,,,20175,SEWARD
338793,373236,2017500008470007001,29993.768401138324407,3600.000000000000000,1800.000000000000000,900.000000000000000,900.000000000000000,,,,900.000000000000000,4500.000000000000000,,,9900.000000000000000,,9408.000000000000000,15680.000000000000000,20175,SEWARD
338794,373237,2017500003950001002,317422.224168398941401,96300.000000000000000,1800.000000000000000,,,900.000000000000000,,,,,,47700.000000000000000,,,,,20175,SEWARD
338795,373238,2017500006750001009,35703.772585803904803,3600.000000000000000,5400.000000000000000,12600.000000000000000,2700.000000000000000,,,,,,,7200.000000000000000,,3600.000000000000000,,,20175,SEWARD
338796,373239,2017500004870001003,25457.294074731991714,9900.000000000000000,17100.000000000000000,900.000000000000000,7200.000000000000000,,,,,4500.000000000000000,4500.000000000000000,5400.000000000000000,1800.000000000000000,4500.000000000000000,3136.000000000000000,9408.000000000000000,20175,SEWARD
338797,373240,2017500008590001001,632821.380619014264084,900.000000000000000,4500.000000000000000,1800.000000000000000,,2700.000000000000000,5400.000000000000000,,1800.000000000000000,393300.000000000000000,,,3600.000000000000000,,,,20175,SEWARD
338798,373241,2017500002180011001,61798.394926347900764,1800.000000000000000,34200.000000000000000,27900.000000000000000,36000.000000000000000,1800.000000000000000,,,900.000000000000000,,,2700.000000000000000,,,,,20175,SEWARD
338799,373242,2017500039830001001,27354.221800050570891,,,,,,,,,,3600.000000000000000,5400.000000000000000,4500.000000000000000,2700.000000000000000,,9408.000000000000000,20175,SEWARD
338800,373243,2017500006610002006,30944.960801479504880,,3600.000000000000000,,900.000000000000000,,,,,,,,,900.000000000000000,,,20175,SEWARD
338801,373244,2017500004110005001,27781.555756808877049,3600.000000000000000,2700.000000000000000,,,,,,,,,1800.000000000000000,1800.000000000000000,,,12544.000000000000000,20175,SEWARD
338802,373245,2017500004720001002,26734.511323873768561,900.000000000000000,900.000000000000000,,,900.000000000000000,,,,,,900.000000000000000,,,,,20175,SEWARD
338803,373246,2017500004710010002,122174.609505319924210,12600.000000000000000,110700.000000000000000,3600.000000000000000,102600.000000000000000,,,,1800.000000000000000,,,9000.000000000000000,21600.000000000000000,14400.000000000000000,,15680.000000000000000,20175,SEWARD
338804,373247,2017500009410005001,31539.795879488134233,3600.000000000000000,,1800.000000000000000,1800.000000000000000,5400.000000000000000,1800.000000000000000,3600.000000000000000,3600.000000000000000,900.000000000000000,10800.000000000000000,6300.000000000000000,6300.000000000000000,2700.000000000000000,,9408.000000000000000,20175,SEWARD
338805,373248,2017500040710004001,26919.780820819181827,3600.000000000000000,6300.000000000000000,4500.000000000000000,6300.000000000000000,6300.000000000000000,3600.000000000000000,3600.000000000000000,1800.000000000000000,6300.000000000000000,6300.000000000000000,9900.000000000000000,3600.000000000000000,7200.000000000000000,3136.000000000000000,18816.000000000000000,20175,SEWARD
338806,373249,2017500039560003001,30792.409060122612573,1800.000000000000000,3600.000000000000000,2700.000000000000000,2700.000000000000000,2700.000000000000000,1800.000000000000000,,2700.000000000000000,2700.000000000000000,,1800.000000000000000,6300.000000000000000,2700.000000000000000,6272.000000000000000,18816.000000000000000,20175,SEWARD
338807,373250,2017500038100001002,327757.638026666711085,294300.000000000000000,259200.000000000000000,17100.000000000000000,26100.000000000000000,,,,1800.000000000000000,1800.000000000000000,,9000.000000000000000,,25200.000000000000000,6272.000000000000000,,20175,SEWARD
338808,373251,2017500006080001001,311980.639950275071897,10800.000000000000000,2700.000000000000000,1800.000000000000000,900.000000000000000,2700.000000000000000,,3600.000000000000000,1800.000000000000000,4500.000000000000000,900.000000000000000,1800.000000000000000,8100.000000000000000,900.000000000000000,,,20175,SEWARD
338809,373252,2017500004230001003,119997.353806284561870,106200.000000000000000,,,118800.000000000000000,,1800.000000000000000,,,6300.000000000000000,2700.000000000000000,900.000000000000000,,5400.000000000000000,103488.000000000000000,,20175,SEWARD
338810,373253,2017500000090012001,4928.342640694991132,900.000000000000000,,,,,,,,,,900.000000000000000,,,,,20175,SEWARD
338811,373254,2017500039900002001,492101.248480165435467,484200.000000000000000,484200.000000000000000,900.000000000000000,483300.000000000000000,484200.000000000000000,473400.000000000000000,471600.000000000000000,475200.000000000000000,483300.000000000000000,481500.000000000000000,476100.000000000000000,484200.000000000000000,478800.000000000000000,464128.000000000000000,432768.000000000000000,20175,SEWARD
338812,373255,2017500041830001003,423516.055022174026817,69300.000000000000000,900.000000000000000,1800.000000000000000,900.000000000000000,,5400.000000000000000,,,900.000000000000000,3600.000000000000000,1800.000000000000000,900.000000000000000,,3136.000000000000000,6272.000000000000000,20175,SEWARD
338813,373256,2017500003560001003,27249.560879088436195,,18000.000000000000000,,,,,10800.000000000000000,,,,,,900.000000000000000,,9408.000000000000000,20175,SEWARD
338814,373257,2017500039480007001,9781.959116794323563,1800.000000000000000,,,,,,,1800.000000000000000,,,,,1800.000000000000000,,,20175,SEWARD
338815,373258,2017500002010001008,24631.954365270987182,900.000000000000000,21600.000000000000000,,,,,,,3600.000000000000000,900.000000000000000,3600.000000000000000,2700.000000000000000,3600.000000000000000,,6272.000000000000000,20175,SEWARD
338816,373259,2017500000940003001,366074.327105396543629,37800.000000000000000,,,1800.000000000000000,,2700.000000000000000,,,260100.000000000000000,,,,,,122304.000000000000000,20175,SEWARD
338817,373260,2017500034410002002,344493.494639021402691,291600.000000000000000,35100.000000000000000,14400.000000000000000,332100.000000000000000,275400.000000000000000,,270900.000000000000000,276300.000000000000000,150300.000000000000000,,66600.000000000000000,79200.000000000000000,60300.000000000000000,272832.000000000000000,81536.000000000000000,20175,SEWARD
338818,373261,2017500041920001007,31093.085909536472172,30600.000000000000000,26100.000000000000000,3600.000000000000000,9900.000000000000000,10800.000000000000000,,,4500.000000000000000,4500.000000000000000,,,900.000000000000000,21600.000000000000000,12544.000000000000000,9408.000000000000000,20175,SEWARD
338819,373262,2017500035970001003,280824.773433417314664,15300.000000000000000,241200.000000000000000,4500.000000000000000,255600.000000000000000,,218700.000000000000000,207900.000000000000000,226800.000000000000000,102600.000000000000000,220500.000000000000000,204300.000000000000000,4500.000000000000000,223200.000000000000000,188160.000000000000000,53312.000000000000000,20175,SEWARD
338820,373263,2017500003970001002,492313.132227250433061,4500.000000000000000,488700.000000000000000,,900.000000000000000,,486000.000000000000000,,481500.000000000000000,,467100.000000000000000,39600.000000000000000,43200.000000000000000,471600.000000000000000,18816.000000000000000,426496.000000000000000,20175,SEWARD
338821,373264,2017500003250001004,65066.971149974997388,900.000000000000000,6300.000000000000000,6300.000000000000000,1800.000000000000000,5400.000000000000000,900.000000000000000,900.000000000000000,900.000000000000000,7200.000000000000000,3600.000000000000000,900.000000000000000,4500.000000000000000,5400.000000000000000,,,20175,SEWARD
338822,373265,2017500000650004001,60007.936982636092580,1800.000000000000000,,,,,,900.000000000000000,900.000000000000000,,,,,,,,20175,SEWARD
338823,373266,2017500003250001005,513070.079224780667573,5400.000000000000000,480600.000000000000000,491400.000000000000000,505800.000000000000000,,,900.000000000000000,479700.000000000000000,3600.000000000000000,478800.000000000000000,483300.000000000000000,4500.000000000000000,482400.000000000000000,,448448.000000000000000,20175,SEWARD
338824,373267,2017500000160011001,27035.370120300874987,1800.000000000000000,2700.000000000000000,900.000000000000000,2700.000000000000000,1800.000000000000000,900.000000000000000,1800.000000000000000,,3600.000000000000000,,2700.000000000000000,900.000000000000000,2700.000000000000000,,12544.000000000000000,20175,SEWARD
338825,373268,2017500007320001001,626255.946788613684475,176400.000000000000000,256500.000000000000000,9900.000000000000000,115200.000000000000000,77400.000000000000000,4500.000000000000000,,,13500.000000000000000,,,,900.000000000000000,,,20175,SEWARD
338826,373269,2017500009230001005,34120.244336427465896,900.000000000000000,,1800.000000000000000,1800.000000000000000,,,,,,,,900.000000000000000,900.000000000000000,,,20175,SEWARD
338827,373270,2017500037840005001,139463.259559321479173,7200.000000000000000,8100.000000000000000,6300.000000000000000,9900.000000000000000,2700.000000000000000,3600.000000000000000,1800.000000000000000,2700.000000000000000,8100.000000000000000,900.000000000000000,4500.000000000000000,4500.000000000000000,6300.000000000000000,,,20175,SEWARD
338828,373271,2017500000160021001,29680.899474180387188,1800.000000000000000,,,900.000000000000000,3600.000000000000000,2700.000000000000000,3600.000000000000000,2700.000000000000000,900.000000000000000,4500.000000000000000,2700.000000000000000,8100.000000000000000,7200.000000000000000,,15680.000000000000000,20175,SEWARD
338829,373272,2017500008500001003,214705.217852115980349,,159300.000000000000000,,16200.000000000000000,159300.000000000000000,1800.000000000000000,,9000.000000000000000,,,97200.000000000000000,203400.000000000000000,,,,20175,SEWARD
338830,373273,2017500007610001001,503323.679544440063182,493200.000000000000000,81000.000000000000000,476100.000000000000000,496800.000000000000000,489600.000000000000000,,486000.000000000000000,60300.000000000000000,498600.000000000000000,490500.000000000000000,497700.000000000000000,484200.000000000000000,329400.000000000000000,3136.000000000000000,,20175,SEWARD
338831,373274,2017500004820003001,30564.516501430778590,,1800.000000000000000,,1800.000000000000000,,,,,,,,,,,,20175,SEWARD
338832,373275,2017500008440001003,702801.617550518829376,547200.000000000000000,,,28800.000000000000000,14400.000000000000000,,,2700.000000000000000,5400.000000000000000,8100.000000000000000,,,900.000000000000000,,,20175,SEWARD
338833,373276,2017500009710001004,233916.646499517199118,,42300.000000000000000,105300.000000000000000,1800.000000000000000,,,,,3600.000000000000000,,,2700.000000000000000,,,3136.000000000000000,20175,SEWARD
338834,373277,2017500008230002001,76006.981645103674964,8100.000000000000000,5400.000000000000000,3600.000000000000000,4500.000000000000000,4500.000000000000000,1800.000000000000000,4500.000000000000000,8100.000000000000000,8100.000000000000000,5400.000000000000000,18900.000000000000000,6300.000000000000000,4500.000000000000000,3136.000000000000000,12544.000000000000000,20175,SEWARD
338835,373278,2017500004190007001,34716.672019715420902,3600.000000000000000,4500.000000000000000,,5400.000000000000000,4500.000000000000000,1800.000000000000000,,3600.000000000000000,5400.000000000000000,3600.000000000000000,3600.000000000000000,7200.000000000000000,11700.000000000000000,21952.000000000000000,12544.000000000000000,20175,SEWARD
338836,373279,2017500034340001002,313024.695669925888069,8100.000000000000000,304200.000000000000000,2700.000000000000000,307800.000000000000000,3600.000000000000000,254700.000000000000000,27900.000000000000000,252000.000000000000000,149400.000000000000000,260100.000000000000000,7200.000000000000000,264600.000000000000000,308700.000000000000000,282240.000000000000000,72128.000000000000000,20175,SEWARD
338837,373280,2017500004360004001,32999.336701769090723,4500.000000000000000,6300.000000000000000,900.000000000000000,1800.000000000000000,900.000000000000000,,,900.000000000000000,4500.000000000000000,,11700.000000000000000,1800.000000000000000,4500.000000000000000,6272.000000000000000,12544.000000000000000,20175,SEWARD
338838,373281,2017500039910004001,29482.279469848581357,2700.000000000000000,2700.000000000000000,1800.000000000000000,4500.000000000000000,2700.000000000000000,,900.000000000000000,900.000000000000000,1800.000000000000000,,900.000000000000000,900.000000000000000,2700.000000000000000,6272.000000000000000,,20175,SEWARD
338839,373282,2017500034860001003,4542.482794719434423,,,,,900.000000000000000,,,,,,,,,,,20175,SEWARD
338841,373284,2017500040450004001,36344.296643771660456,2700.000000000000000,,,900.000000000000000,3600.000000000000000,,,,900.000000000000000,5400.000000000000000,,,900.000000000000000,,3136.000000000000000,20175,SEWARD
338842,373285,2017500005770001002,503261.592522064398509,,4500.000000000000000,,4500.000000000000000,9900.000000000000000,,,,14400.000000000000000,94500.000000000000000,900.000000000000000,19800.000000000000000,16200.000000000000000,,15680.000000000000000,20175,SEWARD
338843,373286,2017500042430001005,490019.013411857536994,480600.000000000000000,,459900.000000000000000,,467100.000000000000000,427500.000000000000000,,465300.000000000000000,,449100.000000000000000,,450900.000000000000000,,413952.000000000000000,,20175,SEWARD
338844,373287,2017500041820002003,28715.505126820484293,900.000000000000000,5400.000000000000000,2700.000000000000000,5400.000000000000000,4500.000000000000000,2700.000000000000000,2700.000000000000000,900.000000000000000,2700.000000000000000,10800.000000000000000,,,6300.000000000000000,3136.000000000000000,,20175,SEWARD
338845,373288,2017500035060001005,71511.793884479164262,67500.000000000000000,11700.000000000000000,70200.000000000000000,7200.000000000000000,62100.000000000000000,,66600.000000000000000,66600.000000000000000,,,70200.000000000000000,35100.000000000000000,5400.000000000000000,62720.000000000000000,65856.000000000000000,20175,SEWARD
338846,373289,2017500042360001002,485363.074490035418421,,,,,900.000000000000000,,56700.000000000000000,71100.000000000000000,,,264600.000000000000000,17100.000000000000000,,,,20175,SEWARD
338847,373290,2017500009110002001,30757.774883686364774,6300.000000000000000,1800.000000000000000,,7200.000000000000000,7200.000000000000000,1800.000000000000000,1800.000000000000000,6300.000000000000000,4500.000000000000000,5400.000000000000000,11700.000000000000000,9900.000000000000000,6300.000000000000000,3136.000000000000000,,20175,SEWARD
338848,373291,2017500042350002001,30255.390821043125470,,,,,,,,,,,,,,,,20175,SEWARD
338849,373292,2017500039820013001,34831.155863046631566,7200.000000000000000,2700.000000000000000,5400.000000000000000,4500.000000000000000,4500.000000000000000,11700.000000000000000,7200.000000000000000,4500.000000000000000,,4500.000000000000000,11700.000000000000000,4500.000000000000000,9000.000000000000000,,21952.000000000000000,20175,SEWARD
338850,373293,2017500035510004021,439057.232423620531335,424800.000000000000000,900.000000000000000,423900.000000000000000,,423900.000000000000000,,407700.000000000000000,1800.000000000000000,423900.000000000000000,,,,,392000.000000000000000,,20175,SEWARD
338851,373294,2017500040720011001,603919.176718062488362,546300.000000000000000,14400.000000000000000,9000.000000000000000,506700.000000000000000,,,,900.000000000000000,,,1800.000000000000000,,1800.000000000000000,,9408.000000000000000,20175,SEWARD
338852,373295,2017500002070001004,30993.279535314904933,13500.000000000000000,13500.000000000000000,6300.000000000000000,22500.000000000000000,1800.000000000000000,,,,4500.000000000000000,,900.000000000000000,,900.000000000000000,,,20175,SEWARD
338853,373296,2017500000920003002,163148.227065491955727,900.000000000000000,,,,,,,900.000000000000000,,1800.000000000000000,113400.000000000000000,16200.000000000000000,1800.000000000000000,,,20175,SEWARD
338854,373297,2017500033660001004,505779.442230601387564,502200.000000000000000,502200.000000000000000,491400.000000000000000,493200.000000000000000,1800.000000000000000,498600.000000000000000,466200.000000000000000,494100.000000000000000,487800.000000000000000,474300.000000000000000,486900.000000000000000,487800.000000000000000,,,97216.000000000000000,20175,SEWARD
338855,373298,2017500009690006001,26083.791962302195316,2700.000000000000000,900.000000000000000,,,1800.000000000000000,,,,1800.000000000000000,1800.000000000000000,,,900.000000000000000,3136.000000000000000,,20175,SEWARD
338856,373299,2017500009000003004,31570.201861438155902,900.000000000000000,,,,1800.000000000000000,900.000000000000000,900.000000000000000,,,5400.000000000000000,1800.000000000000000,900.000000000000000,3600.000000000000000,3136.000000000000000,,20175,SEWARD
338857,373300,2017500007770001003,78649.578377442099736,2700.000000000000000,,2700.000000000000000,21600.000000000000000,,6300.000000000000000,,3600.000000000000000,9900.000000000000000,2700.000000000000000,,,,,28224.000000000000000,20175,SEWARD
338858,373301,2017500042350001002,268906.687181993213017,900.000000000000000,126900.000000000000000,126900.000000000000000,129600.000000000000000,123300.000000000000000,121500.000000000000000,125100.000000000000000,117900.000000000000000,2700.000000000000000,,250200.000000000000000,,100800.000000000000000,181888.000000000000000,,20175,SEWARD
338859,373302,2017500007270002004,92483.129261069800123,83700.000000000000000,78300.000000000000000,63900.000000000000000,,,,,1800.000000000000000,,900.000000000000000,31500.000000000000000,43200.000000000000000,,53312.000000000000000,59584.000000000000000,20175,SEWARD
338860,373303,2017500003610006001,29081.325075121723785,900.000000000000000,4500.000000000000000,,1800.000000000000000,,,,5400.000000000000000,,900.000000000000000,9000.000000000000000,,2700.000000000000000,,,20175,SEWARD
338861,373304,2017500005510001005,135735.537349715683376,,1800.000000000000000,11700.000000000000000,,,,,,10800.000000000000000,,,61200.000000000000000,,,,20175,SEWARD
338862,373305,2017500004330023001,17278.251706707829726,900.000000000000000,,900.000000000000000,900.000000000000000,1800.000000000000000,,,,,,,,,,,20175,SEWARD
338863,373306,2017500007580001012,50194.605652189027751,8100.000000000000000,2700.000000000000000,,46800.000000000000000,900.000000000000000,,1800.000000000000000,,1800.000000000000000,1800.000000000000000,6300.000000000000000,,2700.000000000000000,,,20175,SEWARD
338864,373307,2017500000200001008,25797.758755790942814,,20700.000000000000000,,,3600.000000000000000,,,900.000000000000000,,1800.000000000000000,3600.000000000000000,1800.000000000000000,2700.000000000000000,,,20175,SEWARD
338865,373308,2017500038930002001,30449.594157216957683,4500.000000000000000,1800.000000000000000,1800.000000000000000,,,,,900.000000000000000,,4500.000000000000000,,2700.000000000000000,3600.000000000000000,,9408.000000000000000,20175,SEWARD
338866,373309,2017500040060003001,36200.304123739842908,,8100.000000000000000,,,5400.000000000000000,,900.000000000000000,,,,,,,,,20175,SEWARD
338867,373310,2017500034430001002,1028671.360913332551718,1019700.000000000000000,1003500.000000000000000,1002600.000000000000000,1016100.000000000000000,1013400.000000000000000,1008000.000000000000000,1010700.000000000000000,1003500.000000000000000,1021500.000000000000000,970200.000000000000000,993600.000000000000000,1007100.000000000000000,1015200.000000000000000,947072.000000000000000,56448.000000000000000,20175,SEWARD
338868,373312,2017500008420001001,341249.484239489829633,,,,20700.000000000000000,,277200.000000000000000,2700.000000000000000,307800.000000000000000,227700.000000000000000,318600.000000000000000,3600.000000000000000,,152100.000000000000000,,,20175,SEWARD
338869,373313,2017500037490002001,197895.872354684252059,9900.000000000000000,,,,,,,,900.000000000000000,,,,,,,20175,SEWARD
338870,373314,2017500040420001001,506577.768300482304767,900.000000000000000,3600.000000000000000,,9000.000000000000000,498600.000000000000000,498600.000000000000000,,2700.000000000000000,14400.000000000000000,495900.000000000000000,26100.000000000000000,500400.000000000000000,11700.000000000000000,495488.000000000000000,15680.000000000000000,20175,SEWARD
338871,373315,2017500041770002010,33373.398136297175370,,900.000000000000000,900.000000000000000,,,,,,,,900.000000000000000,,,,,20175,SEWARD
338872,373316,2017500005060002002,88193.263771126075881,1800.000000000000000,39600.000000000000000,2700.000000000000000,3600.000000000000000,,,900.000000000000000,4500.000000000000000,1800.000000000000000,6300.000000000000000,,8100.000000000000000,,3136.000000000000000,28224.000000000000000,20175,SEWARD
338873,373317,2017500039650004001,28443.752686148476641,3600.000000000000000,3600.000000000000000,,4500.000000000000000,3600.000000000000000,2700.000000000000000,,,900.000000000000000,1800.000000000000000,2700.000000000000000,,900.000000000000000,,,20175,SEWARD
338874,373318,2017500034100001015,26825.146084238313051,,1800.000000000000000,,,900.000000000000000,,,,4500.000000000000000,,,,3600.000000000000000,,,20175,SEWARD
338875,373319,2017500001630001001,1244511.753555968170986,,900.000000000000000,,,,,,,,,,,,,,20175,SEWARD
338876,373320,2017500036940008001,225879.366364643676206,,900.000000000000000,,,,,,,,,,,,,,20175,SEWARD
338877,373321,2017500006090001003,373943.466375589428935,52200.000000000000000,45000.000000000000000,10800.000000000000000,307800.000000000000000,900.000000000000000,,,,2700.000000000000000,900.000000000000000,900.000000000000000,,,,,20175,SEWARD
338878,373322,2017500001230002001,261758.374915123771643,,,,,,,900.000000000000000,,,,,13500.000000000000000,,,,20175,SEWARD
338879,373323,2017500042840003002,320103.205743558995891,,,,,,,,,,,,,,,,20175,SEWARD
338880,373324,2017500000750004001,332097.808828446897678,,,,,,,,,,,,,,,,20175,SEWARD
338881,373325,2017500040940002001,32680.430537815886055,,9000.000000000000000,900.000000000000000,,,900.000000000000000,,2700.000000000000000,5400.000000000000000,900.000000000000000,,,900.000000000000000,,,20175,SEWARD
338882,373326,2017500006750001010,39090.349363157845801,4500.000000000000000,8100.000000000000000,5400.000000000000000,12600.000000000000000,1800.000000000000000,,,,,900.000000000000000,14400.000000000000000,,15300.000000000000000,,,20175,SEWARD
338883,373327,2017500039200002001,146152.505155362567166,4500.000000000000000,10800.000000000000000,,16200.000000000000000,,4500.000000000000000,,13500.000000000000000,,10800.000000000000000,,18000.000000000000000,,,,20175,SEWARD
338884,373328,2017500002620001004,36388.386262931489910,21600.000000000000000,,,,4500.000000000000000,900.000000000000000,,,13500.000000000000000,8100.000000000000000,900.000000000000000,2700.000000000000000,6300.000000000000000,6272.000000000000000,,20175,SEWARD
338885,373329,2017500002680006001,135927.153831190342316,106200.000000000000000,108900.000000000000000,106200.000000000000000,113400.000000000000000,99900.000000000000000,104400.000000000000000,99000.000000000000000,99000.000000000000000,104400.000000000000000,107100.000000000000000,126900.000000000000000,127800.000000000000000,130500.000000000000000,131712.000000000000000,125440.000000000000000,20175,SEWARD
338886,373330,2017500009690007001,54200.532937457668595,6300.000000000000000,900.000000000000000,,2700.000000000000000,1800.000000000000000,,900.000000000000000,900.000000000000000,1800.000000000000000,,6300.000000000000000,7200.000000000000000,900.000000000000000,,3136.000000000000000,20175,SEWARD
338887,373331,2017500035100001001,822602.973105799057521,3600.000000000000000,2700.000000000000000,,,900.000000000000000,,,11700.000000000000000,,,17100.000000000000000,900.000000000000000,,,,20175,SEWARD
338888,373332,2017500003240005016,19661.109289964875643,,,,,,,900.000000000000000,,,,,,900.000000000000000,,6272.000000000000000,20175,SEWARD
338889,373333,2017500039300001001,518377.283482345170341,39600.000000000000000,6300.000000000000000,22500.000000000000000,,1800.000000000000000,900.000000000000000,,900.000000000000000,,199800.000000000000000,,,,210112.000000000000000,,20175,SEWARD
338890,373334,2017500006250003005,218231.995876121363835,2700.000000000000000,,,,19800.000000000000000,20700.000000000000000,,,,,,,,,,20175,SEWARD
338891,373335,2017500008690001015,30528.125010864445358,900.000000000000000,900.000000000000000,,8100.000000000000000,900.000000000000000,,,,4500.000000000000000,,8100.000000000000000,,5400.000000000000000,,9408.000000000000000,20175,SEWARD
338892,373336,2017500003320001003,689847.826326200622134,120600.000000000000000,55800.000000000000000,7200.000000000000000,149400.000000000000000,,,1800.000000000000000,3600.000000000000000,362700.000000000000000,159300.000000000000000,49500.000000000000000,494100.000000000000000,435600.000000000000000,,,20175,SEWARD
338893,373337,2017500041490003001,23319.941749730201991,900.000000000000000,4500.000000000000000,1800.000000000000000,1800.000000000000000,900.000000000000000,,,,900.000000000000000,,10800.000000000000000,3600.000000000000000,4500.000000000000000,3136.000000000000000,9408.000000000000000,20175,SEWARD
338894,373338,2017500009230002005,412780.498121020093095,1800.000000000000000,900.000000000000000,,2700.000000000000000,402300.000000000000000,,8100.000000000000000,,2700.000000000000000,,366300.000000000000000,397800.000000000000000,411300.000000000000000,12544.000000000000000,,20175,SEWARD
338895,373339,2017500006890001002,216361.988756021368317,81000.000000000000000,171000.000000000000000,,1800.000000000000000,9900.000000000000000,8100.000000000000000,,12600.000000000000000,,3600.000000000000000,3600.000000000000000,1800.000000000000000,9000.000000000000000,6272.000000000000000,,20175,SEWARD
338896,373340,2017500040530001001,274327.380147119343746,,,,,,,,,,,,,,,,20175,SEWARD
338897,373341,2017500000840001009,36492.867103972137556,18900.000000000000000,,1800.000000000000000,900.000000000000000,1800.000000000000000,,,,,1800.000000000000000,900.000000000000000,,,,3136.000000000000000,20175,SEWARD
338898,373342,2017500034940001001,623349.751231330214068,,900.000000000000000,,,,,,,,,,,,,,20175,SEWARD
338899,373343,2017500009290001001,860358.151013688999228,80100.000000000000000,9900.000000000000000,900.000000000000000,566100.000000000000000,36900.000000000000000,,4500.000000000000000,,,,9900.000000000000000,6300.000000000000000,8100.000000000000000,,,20175,SEWARD
338900,373344,2017500009190002001,404505.863703268696554,,,,,,,,,,,,,,,,20175,SEWARD
338901,373345,2017500003240005017,24267.139089859072556,,,,3600.000000000000000,,,,,,,,,,,,20175,SEWARD
338902,373346,2017500004120025001,38908.579681779461680,1800.000000000000000,3600.000000000000000,900.000000000000000,1800.000000000000000,,4500.000000000000000,,2700.000000000000000,,1800.000000000000000,2700.000000000000000,2700.000000000000000,900.000000000000000,,,20175,SEWARD
338903,373347,2017500033610001005,157444.166344197758008,132300.000000000000000,142200.000000000000000,129600.000000000000000,34200.000000000000000,116100.000000000000000,116100.000000000000000,105300.000000000000000,113400.000000000000000,116100.000000000000000,121500.000000000000000,119700.000000000000000,,,,,20175,SEWARD
338904,373348,2017500042430001006,492653.772907204926014,492300.000000000000000,900.000000000000000,477900.000000000000000,,297000.000000000000000,49500.000000000000000,,72000.000000000000000,,469800.000000000000000,,481500.000000000000000,,445312.000000000000000,,20175,SEWARD
338905,373349,2017500040800001002,170634.171494723355863,,155700.000000000000000,,,1800.000000000000000,,,,,,7200.000000000000000,,,,,20175,SEWARD
338906,373350,2017500042190001001,580996.875284830457531,505800.000000000000000,10800.000000000000000,29700.000000000000000,556200.000000000000000,546300.000000000000000,524700.000000000000000,542700.000000000000000,530100.000000000000000,543600.000000000000000,526500.000000000000000,525600.000000000000000,521100.000000000000000,527400.000000000000000,495488.000000000000000,479808.000000000000000,20175,SEWARD
338907,373351,2017500009630001001,164026.401668402104406,900.000000000000000,1800.000000000000000,,2700.000000000000000,14400.000000000000000,6300.000000000000000,,8100.000000000000000,16200.000000000000000,4500.000000000000000,900.000000000000000,,1800.000000000000000,,,20175,SEWARD
338908,373352,2017500005770001003,330687.877246725314762,,,900.000000000000000,37800.000000000000000,11700.000000000000000,,,,900.000000000000000,16200.000000000000000,,109800.000000000000000,,,,20175,SEWARD
338909,373353,2017500041330001001,26500.180388158893038,,,,,,,,,,,,,,,,20175,SEWARD
338910,373354,2017500009220001013,64040.957534966364619,900.000000000000000,1800.000000000000000,1800.000000000000000,63900.000000000000000,1800.000000000000000,5400.000000000000000,1800.000000000000000,,900.000000000000000,900.000000000000000,900.000000000000000,4500.000000000000000,8100.000000000000000,3136.000000000000000,3136.000000000000000,20175,SEWARD
338911,373355,2017500033200001004,235103.508891699893866,228600.000000000000000,67500.000000000000000,225900.000000000000000,,235800.000000000000000,,220500.000000000000000,,232200.000000000000000,,208800.000000000000000,231300.000000000000000,14400.000000000000000,188160.000000000000000,3136.000000000000000,20175,SEWARD
338912,373356,2017500004090001007,110776.288185949495528,5400.000000000000000,18000.000000000000000,8100.000000000000000,16200.000000000000000,3600.000000000000000,1800.000000000000000,900.000000000000000,7200.000000000000000,12600.000000000000000,11700.000000000000000,15300.000000000000000,9900.000000000000000,16200.000000000000000,,15680.000000000000000,20175,SEWARD
338913,373357,2017500004230003005,29484.810011533099896,900.000000000000000,,,25200.000000000000000,,,,,,,,,,,9408.000000000000000,20175,SEWARD
338914,373358,2017500004880001004,509326.373422508768272,500400.000000000000000,494100.000000000000000,484200.000000000000000,497700.000000000000000,501300.000000000000000,485100.000000000000000,481500.000000000000000,484200.000000000000000,506700.000000000000000,498600.000000000000000,492300.000000000000000,497700.000000000000000,503100.000000000000000,476672.000000000000000,467264.000000000000000,20175,SEWARD
338915,373359,2017500035840006001,35554.072705463317106,2700.000000000000000,1800.000000000000000,,,900.000000000000000,900.000000000000000,1800.000000000000000,1800.000000000000000,900.000000000000000,900.000000000000000,11700.000000000000000,10800.000000000000000,2700.000000000000000,,15680.000000000000000,20175,SEWARD
338916,373360,2017500008750001001,325861.425794391543604,,,,900.000000000000000,,,,,,,1800.000000000000000,900.000000000000000,,,,20175,SEWARD
338917,373361,2017500033310001002,1463012.082768770400435,22500.000000000000000,27900.000000000000000,9000.000000000000000,634500.000000000000000,288900.000000000000000,900.000000000000000,54900.000000000000000,,,,619200.000000000000000,643500.000000000000000,974700.000000000000000,451584.000000000000000,997248.000000000000000,20175,SEWARD
338918,373362,2017500007170001002,712167.841683522216044,42300.000000000000000,1800.000000000000000,4500.000000000000000,57600.000000000000000,,,,,,900.000000000000000,,,5400.000000000000000,,9408.000000000000000,20175,SEWARD
338919,373363,2017500006890001003,201735.556978577747941,163800.000000000000000,900.000000000000000,,138600.000000000000000,,63000.000000000000000,,,39600.000000000000000,4500.000000000000000,,9900.000000000000000,,,21952.000000000000000,20175,SEWARD
338920,373364,2017500036340002001,7225.429827049480991,,,,,,,,,,,,,,,,20175,SEWARD
338921,373365,2017500004880001005,35604.030030666654056,6300.000000000000000,5400.000000000000000,3600.000000000000000,5400.000000000000000,1800.000000000000000,900.000000000000000,900.000000000000000,900.000000000000000,13500.000000000000000,1800.000000000000000,4500.000000000000000,3600.000000000000000,6300.000000000000000,3136.000000000000000,6272.000000000000000,20175,SEWARD
338922,373366,2017500037640004001,34796.261361014323484,,,,,,,,,,,,,,,,20175,SEWARD
338923,373367,2017500000040001005,37767.171888934579329,,,5400.000000000000000,3600.000000000000000,,1800.000000000000000,,900.000000000000000,900.000000000000000,,900.000000000000000,4500.000000000000000,900.000000000000000,3136.000000000000000,9408.000000000000000,20175,SEWARD
338924,373368,2017500035900002001,47859.374813298243680,11700.000000000000000,7200.000000000000000,900.000000000000000,,900.000000000000000,25200.000000000000000,,5400.000000000000000,,6300.000000000000000,900.000000000000000,19800.000000000000000,2700.000000000000000,31360.000000000000000,9408.000000000000000,20175,SEWARD
338925,373369,2017500001620001006,36030.074585641668818,23400.000000000000000,21600.000000000000000,,,,,,900.000000000000000,,900.000000000000000,,7200.000000000000000,9900.000000000000000,6272.000000000000000,12544.000000000000000,20175,SEWARD
338926,373370,2017500034430001003,97802.149674428001163,3600.000000000000000,,,1800.000000000000000,,,900.000000000000000,,13500.000000000000000,,900.000000000000000,,900.000000000000000,,,20175,SEWARD
338927,373371,2017500037940001001,870859.505302265053615,68400.000000000000000,10800.000000000000000,810900.000000000000000,124200.000000000000000,781200.000000000000000,549900.000000000000000,420300.000000000000000,450900.000000000000000,859500.000000000000000,853200.000000000000000,756000.000000000000000,846900.000000000000000,817200.000000000000000,774592.000000000000000,727552.000000000000000,20175,SEWARD
338928,373372,2017500002950001009,38131.662166166701354,900.000000000000000,6300.000000000000000,34200.000000000000000,,900.000000000000000,1800.000000000000000,,,900.000000000000000,1800.000000000000000,3600.000000000000000,1800.000000000000000,,,12544.000000000000000,20175,SEWARD
338929,373373,2017500040260006001,26592.360459300383809,1800.000000000000000,900.000000000000000,900.000000000000000,1800.000000000000000,900.000000000000000,900.000000000000000,,2700.000000000000000,2700.000000000000000,3600.000000000000000,2700.000000000000000,5400.000000000000000,6300.000000000000000,3136.000000000000000,12544.000000000000000,20175,SEWARD
338930,373374,2017500036220004001,35739.018225035011710,,4500.000000000000000,3600.000000000000000,,,8100.000000000000000,900.000000000000000,,,5400.000000000000000,10800.000000000000000,9900.000000000000000,,,6272.000000000000000,20175,SEWARD
338931,373375,2017500000540003005,509110.058813741430640,503100.000000000000000,499500.000000000000000,,,500400.000000000000000,503100.000000000000000,,,498600.000000000000000,486900.000000000000000,,,,489216.000000000000000,454720.000000000000000,20175,SEWARD
338932,373376,2017500037020001005,33365.108582472486887,,3600.000000000000000,,2700.000000000000000,,,,1800.000000000000000,,3600.000000000000000,,,900.000000000000000,,,20175,SEWARD
338933,373377,2017500004230001004,983752.331319657154381,478800.000000000000000,490500.000000000000000,449100.000000000000000,480600.000000000000000,457200.000000000000000,489600.000000000000000,,452700.000000000000000,474300.000000000000000,931500.000000000000000,930600.000000000000000,941400.000000000000000,947700.000000000000000,884352.000000000000000,50176.000000000000000,20175,SEWARD
338934,373378,2017500002250003001,26942.966579255804390,1800.000000000000000,1800.000000000000000,,900.000000000000000,,1800.000000000000000,,900.000000000000000,,6300.000000000000000,,900.000000000000000,,,,20175,SEWARD
338935,373379,2017500003150001002,144276.687573766103014,1800.000000000000000,9000.000000000000000,2700.000000000000000,7200.000000000000000,,,,4500.000000000000000,,900.000000000000000,1800.000000000000000,,7200.000000000000000,,,20175,SEWARD
338936,373380,2017500007740002005,49261.914661365000939,8100.000000000000000,7200.000000000000000,,,6300.000000000000000,1800.000000000000000,,,9000.000000000000000,1800.000000000000000,900.000000000000000,,900.000000000000000,,,20175,SEWARD
338937,373381,2017500008650007001,26830.898383610463497,,,,,900.000000000000000,1800.000000000000000,,2700.000000000000000,,900.000000000000000,900.000000000000000,4500.000000000000000,900.000000000000000,9408.000000000000000,12544.000000000000000,20175,SEWARD
338938,373382,2017500033420002001,213345.688199889322277,6300.000000000000000,9900.000000000000000,3600.000000000000000,2700.000000000000000,,,,,,,36000.000000000000000,27900.000000000000000,900.000000000000000,,3136.000000000000000,20175,SEWARD
338939,373383,2017500003480001006,243934.580074027238879,13500.000000000000000,240300.000000000000000,25200.000000000000000,69300.000000000000000,,,,,231300.000000000000000,154800.000000000000000,,,,191296.000000000000000,103488.000000000000000,20175,SEWARD
338940,373384,2017500042030001008,103600.770165675974567,15300.000000000000000,2700.000000000000000,1800.000000000000000,73800.000000000000000,900.000000000000000,900.000000000000000,,900.000000000000000,,4500.000000000000000,900.000000000000000,4500.000000000000000,900.000000000000000,,40768.000000000000000,20175,SEWARD
338941,373385,2017500007450001003,193114.254135208961088,,184500.000000000000000,1800.000000000000000,,8100.000000000000000,46800.000000000000000,,,141300.000000000000000,3600.000000000000000,1800.000000000000000,,18000.000000000000000,,,20175,SEWARD
338942,373386,2017500038420006001,61810.631696933720377,,1800.000000000000000,,,1800.000000000000000,,,,900.000000000000000,,1800.000000000000000,1800.000000000000000,3600.000000000000000,,,20175,SEWARD
338943,373387,2017500040990001005,7606.274156535823749,,,900.000000000000000,900.000000000000000,2700.000000000000000,,,,900.000000000000000,,2700.000000000000000,,1800.000000000000000,,,20175,SEWARD
338944,373388,2017500036500001004,33393.258083138658549,,900.000000000000000,,,,,,,,,3600.000000000000000,,5400.000000000000000,,,20175,SEWARD
338945,373389,2017500005290001005,23971.717981267298455,2700.000000000000000,900.000000000000000,,,,,,,,4500.000000000000000,900.000000000000000,,1800.000000000000000,,,20175,SEWARD
338946,373390,2017500011450002001,126537.635818797702086,,,,,,,,,,,,900.000000000000000,,,,20175,SEWARD
338947,373391,2017500040130003001,21765.107726885151351,,2700.000000000000000,,,,2700.000000000000000,,4500.000000000000000,,2700.000000000000000,900.000000000000000,1800.000000000000000,,3136.000000000000000,,20175,SEWARD
338948,373392,2017500040060007001,10915.103955029215285,900.000000000000000,,,,1800.000000000000000,,,,,,,,,,,20175,SEWARD
338949,373393,2017500040640001020,27055.003906048630597,,6300.000000000000000,,5400.000000000000000,,900.000000000000000,,900.000000000000000,,900.000000000000000,,3600.000000000000000,3600.000000000000000,,,20175,SEWARD
338951,373395,2017500009590001003,152430.869412403146271,117000.000000000000000,900.000000000000000,1800.000000000000000,42300.000000000000000,106200.000000000000000,140400.000000000000000,,,,14400.000000000000000,28800.000000000000000,1800.000000000000000,9000.000000000000000,,,20175,SEWARD
338952,373396,2017500035060001006,30277.351259911298257,4500.000000000000000,9900.000000000000000,4500.000000000000000,24300.000000000000000,,,,,2700.000000000000000,,1800.000000000000000,,1800.000000000000000,,3136.000000000000000,20175,SEWARD
338953,373397,2017500035510004022,30680.023485432557209,,,900.000000000000000,,,7200.000000000000000,,,3600.000000000000000,,,1800.000000000000000,900.000000000000000,,,20175,SEWARD
338954,373398,2017500004870001004,30335.681092736893333,8100.000000000000000,22500.000000000000000,900.000000000000000,2700.000000000000000,1800.000000000000000,900.000000000000000,,,9000.000000000000000,7200.000000000000000,7200.000000000000000,1800.000000000000000,9900.000000000000000,,,20175,SEWARD
338955,373399,2017500002910001003,462459.613511169445701,40500.000000000000000,455400.000000000000000,189000.000000000000000,455400.000000000000000,104400.000000000000000,443700.000000000000000,31500.000000000000000,452700.000000000000000,254700.000000000000000,453600.000000000000000,96300.000000000000000,456300.000000000000000,18900.000000000000000,426496.000000000000000,37632.000000000000000,20175,SEWARD
338956,373400,2017500033660001005,34250.955784901540028,14400.000000000000000,32400.000000000000000,900.000000000000000,4500.000000000000000,4500.000000000000000,17100.000000000000000,,7200.000000000000000,,,900.000000000000000,1800.000000000000000,,,,20175,SEWARD
338957,373401,2017500039770002001,13525.363083164507771,,,,,,,,,,,,,,,,20175,SEWARD
338958,373402,2017500000790001001,625328.729779282119125,,,,900.000000000000000,900.000000000000000,900.000000000000000,,,1800.000000000000000,1800.000000000000000,900.000000000000000,,900.000000000000000,,,20175,SEWARD
338959,373403,2017500007580001013,489849.602929531014524,483300.000000000000000,6300.000000000000000,,485100.000000000000000,,482400.000000000000000,,483300.000000000000000,8100.000000000000000,,474300.000000000000000,,476100.000000000000000,,417088.000000000000000,20175,SEWARD
338960,373404,2017500004120001002,508102.101554976019543,502200.000000000000000,55800.000000000000000,281700.000000000000000,172800.000000000000000,486900.000000000000000,,477000.000000000000000,,474300.000000000000000,169200.000000000000000,15300.000000000000000,1800.000000000000000,489600.000000000000000,31360.000000000000000,486080.000000000000000,20175,SEWARD
338961,373405,2017500038190001001,357211.913604994886555,15300.000000000000000,5400.000000000000000,,,9000.000000000000000,1800.000000000000000,21600.000000000000000,900.000000000000000,2700.000000000000000,7200.000000000000000,900.000000000000000,,900.000000000000000,,,20175,SEWARD
338962,373406,2017500009070001003,33279.558067765996384,,2700.000000000000000,,,,,,,2700.000000000000000,,,1800.000000000000000,900.000000000000000,,,20175,SEWARD
338963,373407,2017500010120001003,506795.459296360611916,42300.000000000000000,500400.000000000000000,,491400.000000000000000,11700.000000000000000,489600.000000000000000,,495000.000000000000000,496800.000000000000000,16200.000000000000000,492300.000000000000000,501300.000000000000000,503100.000000000000000,482944.000000000000000,,20175,SEWARD
338964,373408,2017500006240002001,146522.363098994275788,,1800.000000000000000,900.000000000000000,,,,,,,,,,,3136.000000000000000,3136.000000000000000,20175,SEWARD
338965,373409,2017500038660001003,114243.842178399834665,1800.000000000000000,,,19800.000000000000000,13500.000000000000000,3600.000000000000000,,,,,,,,,,20175,SEWARD
338966,373410,2017500040260002001,4439.271481154188223,900.000000000000000,900.000000000000000,900.000000000000000,900.000000000000000,900.000000000000000,,,900.000000000000000,,900.000000000000000,900.000000000000000,2700.000000000000000,900.000000000000000,3136.000000000000000,6272.000000000000000,20175,SEWARD
338967,373411,2017500040460004001,34802.714691813693207,9000.000000000000000,,5400.000000000000000,,2700.000000000000000,,2700.000000000000000,3600.000000000000000,6300.000000000000000,900.000000000000000,13500.000000000000000,2700.000000000000000,1800.000000000000000,18816.000000000000000,15680.000000000000000,20175,SEWARD
338968,373412,2017500004410002006,29364.579578148295695,1800.000000000000000,900.000000000000000,,6300.000000000000000,,,900.000000000000000,900.000000000000000,1800.000000000000000,2700.000000000000000,6300.000000000000000,,1800.000000000000000,,18816.000000000000000,20175,SEWARD
338969,373413,2017500034100001016,31471.481153917964548,900.000000000000000,,,18900.000000000000000,900.000000000000000,,,,2700.000000000000000,,,2700.000000000000000,1800.000000000000000,,,20175,SEWARD
338970,373414,2017500007920005001,622833.504397576441988,64800.000000000000000,358200.000000000000000,2700.000000000000000,29700.000000000000000,17100.000000000000000,,,900.000000000000000,2700.000000000000000,2700.000000000000000,6300.000000000000000,12600.000000000000000,9900.000000000000000,6272.000000000000000,3136.000000000000000,20175,SEWARD
338971,373415,2017500034450001006,503017.723099913797341,9900.000000000000000,497700.000000000000000,461700.000000000000000,4500.000000000000000,472500.000000000000000,900.000000000000000,456300.000000000000000,,,403200.000000000000000,,,86400.000000000000000,448448.000000000000000,,20175,SEWARD
338972,373416,2017500000410001003,202440.951249989797361,134100.000000000000000,99000.000000000000000,,,900.000000000000000,,5400.000000000000000,3600.000000000000000,,,900.000000000000000,,,,9408.000000000000000,20175,SEWARD
338973,373417,2017500035510004023,28111.266781884587544,22500.000000000000000,,900.000000000000000,19800.000000000000000,,,,,1800.000000000000000,,,900.000000000000000,1800.000000000000000,,,20175,SEWARD
338974,373418,2017500041010001005,475991.002776131848805,900.000000000000000,470700.000000000000000,,,,,,,,450900.000000000000000,388800.000000000000000,441000.000000000000000,443700.000000000000000,395136.000000000000000,410816.000000000000000,20175,SEWARD
338975,373419,2017500002620001005,33829.090028506594535,22500.000000000000000,,,,9900.000000000000000,,,,12600.000000000000000,7200.000000000000000,900.000000000000000,7200.000000000000000,900.000000000000000,,,20175,SEWARD
338976,373420,2017500039980016001,8838.946725466557837,,,,,,,,,,,,900.000000000000000,,,,20175,SEWARD
338977,373421,2017500033650001005,28382.618344923008408,15300.000000000000000,,,,,,,,,,,1800.000000000000000,1800.000000000000000,,3136.000000000000000,20175,SEWARD
338978,373422,2017500033750003005,273230.707107419788372,251100.000000000000000,8100.000000000000000,10800.000000000000000,262800.000000000000000,18900.000000000000000,,2700.000000000000000,900.000000000000000,40500.000000000000000,,26100.000000000000000,900.000000000000000,9900.000000000000000,,65856.000000000000000,20175,SEWARD
338979,373423,2017500008530002001,313590.824589565920178,,900.000000000000000,2700.000000000000000,,17100.000000000000000,,,,,,2700.000000000000000,2700.000000000000000,1800.000000000000000,,,20175,SEWARD
338980,373424,2017500001170003002,516155.279713856463786,18900.000000000000000,509400.000000000000000,17100.000000000000000,510300.000000000000000,900.000000000000000,496800.000000000000000,15300.000000000000000,240300.000000000000000,18900.000000000000000,900.000000000000000,505800.000000000000000,510300.000000000000000,512100.000000000000000,3136.000000000000000,,20175,SEWARD
338981,373425,2017500038420011001,124107.357727668873849,16200.000000000000000,7200.000000000000000,7200.000000000000000,5400.000000000000000,11700.000000000000000,1800.000000000000000,1800.000000000000000,900.000000000000000,9000.000000000000000,9900.000000000000000,18000.000000000000000,9000.000000000000000,14400.000000000000000,6272.000000000000000,9408.000000000000000,20175,SEWARD
338982,373426,2017500001040002001,35748.556410360848531,5400.000000000000000,5400.000000000000000,2700.000000000000000,6300.000000000000000,,,4500.000000000000000,2700.000000000000000,,6300.000000000000000,7200.000000000000000,2700.000000000000000,8100.000000000000000,,,20175,SEWARD
338983,373427,2017500005650001008,69827.115120035683503,5400.000000000000000,4500.000000000000000,900.000000000000000,13500.000000000000000,3600.000000000000000,8100.000000000000000,,,18000.000000000000000,1800.000000000000000,23400.000000000000000,,25200.000000000000000,,,20175,SEWARD
338984,373428,2017500004080001003,131359.341530010948190,4500.000000000000000,5400.000000000000000,4500.000000000000000,119700.000000000000000,9000.000000000000000,5400.000000000000000,,2700.000000000000000,18900.000000000000000,18900.000000000000000,7200.000000000000000,2700.000000000000000,9000.000000000000000,9408.000000000000000,18816.000000000000000,20175,SEWARD
338985,373429,2017500004110003001,63840.171837850852171,11700.000000000000000,4500.000000000000000,2700.000000000000000,3600.000000000000000,3600.000000000000000,2700.000000000000000,,2700.000000000000000,900.000000000000000,5400.000000000000000,27000.000000000000000,20700.000000000000000,4500.000000000000000,3136.000000000000000,,20175,SEWARD
338986,373430,2017500005060002004,31558.952132476642873,,23400.000000000000000,,,,3600.000000000000000,,,900.000000000000000,,,,900.000000000000000,,12544.000000000000000,20175,SEWARD
338987,373431,2017500004280001007,46700.320201662179898,8100.000000000000000,,,,2700.000000000000000,8100.000000000000000,,,9000.000000000000000,,8100.000000000000000,3600.000000000000000,,6272.000000000000000,,20175,SEWARD
338988,373432,2017500007140008001,32194.741007037380768,5400.000000000000000,7200.000000000000000,2700.000000000000000,1800.000000000000000,900.000000000000000,,,,900.000000000000000,,2700.000000000000000,,3600.000000000000000,,,20175,SEWARD
338989,373433,2017500033750002003,52747.398785800993210,3600.000000000000000,50400.000000000000000,13500.000000000000000,45900.000000000000000,45900.000000000000000,11700.000000000000000,35100.000000000000000,13500.000000000000000,42300.000000000000000,,23400.000000000000000,11700.000000000000000,38700.000000000000000,3136.000000000000000,,20175,SEWARD
338990,373434,2017500012030004001,168909.175508195592556,,2700.000000000000000,,,900.000000000000000,,,13500.000000000000000,,,,,,,,20175,SEWARD
338991,373435,2017500003240005018,282093.184024833783042,,,900.000000000000000,,,,,,,,900.000000000000000,43200.000000000000000,3600.000000000000000,,18816.000000000000000,20175,SEWARD
338992,373436,2017500039560011001,32095.851264906908909,4500.000000000000000,5400.000000000000000,900.000000000000000,900.000000000000000,1800.000000000000000,5400.000000000000000,900.000000000000000,4500.000000000000000,4500.000000000000000,900.000000000000000,4500.000000000000000,8100.000000000000000,4500.000000000000000,,,20175,SEWARD
338993,373437,2017500004460001002,345029.389622410584707,330300.000000000000000,331200.000000000000000,327600.000000000000000,329400.000000000000000,329400.000000000000000,329400.000000000000000,327600.000000000000000,323100.000000000000000,323100.000000000000000,,,8100.000000000000000,900.000000000000000,,,20175,SEWARD
338994,373438,2017500007190001002,296464.290301960369106,278100.000000000000000,56700.000000000000000,18900.000000000000000,6300.000000000000000,295200.000000000000000,273600.000000000000000,273600.000000000000000,88200.000000000000000,280800.000000000000000,286200.000000000000000,279900.000000000000000,285300.000000000000000,281700.000000000000000,,,20175,SEWARD
338995,373439,2017500002410001002,237108.000081839330960,205200.000000000000000,,,3600.000000000000000,,,,,,,,,2700.000000000000000,,,20175,SEWARD
338996,373440,2017500003630001002,506936.895481832965743,498600.000000000000000,,487800.000000000000000,4500.000000000000000,,469800.000000000000000,,495000.000000000000000,5400.000000000000000,487800.000000000000000,348300.000000000000000,24300.000000000000000,499500.000000000000000,116032.000000000000000,3136.000000000000000,20175,SEWARD
338997,373441,2017500004180003005,28436.544400923201465,,,,25200.000000000000000,,,,,,,,4500.000000000000000,,,,20175,SEWARD
338998,373442,2017500010110002009,505116.762884224765003,479700.000000000000000,485100.000000000000000,466200.000000000000000,7200.000000000000000,491400.000000000000000,477900.000000000000000,459000.000000000000000,476100.000000000000000,487800.000000000000000,496800.000000000000000,448200.000000000000000,477900.000000000000000,490500.000000000000000,445312.000000000000000,3136.000000000000000,20175,SEWARD
338999,373443,2017500033160001005,34940.847689970003557,20700.000000000000000,2700.000000000000000,,2700.000000000000000,9000.000000000000000,,900.000000000000000,900.000000000000000,12600.000000000000000,7200.000000000000000,900.000000000000000,9000.000000000000000,900.000000000000000,3136.000000000000000,,20175,SEWARD
339000,373444,2017500007110001004,32107.822040592116537,,4500.000000000000000,16200.000000000000000,27900.000000000000000,19800.000000000000000,900.000000000000000,,8100.000000000000000,20700.000000000000000,11700.000000000000000,,11700.000000000000000,13500.000000000000000,6272.000000000000000,12544.000000000000000,20175,SEWARD
339001,373445,2017500041770002011,25289.914044443161401,900.000000000000000,,,,,,,,,900.000000000000000,,900.000000000000000,4500.000000000000000,,,20175,SEWARD
339002,373446,2017500000870006001,31472.029201826750068,9000.000000000000000,8100.000000000000000,1800.000000000000000,9000.000000000000000,7200.000000000000000,7200.000000000000000,8100.000000000000000,3600.000000000000000,8100.000000000000000,7200.000000000000000,9900.000000000000000,14400.000000000000000,7200.000000000000000,15680.000000000000000,21952.000000000000000,20175,SEWARD
339003,373447,2017500005690001001,258261.637839809380239,,29700.000000000000000,,,24300.000000000000000,,,,,,3600.000000000000000,,,,,20175,SEWARD
339004,373448,2017500000220009005,30588.740171140656457,24300.000000000000000,,,,,,,,5400.000000000000000,2700.000000000000000,,,1800.000000000000000,3136.000000000000000,3136.000000000000000,20175,SEWARD
339005,373449,2017500003710001007,527587.878558090887964,6300.000000000000000,513900.000000000000000,,525600.000000000000000,,504000.000000000000000,,503100.000000000000000,291600.000000000000000,516600.000000000000000,2700.000000000000000,498600.000000000000000,1800.000000000000000,498624.000000000000000,454720.000000000000000,20175,SEWARD
339006,373450,2017500008470005001,29005.240040482844051,,2700.000000000000000,,,,,,,,6300.000000000000000,3600.000000000000000,6300.000000000000000,5400.000000000000000,3136.000000000000000,9408.000000000000000,20175,SEWARD
339007,373451,2017500041590005001,32842.089100040619087,1800.000000000000000,1800.000000000000000,,,,900.000000000000000,5400.000000000000000,,,,5400.000000000000000,6300.000000000000000,5400.000000000000000,,15680.000000000000000,20175,SEWARD
339008,373452,2017500040740005001,30289.113272720547684,,2700.000000000000000,,2700.000000000000000,,,900.000000000000000,900.000000000000000,,3600.000000000000000,5400.000000000000000,2700.000000000000000,900.000000000000000,,,20175,SEWARD
339009,373453,2017500006650001003,226969.988361484371126,900.000000000000000,3600.000000000000000,,37800.000000000000000,6300.000000000000000,,5400.000000000000000,22500.000000000000000,1800.000000000000000,,11700.000000000000000,,,,,20175,SEWARD
339010,373454,2017500004690001001,350185.443435399385635,5400.000000000000000,332100.000000000000000,,,1800.000000000000000,,,1800.000000000000000,,17100.000000000000000,1800.000000000000000,,,3136.000000000000000,,20175,SEWARD
339011,373455,2017500001570001011,30948.530460660163953,5400.000000000000000,19800.000000000000000,,4500.000000000000000,,2700.000000000000000,900.000000000000000,,,7200.000000000000000,,1800.000000000000000,,,3136.000000000000000,20175,SEWARD
339012,373456,2017500043030001002,199059.955675171135226,,31500.000000000000000,,,,,,,,,900.000000000000000,,,,,20175,SEWARD
339013,373457,2017500005350005001,12507.021155132426429,,2700.000000000000000,,1800.000000000000000,,1800.000000000000000,,900.000000000000000,,1800.000000000000000,,2700.000000000000000,,,,20175,SEWARD
339014,373458,2017500005880006001,53696.852750887395814,1800.000000000000000,1800.000000000000000,,,900.000000000000000,,,,,,,,,,,20175,SEWARD
339015,373459,2017500010120001004,510560.067442271509208,499500.000000000000000,1800.000000000000000,488700.000000000000000,3600.000000000000000,481500.000000000000000,900.000000000000000,475200.000000000000000,34200.000000000000000,486000.000000000000000,495900.000000000000000,30600.000000000000000,480600.000000000000000,498600.000000000000000,482944.000000000000000,,20175,SEWARD
339016,373460,2017500004690002001,316115.027917232597247,900.000000000000000,5400.000000000000000,900.000000000000000,,900.000000000000000,,,,,,,,,,,20175,SEWARD
339017,373461,2017500004220001004,68358.540819139350788,3600.000000000000000,900.000000000000000,,8100.000000000000000,14400.000000000000000,,,14400.000000000000000,,3600.000000000000000,9000.000000000000000,900.000000000000000,4500.000000000000000,25088.000000000000000,9408.000000000000000,20175,SEWARD
339018,373462,2017500008890001001,487731.728081198234577,9000.000000000000000,4500.000000000000000,900.000000000000000,,,,,,,,8100.000000000000000,,900.000000000000000,,,20175,SEWARD
339019,373463,2017500008620003002,532092.597011819249019,26100.000000000000000,20700.000000000000000,,60300.000000000000000,900.000000000000000,,,8100.000000000000000,2700.000000000000000,,900.000000000000000,5400.000000000000000,,,18816.000000000000000,20175,SEWARD
339020,373464,2017500040990003016,69653.163584763431572,900.000000000000000,9900.000000000000000,1800.000000000000000,23400.000000000000000,3600.000000000000000,,,1800.000000000000000,6300.000000000000000,3600.000000000000000,900.000000000000000,,,,,20175,SEWARD
339021,373465,2017500005610001006,105625.166572091708076,1800.000000000000000,900.000000000000000,2700.000000000000000,6300.000000000000000,3600.000000000000000,,900.000000000000000,900.000000000000000,,,8100.000000000000000,,,,,20175,SEWARD
339023,373467,2017500039680001001,71632.905391897962545,2700.000000000000000,3600.000000000000000,,4500.000000000000000,1800.000000000000000,1800.000000000000000,900.000000000000000,1800.000000000000000,,,3600.000000000000000,1800.000000000000000,,,9408.000000000000000,20175,SEWARD
339024,373468,2017500000100004001,18525.129081199404027,,,,,,900.000000000000000,,,,,,3600.000000000000000,,,,20175,SEWARD
339025,373469,2017500007580001014,167959.793631438922603,46800.000000000000000,7200.000000000000000,,,163800.000000000000000,900.000000000000000,,45900.000000000000000,160200.000000000000000,3600.000000000000000,,164700.000000000000000,,172480.000000000000000,,20175,SEWARD
339026,373470,2017500001750001002,152832.951066970068496,45000.000000000000000,96300.000000000000000,2700.000000000000000,1800.000000000000000,2700.000000000000000,1800.000000000000000,,,,,,,,,,20175,SEWARD
339027,373471,2017500001170006001,15280.638477682254234,,,,,900.000000000000000,,,,900.000000000000000,,,,,,,20175,SEWARD
339028,373472,2017500039150001001,492300.820642158621922,4500.000000000000000,488700.000000000000000,7200.000000000000000,489600.000000000000000,,478800.000000000000000,482400.000000000000000,2700.000000000000000,23400.000000000000000,487800.000000000000000,480600.000000000000000,474300.000000000000000,6300.000000000000000,9408.000000000000000,,20175,SEWARD
339029,373473,2017500037370001001,527004.450522262020968,8100.000000000000000,,,,,,,,,,,,,,,20175,SEWARD
339030,373474,2017500004360003001,37458.844841261219699,11700.000000000000000,7200.000000000000000,900.000000000000000,9900.000000000000000,,6300.000000000000000,,5400.000000000000000,1800.000000000000000,2700.000000000000000,12600.000000000000000,8100.000000000000000,7200.000000000000000,6272.000000000000000,15680.000000000000000,20175,SEWARD
339031,373475,2017500003240001005,130396.325422366804560,,,,,,,,900.000000000000000,,,900.000000000000000,,,,,20175,SEWARD
339032,373476,2017500002690001005,499999.991565133328550,482400.000000000000000,491400.000000000000000,486000.000000000000000,489600.000000000000000,482400.000000000000000,471600.000000000000000,474300.000000000000000,477900.000000000000000,487800.000000000000000,489600.000000000000000,487800.000000000000000,482400.000000000000000,487800.000000000000000,448448.000000000000000,439040.000000000000000,20175,SEWARD
339033,373477,2017500034930003001,50357.288536787928024,,,,,900.000000000000000,,900.000000000000000,,,1800.000000000000000,4500.000000000000000,6300.000000000000000,9900.000000000000000,,,20175,SEWARD
339034,373479,2017500006830001005,31892.580467493706237,26100.000000000000000,2700.000000000000000,,14400.000000000000000,2700.000000000000000,2700.000000000000000,2700.000000000000000,,4500.000000000000000,6300.000000000000000,8100.000000000000000,5400.000000000000000,1800.000000000000000,,,20175,SEWARD
339035,373480,2017500000650006001,32180.028658999490290,4500.000000000000000,,,1800.000000000000000,900.000000000000000,,,,,,5400.000000000000000,1800.000000000000000,,,,20175,SEWARD
339036,373481,2017500039910007001,35981.157259261977742,3600.000000000000000,2700.000000000000000,,4500.000000000000000,2700.000000000000000,1800.000000000000000,1800.000000000000000,,,2700.000000000000000,2700.000000000000000,4500.000000000000000,4500.000000000000000,,,20175,SEWARD
339037,373482,2017500006740004001,1492797.541100064059719,,8100.000000000000000,,,,,,,1800.000000000000000,,900.000000000000000,,2700.000000000000000,,,20175,SEWARD
339038,373483,2017500009840005001,5134.105889752374424,900.000000000000000,900.000000000000000,,,,,,900.000000000000000,,1800.000000000000000,,1800.000000000000000,,,,20175,SEWARD
339039,373484,2017500009980001001,165258.211449198628543,43200.000000000000000,,,,,,,,,,,,,12544.000000000000000,,20175,SEWARD
339040,373485,2017500004080001004,141951.317898833483923,7200.000000000000000,900.000000000000000,2700.000000000000000,118800.000000000000000,4500.000000000000000,1800.000000000000000,,,17100.000000000000000,4500.000000000000000,,,9000.000000000000000,,6272.000000000000000,20175,SEWARD
339041,373486,2017500002050001002,624011.300816448871046,94500.000000000000000,62100.000000000000000,43200.000000000000000,52200.000000000000000,20700.000000000000000,,,,,5400.000000000000000,,,,,,20175,SEWARD
339043,373488,2017500002500001002,693873.301341032376513,515700.000000000000000,682200.000000000000000,74700.000000000000000,186300.000000000000000,561600.000000000000000,497700.000000000000000,4500.000000000000000,66600.000000000000000,553500.000000000000000,516600.000000000000000,74700.000000000000000,10800.000000000000000,12600.000000000000000,6272.000000000000000,,20175,SEWARD
339044,373489,2017500007270001005,35444.156721785169793,3600.000000000000000,,3600.000000000000000,11700.000000000000000,5400.000000000000000,7200.000000000000000,,1800.000000000000000,9900.000000000000000,,,29700.000000000000000,18000.000000000000000,12544.000000000000000,21952.000000000000000,20175,SEWARD
339045,373490,2017500041520001001,563288.288916434859857,511200.000000000000000,81900.000000000000000,91800.000000000000000,537300.000000000000000,510300.000000000000000,499500.000000000000000,514800.000000000000000,526500.000000000000000,498600.000000000000000,502200.000000000000000,508500.000000000000000,519300.000000000000000,528300.000000000000000,514304.000000000000000,486080.000000000000000,20175,SEWARD
339046,373491,2017500004140001003,211347.931591817847220,7200.000000000000000,162000.000000000000000,,200700.000000000000000,23400.000000000000000,101700.000000000000000,,84600.000000000000000,11700.000000000000000,57600.000000000000000,900.000000000000000,,900.000000000000000,,21952.000000000000000,20175,SEWARD
339047,373492,2017500002940002003,497707.972063401946798,489600.000000000000000,51300.000000000000000,478800.000000000000000,481500.000000000000000,483300.000000000000000,470700.000000000000000,469800.000000000000000,481500.000000000000000,477900.000000000000000,475200.000000000000000,476100.000000000000000,487800.000000000000000,405000.000000000000000,479808.000000000000000,445312.000000000000000,20175,SEWARD
339048,373493,2017500002680001005,145425.951302831497742,7200.000000000000000,6300.000000000000000,4500.000000000000000,94500.000000000000000,1800.000000000000000,900.000000000000000,,900.000000000000000,,,3600.000000000000000,6300.000000000000000,2700.000000000000000,,12544.000000000000000,20175,SEWARD
339049,373494,2017500041360002004,127871.378206701876479,18900.000000000000000,127800.000000000000000,2700.000000000000000,15300.000000000000000,6300.000000000000000,2700.000000000000000,,,4500.000000000000000,,8100.000000000000000,36900.000000000000000,,,34496.000000000000000,20175,SEWARD
339050,373495,2017500003320003002,119495.452270324705751,107100.000000000000000,900.000000000000000,11700.000000000000000,76500.000000000000000,9000.000000000000000,900.000000000000000,,16200.000000000000000,900.000000000000000,12600.000000000000000,,,3600.000000000000000,,,20175,SEWARD
339051,373496,2017500036570001004,518417.745439410500694,35100.000000000000000,497700.000000000000000,7200.000000000000000,468000.000000000000000,48600.000000000000000,473400.000000000000000,,,478800.000000000000000,131400.000000000000000,503100.000000000000000,,487800.000000000000000,338688.000000000000000,470400.000000000000000,20175,SEWARD
339052,373497,2017500038810002001,33605.674899365265446,2700.000000000000000,3600.000000000000000,900.000000000000000,2700.000000000000000,2700.000000000000000,900.000000000000000,,900.000000000000000,5400.000000000000000,,,2700.000000000000000,2700.000000000000000,,,20175,SEWARD
339053,373498,2017500009670001002,9509.717634675218505,,,1800.000000000000000,3600.000000000000000,,,4500.000000000000000,3600.000000000000000,,,900.000000000000000,9000.000000000000000,900.000000000000000,12544.000000000000000,3136.000000000000000,20175,SEWARD
339054,373499,2017500004030002005,38140.896324545858079,7200.000000000000000,,,,1800.000000000000000,,,,900.000000000000000,,,900.000000000000000,1800.000000000000000,3136.000000000000000,,20175,SEWARD
339055,373500,2017500001540001010,45528.184663322252163,15300.000000000000000,8100.000000000000000,,34200.000000000000000,900.000000000000000,3600.000000000000000,,,,,,4500.000000000000000,,3136.000000000000000,,20175,SEWARD
339056,373501,2017500006600004005,27466.985504918226070,900.000000000000000,,,900.000000000000000,,,,,,900.000000000000000,,,,,3136.000000000000000,20175,SEWARD
339057,373502,2017500000740001002,369856.324638246325776,25200.000000000000000,349200.000000000000000,323100.000000000000000,342900.000000000000000,208800.000000000000000,,47700.000000000000000,13500.000000000000000,2700.000000000000000,900.000000000000000,900.000000000000000,,27000.000000000000000,,,20175,SEWARD
339058,373503,2017500034860001004,108465.655463829971268,8100.000000000000000,1800.000000000000000,900.000000000000000,4500.000000000000000,,,900.000000000000000,,900.000000000000000,61200.000000000000000,21600.000000000000000,12600.000000000000000,14400.000000000000000,,,20175,SEWARD
339059,373504,2017500034580001002,321621.974907459516544,7200.000000000000000,12600.000000000000000,,53100.000000000000000,176400.000000000000000,900.000000000000000,,,3600.000000000000000,900.000000000000000,,900.000000000000000,18900.000000000000000,,,20175,SEWARD
339060,373505,2017500008520001012,23472.359722491542925,,3600.000000000000000,15300.000000000000000,,,1800.000000000000000,,,,,,,8100.000000000000000,3136.000000000000000,,20175,SEWARD
339061,373506,2017500000160023001,30757.375260592289123,,,,900.000000000000000,,900.000000000000000,900.000000000000000,,,2700.000000000000000,,2700.000000000000000,1800.000000000000000,3136.000000000000000,21952.000000000000000,20175,SEWARD
339062,373507,2017500035680005001,964163.295841137296520,,900.000000000000000,900.000000000000000,,,,,,18000.000000000000000,900.000000000000000,1800.000000000000000,,17100.000000000000000,,,20175,SEWARD
339063,373508,2017500005520001001,305468.138897984346841,,900.000000000000000,,,5400.000000000000000,,,,,,,,,,,20175,SEWARD
339065,373510,2017500000820001001,267598.705361166503280,900.000000000000000,1800.000000000000000,2700.000000000000000,,2700.000000000000000,,900.000000000000000,,900.000000000000000,,5400.000000000000000,,,,,20175,SEWARD
339066,373511,2017500040240005001,30924.080330712862633,4500.000000000000000,,900.000000000000000,3600.000000000000000,5400.000000000000000,1800.000000000000000,4500.000000000000000,900.000000000000000,1800.000000000000000,900.000000000000000,7200.000000000000000,5400.000000000000000,6300.000000000000000,6272.000000000000000,9408.000000000000000,20175,SEWARD
339067,373513,2017500040420002002,35480.000202299270313,900.000000000000000,,,1800.000000000000000,1800.000000000000000,1800.000000000000000,,,,,4500.000000000000000,9900.000000000000000,1800.000000000000000,3136.000000000000000,,20175,SEWARD
339068,373514,2017500042200002001,27803.023774980665621,2700.000000000000000,4500.000000000000000,900.000000000000000,4500.000000000000000,7200.000000000000000,3600.000000000000000,900.000000000000000,7200.000000000000000,6300.000000000000000,7200.000000000000000,13500.000000000000000,8100.000000000000000,2700.000000000000000,9408.000000000000000,15680.000000000000000,20175,SEWARD
339069,373515,2017500003080001010,115328.067782856654958,107100.000000000000000,107100.000000000000000,900.000000000000000,112500.000000000000000,14400.000000000000000,100800.000000000000000,102600.000000000000000,102600.000000000000000,87300.000000000000000,106200.000000000000000,9900.000000000000000,101700.000000000000000,5400.000000000000000,103488.000000000000000,3136.000000000000000,20175,SEWARD
339070,373516,2017500002280001006,1001706.159704868565314,999000.000000000000000,974700.000000000000000,66600.000000000000000,983700.000000000000000,900.000000000000000,947700.000000000000000,,946800.000000000000000,,369900.000000000000000,961200.000000000000000,65700.000000000000000,967500.000000000000000,536256.000000000000000,934528.000000000000000,20175,SEWARD
339071,373517,2017500040270002001,498259.385918625514023,477900.000000000000000,16200.000000000000000,4500.000000000000000,484200.000000000000000,477900.000000000000000,18900.000000000000000,479700.000000000000000,28800.000000000000000,476100.000000000000000,486000.000000000000000,480600.000000000000000,486900.000000000000000,486000.000000000000000,460992.000000000000000,467264.000000000000000,20175,SEWARD
339072,373518,2017500036370001007,32652.243860007722105,13500.000000000000000,15300.000000000000000,12600.000000000000000,20700.000000000000000,1800.000000000000000,,,,7200.000000000000000,,4500.000000000000000,2700.000000000000000,,6272.000000000000000,9408.000000000000000,20175,SEWARD
339073,373519,2017500005340001004,51132.322814198938431,6300.000000000000000,4500.000000000000000,,2700.000000000000000,2700.000000000000000,1800.000000000000000,,3600.000000000000000,7200.000000000000000,6300.000000000000000,,5400.000000000000000,,3136.000000000000000,28224.000000000000000,20175,SEWARD
339074,373520,2017500038840001012,22081.219136528965464,,,,,,,,,,900.000000000000000,,,5400.000000000000000,,,20175,SEWARD
339075,373521,2017500041380004001,44185.516972538636765,,3600.000000000000000,,3600.000000000000000,5400.000000000000000,4500.000000000000000,,,,,,8100.000000000000000,12600.000000000000000,6272.000000000000000,18816.000000000000000,20175,SEWARD
339076,373522,2017500043260004001,636661.934894337784499,17100.000000000000000,8100.000000000000000,900.000000000000000,51300.000000000000000,,,,567000.000000000000000,,900.000000000000000,4500.000000000000000,,,,,20175,SEWARD
339077,373523,2017500033820001001,641407.601171042653732,72000.000000000000000,4500.000000000000000,27000.000000000000000,16200.000000000000000,,,46800.000000000000000,13500.000000000000000,,,,85500.000000000000000,19800.000000000000000,,12544.000000000000000,20175,SEWARD
339078,373524,2017500035840003001,32942.944084167160327,,900.000000000000000,,900.000000000000000,,,,,2700.000000000000000,900.000000000000000,,2700.000000000000000,3600.000000000000000,,,20175,SEWARD
339079,373525,2017500004900001006,27790.225813927285344,,,,,4500.000000000000000,,,,,,,,3600.000000000000000,,,20175,SEWARD
339080,373526,2017500039980009001,31195.365334287111182,1800.000000000000000,900.000000000000000,1800.000000000000000,900.000000000000000,1800.000000000000000,900.000000000000000,1800.000000000000000,900.000000000000000,,8100.000000000000000,3600.000000000000000,2700.000000000000000,2700.000000000000000,,12544.000000000000000,20175,SEWARD
339081,373527,2017500040460001001,503921.524426446994767,482400.000000000000000,9000.000000000000000,483300.000000000000000,,499500.000000000000000,900.000000000000000,491400.000000000000000,54900.000000000000000,499500.000000000000000,121500.000000000000000,495000.000000000000000,11700.000000000000000,484200.000000000000000,222656.000000000000000,470400.000000000000000,20175,SEWARD
339082,373528,2017500002790001004,147310.027744049410103,900.000000000000000,118800.000000000000000,22500.000000000000000,1800.000000000000000,3600.000000000000000,,,,,,,,13500.000000000000000,,,20175,SEWARD
339083,373529,2017500002680001006,34820.215546360137523,900.000000000000000,900.000000000000000,900.000000000000000,,,2700.000000000000000,,,,900.000000000000000,10800.000000000000000,8100.000000000000000,2700.000000000000000,,25088.000000000000000,20175,SEWARD
339084,373530,2017500035340001002,422913.712725769903045,900.000000000000000,,,360900.000000000000000,2700.000000000000000,,8100.000000000000000,1800.000000000000000,,1800.000000000000000,4500.000000000000000,,3600.000000000000000,25088.000000000000000,,20175,SEWARD
339085,373531,2017500009370006001,32819.068149625250953,8100.000000000000000,2700.000000000000000,1800.000000000000000,4500.000000000000000,8100.000000000000000,2700.000000000000000,2700.000000000000000,4500.000000000000000,11700.000000000000000,6300.000000000000000,9000.000000000000000,8100.000000000000000,8100.000000000000000,3136.000000000000000,9408.000000000000000,20175,SEWARD
339086,373532,2017500006830001006,34350.725643998492160,25200.000000000000000,900.000000000000000,2700.000000000000000,22500.000000000000000,900.000000000000000,,,900.000000000000000,3600.000000000000000,900.000000000000000,2700.000000000000000,8100.000000000000000,2700.000000000000000,3136.000000000000000,,20175,SEWARD
339087,373533,2017500036940005006,328583.137089431867935,6300.000000000000000,900.000000000000000,,4500.000000000000000,,900.000000000000000,900.000000000000000,,1800.000000000000000,900.000000000000000,900.000000000000000,,900.000000000000000,,,20175,SEWARD
339088,373534,2017500004520001002,509607.867744275659788,488700.000000000000000,,500400.000000000000000,,505800.000000000000000,,492300.000000000000000,,493200.000000000000000,,497700.000000000000000,,495000.000000000000000,12544.000000000000000,467264.000000000000000,20175,SEWARD
339089,373535,2017500000690001002,313041.999980250489898,232200.000000000000000,52200.000000000000000,26100.000000000000000,1800.000000000000000,23400.000000000000000,,11700.000000000000000,900.000000000000000,1800.000000000000000,900.000000000000000,,,,,,20175,SEWARD
339090,373536,2017500035510004024,48625.039626646568649,900.000000000000000,900.000000000000000,3600.000000000000000,,,,,1800.000000000000000,4500.000000000000000,,,,,,,20175,SEWARD
339091,373537,2017500039000001002,75132.174011070630513,1800.000000000000000,,52200.000000000000000,47700.000000000000000,3600.000000000000000,51300.000000000000000,900.000000000000000,52200.000000000000000,1800.000000000000000,51300.000000000000000,51300.000000000000000,51300.000000000000000,46800.000000000000000,,,20175,SEWARD
339092,373538,2017500036120002001,33883.471664012533438,2700.000000000000000,4500.000000000000000,,,900.000000000000000,1800.000000000000000,,1800.000000000000000,,,,1800.000000000000000,,3136.000000000000000,,20175,SEWARD
339093,373539,2017500039350002005,35093.043289329361869,7200.000000000000000,4500.000000000000000,1800.000000000000000,11700.000000000000000,2700.000000000000000,,,5400.000000000000000,900.000000000000000,5400.000000000000000,9900.000000000000000,,3600.000000000000000,12544.000000000000000,,20175,SEWARD
339094,373540,2017500039600001001,128954.742898364827852,16200.000000000000000,5400.000000000000000,5400.000000000000000,1800.000000000000000,,5400.000000000000000,,9900.000000000000000,,4500.000000000000000,4500.000000000000000,10800.000000000000000,900.000000000000000,,,20175,SEWARD
339095,373541,2017500001170005001,60936.297922067533364,900.000000000000000,,,,,,,,,2700.000000000000000,1800.000000000000000,900.000000000000000,,,,20175,SEWARD
339096,373542,2017500038420008001,51115.021651792863850,,1800.000000000000000,,3600.000000000000000,1800.000000000000000,2700.000000000000000,,3600.000000000000000,,1800.000000000000000,2700.000000000000000,4500.000000000000000,4500.000000000000000,3136.000000000000000,9408.000000000000000,20175,SEWARD
339097,373543,2017500040990003017,5177.502663985349500,,,,,,,,,,900.000000000000000,,,,,,20175,SEWARD
339098,373544,2017500009220001017,35510.485241416550707,,,900.000000000000000,36000.000000000000000,1800.000000000000000,7200.000000000000000,,,9000.000000000000000,1800.000000000000000,6300.000000000000000,14400.000000000000000,2700.000000000000000,,,20175,SEWARD
339099,373545,2017500041820002004,114378.567083547692164,8100.000000000000000,33300.000000000000000,2700.000000000000000,24300.000000000000000,27000.000000000000000,15300.000000000000000,14400.000000000000000,5400.000000000000000,12600.000000000000000,19800.000000000000000,9900.000000000000000,26100.000000000000000,19800.000000000000000,56448.000000000000000,28224.000000000000000,20175,SEWARD
339100,373546,2017500000160001001,513161.476078062842134,500400.000000000000000,5400.000000000000000,477900.000000000000000,6300.000000000000000,495000.000000000000000,493200.000000000000000,64800.000000000000000,485100.000000000000000,484200.000000000000000,493200.000000000000000,478800.000000000000000,502200.000000000000000,499500.000000000000000,479808.000000000000000,454720.000000000000000,20175,SEWARD
339101,373547,2017500035510004025,33229.277397006437241,1800.000000000000000,900.000000000000000,2700.000000000000000,,1800.000000000000000,2700.000000000000000,1800.000000000000000,,8100.000000000000000,,,,,,,20175,SEWARD
339102,373548,2017500038930005001,33182.817004020762397,5400.000000000000000,2700.000000000000000,,,,8100.000000000000000,,9000.000000000000000,,5400.000000000000000,,2700.000000000000000,6300.000000000000000,3136.000000000000000,15680.000000000000000,20175,SEWARD
339103,373549,2017500008120002008,87097.175600793256308,1800.000000000000000,83700.000000000000000,82800.000000000000000,81900.000000000000000,84600.000000000000000,80100.000000000000000,59400.000000000000000,79200.000000000000000,85500.000000000000000,78300.000000000000000,75600.000000000000000,77400.000000000000000,82800.000000000000000,72128.000000000000000,81536.000000000000000,20175,SEWARD
339104,373550,2017500001510001010,6003.554208113154345,,,,,,,,,900.000000000000000,,,2700.000000000000000,,,,20175,SEWARD
339105,373551,2017500002240008001,27840.162980860113748,,8100.000000000000000,,,,4500.000000000000000,,1800.000000000000000,,4500.000000000000000,8100.000000000000000,9900.000000000000000,5400.000000000000000,6272.000000000000000,6272.000000000000000,20175,SEWARD
339106,373552,2017500008100001003,141036.243860107933870,,900.000000000000000,900.000000000000000,,,,,900.000000000000000,,,,,2700.000000000000000,,,20175,SEWARD
339107,373553,2017500037980002002,311956.591010594216641,,,,,,2700.000000000000000,,,,,,,,,,20175,SEWARD
339108,373554,2017500009570001001,306629.756012063997332,6300.000000000000000,3600.000000000000000,65700.000000000000000,3600.000000000000000,,36900.000000000000000,155700.000000000000000,162000.000000000000000,272700.000000000000000,,5400.000000000000000,261900.000000000000000,217800.000000000000000,,,20175,SEWARD
339109,373555,2017500001260005001,29413.608943528339296,10800.000000000000000,,4500.000000000000000,,,,,900.000000000000000,7200.000000000000000,,9000.000000000000000,5400.000000000000000,8100.000000000000000,3136.000000000000000,,20175,SEWARD
339110,373556,2017500001460006001,31061.946544024984178,4500.000000000000000,6300.000000000000000,900.000000000000000,5400.000000000000000,5400.000000000000000,1800.000000000000000,6300.000000000000000,1800.000000000000000,6300.000000000000000,1800.000000000000000,4500.000000000000000,7200.000000000000000,,,,20175,SEWARD
339111,373557,2017500035970002005,505520.659147166239563,501300.000000000000000,6300.000000000000000,487800.000000000000000,900.000000000000000,486900.000000000000000,,477900.000000000000000,484200.000000000000000,500400.000000000000000,486000.000000000000000,476100.000000000000000,25200.000000000000000,497700.000000000000000,467264.000000000000000,75264.000000000000000,20175,SEWARD
339112,373558,2017500033380004004,18485.058993687773182,3600.000000000000000,,,,4500.000000000000000,,,,9900.000000000000000,3600.000000000000000,1800.000000000000000,2700.000000000000000,900.000000000000000,3136.000000000000000,,20175,SEWARD
339113,373559,2017500039730004001,35888.980297620997590,,5400.000000000000000,1800.000000000000000,1800.000000000000000,,,2700.000000000000000,,900.000000000000000,,,13500.000000000000000,2700.000000000000000,,18816.000000000000000,20175,SEWARD
339114,373560,2017500007530001003,103398.490497868842795,2700.000000000000000,81900.000000000000000,,5400.000000000000000,21600.000000000000000,,,1800.000000000000000,,,43200.000000000000000,96300.000000000000000,5400.000000000000000,,,20175,SEWARD
339115,373561,2017500005680001002,344604.599592836399097,900.000000000000000,180000.000000000000000,900.000000000000000,6300.000000000000000,99000.000000000000000,,,18000.000000000000000,2700.000000000000000,,900.000000000000000,,,,,20175,SEWARD
339116,373562,2017500000230001001,254694.046280983602628,,,,,2700.000000000000000,,,3600.000000000000000,,,,,,,,20175,SEWARD
339117,373563,2017500008430001003,284680.268245364830364,7200.000000000000000,2700.000000000000000,1800.000000000000000,5400.000000000000000,10800.000000000000000,900.000000000000000,900.000000000000000,17100.000000000000000,19800.000000000000000,18900.000000000000000,25200.000000000000000,36900.000000000000000,70200.000000000000000,3136.000000000000000,,20175,SEWARD
339118,373564,2017500003610005001,32420.605546794882684,900.000000000000000,900.000000000000000,900.000000000000000,900.000000000000000,,,,2700.000000000000000,,,,900.000000000000000,900.000000000000000,,,20175,SEWARD
339119,373565,2017500004490001001,1881009.532371691195294,74700.000000000000000,12600.000000000000000,2700.000000000000000,18000.000000000000000,1800.000000000000000,,,,,33300.000000000000000,900.000000000000000,,2700.000000000000000,12544.000000000000000,,20175,SEWARD
339120,373566,2017500005040003001,34148.453015530401899,1800.000000000000000,,,900.000000000000000,,,,,,,900.000000000000000,,,,,20175,SEWARD
339121,373567,2017500039430001001,49170.849619484208233,,900.000000000000000,,,,,,,,,,,,,,20175,SEWARD
339122,373568,2017500000940015001,108669.583307414402952,3600.000000000000000,900.000000000000000,,900.000000000000000,6300.000000000000000,2700.000000000000000,4500.000000000000000,3600.000000000000000,3600.000000000000000,11700.000000000000000,,2700.000000000000000,7200.000000000000000,9408.000000000000000,,20175,SEWARD
339123,373569,2017500038420001005,497434.589333650073968,495000.000000000000000,900.000000000000000,466200.000000000000000,,473400.000000000000000,,458100.000000000000000,,473400.000000000000000,,469800.000000000000000,900.000000000000000,487800.000000000000000,,410816.000000000000000,20175,SEWARD
339124,373570,2017500001030001001,637772.438455878407694,7200.000000000000000,,6300.000000000000000,8100.000000000000000,2700.000000000000000,1800.000000000000000,6300.000000000000000,900.000000000000000,6300.000000000000000,6300.000000000000000,4500.000000000000000,900.000000000000000,2700.000000000000000,,,20175,SEWARD
339125,373571,2017500039060001002,334942.583834741497412,900.000000000000000,,,,,4500.000000000000000,,,,,,53100.000000000000000,,,,20175,SEWARD
339126,373572,2017500042120008001,26022.854323349663900,,,,,,,,,,,,,,,,20175,SEWARD
339127,373573,2017500000320001001,230148.966904730186798,,,,,,,,,,,,,,,,20175,SEWARD
339128,373574,2017500004870001005,39463.524305314800586,5400.000000000000000,36000.000000000000000,900.000000000000000,9000.000000000000000,,,900.000000000000000,1800.000000000000000,12600.000000000000000,2700.000000000000000,900.000000000000000,1800.000000000000000,5400.000000000000000,,9408.000000000000000,20175,SEWARD
339129,373575,2017500009600001003,216782.244166256714379,21600.000000000000000,9000.000000000000000,900.000000000000000,181800.000000000000000,83700.000000000000000,72900.000000000000000,1800.000000000000000,46800.000000000000000,7200.000000000000000,39600.000000000000000,11700.000000000000000,27900.000000000000000,81900.000000000000000,9408.000000000000000,15680.000000000000000,20175,SEWARD
339130,373576,2017500007510001001,320923.801439844071865,,,,,,,,,,,900.000000000000000,900.000000000000000,,,6272.000000000000000,20175,SEWARD
339131,373577,2017500002750001005,33996.762230428445037,900.000000000000000,,,900.000000000000000,1800.000000000000000,900.000000000000000,,900.000000000000000,3600.000000000000000,,,,,,,20175,SEWARD
339132,373578,2017500008980001004,466794.687996244581882,463500.000000000000000,458100.000000000000000,459000.000000000000000,462600.000000000000000,463500.000000000000000,450000.000000000000000,434700.000000000000000,37800.000000000000000,463500.000000000000000,454500.000000000000000,448200.000000000000000,454500.000000000000000,456300.000000000000000,429632.000000000000000,439040.000000000000000,20175,SEWARD
339133,373579,2017500001440001003,43770.745636714367720,6300.000000000000000,7200.000000000000000,1800.000000000000000,8100.000000000000000,1800.000000000000000,9000.000000000000000,,,1800.000000000000000,2700.000000000000000,,10800.000000000000000,,3136.000000000000000,,20175,SEWARD
339134,373580,2017500041770002012,25567.581205876522290,,,,,,,,,,,,,,,,20175,SEWARD
339135,373581,2017500005000001001,313090.527026162482798,,7200.000000000000000,40500.000000000000000,,,,,,,,1800.000000000000000,,900.000000000000000,,3136.000000000000000,20175,SEWARD
339136,373582,2017500033610001007,510132.335659608361311,506700.000000000000000,507600.000000000000000,499500.000000000000000,504000.000000000000000,485100.000000000000000,483300.000000000000000,477000.000000000000000,474300.000000000000000,495000.000000000000000,500400.000000000000000,490500.000000000000000,465300.000000000000000,494100.000000000000000,445312.000000000000000,454720.000000000000000,20175,SEWARD
339137,373583,2017500033760001003,110610.628138273721561,,8100.000000000000000,,,,,,45900.000000000000000,,,,,,,,20175,SEWARD
339138,373584,2017500039870002001,392852.669235354522243,900.000000000000000,,1800.000000000000000,3600.000000000000000,,,1800.000000000000000,900.000000000000000,,1800.000000000000000,3600.000000000000000,,9000.000000000000000,,,20175,SEWARD
339139,373585,2017500007040010003,523153.554001359851100,505800.000000000000000,252000.000000000000000,254700.000000000000000,39600.000000000000000,1800.000000000000000,,,,32400.000000000000000,88200.000000000000000,510300.000000000000000,513000.000000000000000,513900.000000000000000,492352.000000000000000,467264.000000000000000,20175,SEWARD
339140,373586,2017500042850002007,372361.915799464390147,1800.000000000000000,86400.000000000000000,7200.000000000000000,4500.000000000000000,35100.000000000000000,,900.000000000000000,,19800.000000000000000,,23400.000000000000000,179100.000000000000000,,6272.000000000000000,175616.000000000000000,20175,SEWARD
339141,373587,2017500035950003001,12368.688053275953280,900.000000000000000,900.000000000000000,900.000000000000000,900.000000000000000,900.000000000000000,,,900.000000000000000,,900.000000000000000,,,,,,20175,SEWARD
339142,373588,2017500001190001001,636027.231418423703872,2700.000000000000000,3600.000000000000000,,900.000000000000000,,,,,,1800.000000000000000,3600.000000000000000,6300.000000000000000,6300.000000000000000,3136.000000000000000,3136.000000000000000,20175,SEWARD
339143,373589,2017500002850001003,291558.208538511709776,,,,286200.000000000000000,,,,,287100.000000000000000,266400.000000000000000,,,,12544.000000000000000,9408.000000000000000,20175,SEWARD
339144,373590,2017500041770002013,29442.813407759262191,,,,,,,,,,2700.000000000000000,,,2700.000000000000000,,,20175,SEWARD
339145,373591,2017500008000002001,146219.684929909941275,2700.000000000000000,900.000000000000000,900.000000000000000,,2700.000000000000000,3600.000000000000000,900.000000000000000,,900.000000000000000,900.000000000000000,,,900.000000000000000,,,20175,SEWARD
339146,373592,2017500003780001010,20813.588688925603492,2700.000000000000000,5400.000000000000000,5400.000000000000000,17100.000000000000000,5400.000000000000000,2700.000000000000000,,7200.000000000000000,900.000000000000000,1800.000000000000000,6300.000000000000000,2700.000000000000000,6300.000000000000000,6272.000000000000000,9408.000000000000000,20175,SEWARD
339147,373593,2017500004120005001,30224.401206519611151,900.000000000000000,2700.000000000000000,2700.000000000000000,5400.000000000000000,,,,,,,2700.000000000000000,,5400.000000000000000,,15680.000000000000000,20175,SEWARD
339148,373594,2017500039630002001,36723.419631284152274,,1800.000000000000000,900.000000000000000,900.000000000000000,900.000000000000000,,,,,,3600.000000000000000,,,,,20175,SEWARD
339149,373595,2017500034120001005,26283.064728273217042,4500.000000000000000,1800.000000000000000,1800.000000000000000,5400.000000000000000,2700.000000000000000,,4500.000000000000000,900.000000000000000,2700.000000000000000,,,3600.000000000000000,2700.000000000000000,,,20175,SEWARD
339150,373596,2017500040470005001,33990.930721448734403,3600.000000000000000,5400.000000000000000,,4500.000000000000000,7200.000000000000000,,900.000000000000000,,3600.000000000000000,1800.000000000000000,11700.000000000000000,17100.000000000000000,900.000000000000000,3136.000000000000000,,20175,SEWARD
339151,373597,2017500001590001005,31065.226056838117074,900.000000000000000,900.000000000000000,8100.000000000000000,19800.000000000000000,20700.000000000000000,3600.000000000000000,2700.000000000000000,4500.000000000000000,,2700.000000000000000,9000.000000000000000,,16200.000000000000000,3136.000000000000000,18816.000000000000000,20175,SEWARD
339152,373598,2017500001150015001,27237.106901941660908,2700.000000000000000,,,,3600.000000000000000,1800.000000000000000,4500.000000000000000,900.000000000000000,1800.000000000000000,5400.000000000000000,2700.000000000000000,7200.000000000000000,2700.000000000000000,3136.000000000000000,12544.000000000000000,20175,SEWARD
339153,373599,2017500008700001003,214483.001495360571425,8100.000000000000000,,900.000000000000000,14400.000000000000000,900.000000000000000,,,,1800.000000000000000,,,,,18816.000000000000000,,20175,SEWARD
339154,373600,2017500009300002001,406515.290200850053225,12600.000000000000000,,,,900.000000000000000,,,,,,,,,,,20175,SEWARD
339155,373601,2017500006610002007,26120.137366059450869,,10800.000000000000000,,,,900.000000000000000,,,,,,,,3136.000000000000000,,20175,SEWARD
339156,373602,2017500040470004001,33561.362438264666707,,900.000000000000000,,1800.000000000000000,900.000000000000000,,,,900.000000000000000,,,19800.000000000000000,,6272.000000000000000,,20175,SEWARD
339157,373603,2017500004180002009,499162.706500697531737,394200.000000000000000,,,21600.000000000000000,,,,,,,,,,9408.000000000000000,,20175,SEWARD
339158,373604,2017500007270001006,32159.980037924491626,13500.000000000000000,30600.000000000000000,15300.000000000000000,,1800.000000000000000,,,900.000000000000000,,,21600.000000000000000,900.000000000000000,4500.000000000000000,15680.000000000000000,6272.000000000000000,20175,SEWARD
339159,373605,2017500004260001008,516109.470771047053859,503100.000000000000000,504900.000000000000000,498600.000000000000000,505800.000000000000000,494100.000000000000000,484200.000000000000000,467100.000000000000000,486000.000000000000000,509400.000000000000000,502200.000000000000000,483300.000000000000000,484200.000000000000000,343800.000000000000000,439040.000000000000000,62720.000000000000000,20175,SEWARD
339160,373606,2017500040440001002,225087.395876376307569,,171000.000000000000000,4500.000000000000000,,,,,,,,,,,,3136.000000000000000,20175,SEWARD
339161,373607,2017500005070001003,965415.260214765672572,945000.000000000000000,945900.000000000000000,492300.000000000000000,534600.000000000000000,950400.000000000000000,947700.000000000000000,927000.000000000000000,933300.000000000000000,955800.000000000000000,942300.000000000000000,952200.000000000000000,957600.000000000000000,946800.000000000000000,921984.000000000000000,840448.000000000000000,20175,SEWARD
339162,373608,2017500002940001006,69494.364700919060851,48600.000000000000000,5400.000000000000000,7200.000000000000000,34200.000000000000000,45000.000000000000000,,900.000000000000000,9900.000000000000000,7200.000000000000000,6300.000000000000000,1800.000000000000000,45900.000000000000000,5400.000000000000000,6272.000000000000000,6272.000000000000000,20175,SEWARD
339163,373609,2017500008980001005,29706.396133639074833,2700.000000000000000,,900.000000000000000,,1800.000000000000000,,,,3600.000000000000000,,900.000000000000000,900.000000000000000,3600.000000000000000,,12544.000000000000000,20175,SEWARD
339164,373610,2017500040710003001,32581.573603282980912,,,,,900.000000000000000,,900.000000000000000,,,,,,900.000000000000000,,,20175,SEWARD
339165,373611,2017500001770001002,161358.625118767493404,20700.000000000000000,,,,,,,2700.000000000000000,,,,,,,,20175,SEWARD
339166,373612,2017500039560010001,29413.546679396386025,5400.000000000000000,5400.000000000000000,900.000000000000000,4500.000000000000000,1800.000000000000000,1800.000000000000000,1800.000000000000000,2700.000000000000000,5400.000000000000000,1800.000000000000000,6300.000000000000000,5400.000000000000000,6300.000000000000000,6272.000000000000000,3136.000000000000000,20175,SEWARD
339167,373613,2017500009570001002,315614.447071711707395,10800.000000000000000,13500.000000000000000,100800.000000000000000,10800.000000000000000,,40500.000000000000000,162000.000000000000000,259200.000000000000000,280800.000000000000000,,900.000000000000000,251100.000000000000000,229500.000000000000000,,9408.000000000000000,20175,SEWARD
339168,373614,2017500034030004001,62718.909271529832040,4500.000000000000000,2700.000000000000000,,3600.000000000000000,4500.000000000000000,,900.000000000000000,7200.000000000000000,9000.000000000000000,5400.000000000000000,6300.000000000000000,15300.000000000000000,2700.000000000000000,,,20175,SEWARD
339169,373615,2017500001440002002,380959.737394650641363,298800.000000000000000,176400.000000000000000,22500.000000000000000,311400.000000000000000,23400.000000000000000,87300.000000000000000,88200.000000000000000,22500.000000000000000,,2700.000000000000000,12600.000000000000000,,38700.000000000000000,,,20175,SEWARD
339170,373616,2017500040710001001,493328.590845896978863,472500.000000000000000,481500.000000000000000,483300.000000000000000,484200.000000000000000,483300.000000000000000,478800.000000000000000,482400.000000000000000,474300.000000000000000,480600.000000000000000,484200.000000000000000,472500.000000000000000,483300.000000000000000,468000.000000000000000,470400.000000000000000,479808.000000000000000,20175,SEWARD
339171,373617,2017500003250001006,563218.646744289901108,486000.000000000000000,,900.000000000000000,64800.000000000000000,490500.000000000000000,489600.000000000000000,474300.000000000000000,2700.000000000000000,477900.000000000000000,,3600.000000000000000,488700.000000000000000,2700.000000000000000,479808.000000000000000,9408.000000000000000,20175,SEWARD
339172,373618,2017500006990007001,38235.032182711489440,7200.000000000000000,6300.000000000000000,4500.000000000000000,6300.000000000000000,5400.000000000000000,3600.000000000000000,1800.000000000000000,4500.000000000000000,7200.000000000000000,2700.000000000000000,1800.000000000000000,5400.000000000000000,7200.000000000000000,9408.000000000000000,21952.000000000000000,20175,SEWARD
339173,373619,2017500003170021001,33785.298503681464354,4500.000000000000000,1800.000000000000000,,18000.000000000000000,3600.000000000000000,,900.000000000000000,2700.000000000000000,,2700.000000000000000,900.000000000000000,1800.000000000000000,4500.000000000000000,6272.000000000000000,3136.000000000000000,20175,SEWARD
339174,373620,2017500035840004001,66888.399895687907701,3600.000000000000000,6300.000000000000000,,6300.000000000000000,6300.000000000000000,2700.000000000000000,3600.000000000000000,,7200.000000000000000,8100.000000000000000,15300.000000000000000,12600.000000000000000,7200.000000000000000,18816.000000000000000,34496.000000000000000,20175,SEWARD
339175,373621,2017500002940001007,8307.718166115184431,5400.000000000000000,900.000000000000000,900.000000000000000,7200.000000000000000,7200.000000000000000,,,900.000000000000000,,,900.000000000000000,7200.000000000000000,,6272.000000000000000,,20175,SEWARD
339176,373622,2017500009370005001,46150.400209780957084,4500.000000000000000,,,,1800.000000000000000,,,1800.000000000000000,1800.000000000000000,900.000000000000000,21600.000000000000000,6300.000000000000000,5400.000000000000000,3136.000000000000000,6272.000000000000000,20175,SEWARD
339177,373623,2017500007170001003,472804.876478537509684,2700.000000000000000,26100.000000000000000,,17100.000000000000000,3600.000000000000000,,,,,,,,,,,20175,SEWARD
339178,373624,2017500009610003001,23127.242488163377857,1800.000000000000000,3600.000000000000000,3600.000000000000000,,,,,,,,900.000000000000000,,,,3136.000000000000000,20175,SEWARD
339179,373625,2017500033380004005,532994.920436216634698,526500.000000000000000,527400.000000000000000,527400.000000000000000,530100.000000000000000,527400.000000000000000,524700.000000000000000,521100.000000000000000,526500.000000000000000,530100.000000000000000,531000.000000000000000,518400.000000000000000,529200.000000000000000,523800.000000000000000,489216.000000000000000,,20175,SEWARD
339180,373626,2017500036770001001,441069.356093921698630,,,,,,,,,,,,,,,,20175,SEWARD
339181,373627,2017500041910001005,28441.181720386819507,19800.000000000000000,20700.000000000000000,9000.000000000000000,1800.000000000000000,7200.000000000000000,,,,,900.000000000000000,,,9900.000000000000000,12544.000000000000000,6272.000000000000000,20175,SEWARD
339182,373628,2017500004340001006,14468.676501877356714,,,,,,,,,1800.000000000000000,,,,,,,20175,SEWARD
339183,373629,2017500007560001001,374197.760436505079269,244800.000000000000000,322200.000000000000000,11700.000000000000000,108900.000000000000000,116100.000000000000000,,900.000000000000000,9000.000000000000000,,900.000000000000000,2700.000000000000000,,,,,20175,SEWARD
339184,373630,2017500004410002007,15683.221993810242566,900.000000000000000,900.000000000000000,,900.000000000000000,,,,,,,,,,,,20175,SEWARD
339185,373631,2017500002770001005,36079.112298937565356,11700.000000000000000,1800.000000000000000,,900.000000000000000,1800.000000000000000,,1800.000000000000000,1800.000000000000000,900.000000000000000,4500.000000000000000,,1800.000000000000000,1800.000000000000000,3136.000000000000000,18816.000000000000000,20175,SEWARD
339186,373632,2017500041990001001,308226.044331861659884,,3600.000000000000000,,,,,,,,900.000000000000000,900.000000000000000,4500.000000000000000,17100.000000000000000,,,20175,SEWARD
339187,373633,2017500039800011001,35372.484665289375698,5400.000000000000000,900.000000000000000,900.000000000000000,,,,8100.000000000000000,1800.000000000000000,1800.000000000000000,7200.000000000000000,19800.000000000000000,12600.000000000000000,9900.000000000000000,,,20175,SEWARD
339188,373634,2017500005040005001,34769.780125016099191,2700.000000000000000,,,900.000000000000000,1800.000000000000000,,,,,,900.000000000000000,,,,,20175,SEWARD
339189,373635,2017500035510004026,34182.518619534006575,,,1800.000000000000000,,,900.000000000000000,,,7200.000000000000000,,,,,,,20175,SEWARD
339190,373636,2017500035840007001,73072.132645599980606,2700.000000000000000,4500.000000000000000,900.000000000000000,900.000000000000000,5400.000000000000000,6300.000000000000000,5400.000000000000000,1800.000000000000000,,10800.000000000000000,11700.000000000000000,10800.000000000000000,4500.000000000000000,9408.000000000000000,15680.000000000000000,20175,SEWARD
339191,373637,2017500006180003001,225493.007205917674582,7200.000000000000000,,6300.000000000000000,4500.000000000000000,5400.000000000000000,1800.000000000000000,900.000000000000000,900.000000000000000,8100.000000000000000,,,4500.000000000000000,2700.000000000000000,6272.000000000000000,12544.000000000000000,20175,SEWARD
339192,373638,2017500003490002001,337548.448221544967964,306900.000000000000000,337500.000000000000000,278100.000000000000000,333900.000000000000000,277200.000000000000000,266400.000000000000000,257400.000000000000000,278100.000000000000000,271800.000000000000000,,139500.000000000000000,,,,62720.000000000000000,20175,SEWARD
339193,373639,2017500004540001002,318837.596488799492363,,5400.000000000000000,,,900.000000000000000,,,,,,,,,,,20175,SEWARD
339194,373640,2017500041330003001,25081.561905275233585,,,,2700.000000000000000,,,,,6300.000000000000000,,,,4500.000000000000000,,,20175,SEWARD
339195,373641,2017500002270001002,641819.507888930500485,,,900.000000000000000,,39600.000000000000000,,,,,1800.000000000000000,,2700.000000000000000,9900.000000000000000,78400.000000000000000,,20175,SEWARD
339196,373642,2017500002810002005,506062.119164428382646,498600.000000000000000,498600.000000000000000,497700.000000000000000,503100.000000000000000,503100.000000000000000,449100.000000000000000,479700.000000000000000,483300.000000000000000,498600.000000000000000,500400.000000000000000,495000.000000000000000,499500.000000000000000,495900.000000000000000,492352.000000000000000,116032.000000000000000,20175,SEWARD
339197,373643,2017500002180005004,53471.343940619277419,55800.000000000000000,,55800.000000000000000,,55800.000000000000000,55800.000000000000000,55800.000000000000000,55800.000000000000000,54900.000000000000000,55800.000000000000000,55800.000000000000000,55800.000000000000000,54900.000000000000000,53312.000000000000000,53312.000000000000000,20175,SEWARD
339198,373644,2017500007560001002,590491.677246557781473,314100.000000000000000,540900.000000000000000,133200.000000000000000,129600.000000000000000,,3600.000000000000000,5400.000000000000000,2700.000000000000000,5400.000000000000000,1800.000000000000000,,,18900.000000000000000,,,20175,SEWARD
339199,373645,2017500004010001005,32041.061850582686020,6300.000000000000000,16200.000000000000000,7200.000000000000000,22500.000000000000000,,,,,,,2700.000000000000000,,,3136.000000000000000,3136.000000000000000,20175,SEWARD
339200,373646,2017500001740001003,263980.633833197003696,260100.000000000000000,261000.000000000000000,251100.000000000000000,253800.000000000000000,248400.000000000000000,219600.000000000000000,234900.000000000000000,241200.000000000000000,252900.000000000000000,254700.000000000000000,233100.000000000000000,232200.000000000000000,253800.000000000000000,222656.000000000000000,181888.000000000000000,20175,SEWARD
339201,373647,2017500035510004027,510785.234207684814464,39600.000000000000000,497700.000000000000000,,494100.000000000000000,,495900.000000000000000,,491400.000000000000000,,486000.000000000000000,,6300.000000000000000,,,,20175,SEWARD
339202,373648,2017500003150001003,135814.877961155754747,900.000000000000000,1800.000000000000000,1800.000000000000000,,1800.000000000000000,,,,10800.000000000000000,2700.000000000000000,21600.000000000000000,7200.000000000000000,16200.000000000000000,,34496.000000000000000,20175,SEWARD
339203,373649,2017500041930001003,503079.608174172870349,491400.000000000000000,,477000.000000000000000,,405000.000000000000000,344700.000000000000000,,,495900.000000000000000,485100.000000000000000,5400.000000000000000,,900.000000000000000,9408.000000000000000,3136.000000000000000,20175,SEWARD
339204,373650,2017500007110001005,35637.034768703975715,,2700.000000000000000,10800.000000000000000,25200.000000000000000,26100.000000000000000,900.000000000000000,,9900.000000000000000,4500.000000000000000,3600.000000000000000,900.000000000000000,5400.000000000000000,15300.000000000000000,12544.000000000000000,15680.000000000000000,20175,SEWARD
339205,373651,2017500040370001001,132674.505343640572391,6300.000000000000000,,9000.000000000000000,,1800.000000000000000,3600.000000000000000,,1800.000000000000000,,3600.000000000000000,,14400.000000000000000,,3136.000000000000000,,20175,SEWARD
339206,373652,2017500034960005001,28295.577220201495948,,,,,,,,,,,,,,,,20175,SEWARD
339207,373653,2017500006860001004,532503.604810370947234,,14400.000000000000000,,1800.000000000000000,,900.000000000000000,,1800.000000000000000,900.000000000000000,,,,,,,20175,SEWARD
339208,373654,2017500038420001006,508765.732291372027248,900.000000000000000,505800.000000000000000,,506700.000000000000000,,494100.000000000000000,,501300.000000000000000,,503100.000000000000000,900.000000000000000,504900.000000000000000,,476672.000000000000000,,20175,SEWARD
339209,373655,2017500043010001003,84550.521160740128835,,,,,,,,,,,,,,,,20175,SEWARD
339210,373656,2017500006250005001,215784.410919955378631,,,,,,,,,,,,,,,,20175,SEWARD
339211,373657,2017500003060002001,641852.366311801713891,,6300.000000000000000,,11700.000000000000000,,,,900.000000000000000,1800.000000000000000,1800.000000000000000,,,8100.000000000000000,,3136.000000000000000,20175,SEWARD
339212,373658,2017500001570001012,33436.676268855815579,1800.000000000000000,18000.000000000000000,2700.000000000000000,6300.000000000000000,,3600.000000000000000,,2700.000000000000000,,9000.000000000000000,1800.000000000000000,900.000000000000000,900.000000000000000,6272.000000000000000,,20175,SEWARD
339213,373659,2017500003940005002,91441.610514692700235,,,900.000000000000000,,,,,,,,,,,,,20175,SEWARD
339214,373660,2017500036760002001,75512.842582262106589,,,,,,,,,,,,,,,,20175,SEWARD
339215,373661,2017500011160001003,42341.003622373682447,2700.000000000000000,13500.000000000000000,,8100.000000000000000,,,900.000000000000000,2700.000000000000000,900.000000000000000,,9000.000000000000000,4500.000000000000000,900.000000000000000,,,20175,SEWARD
339216,373662,2017500035510004028,11238.704560297817807,900.000000000000000,5400.000000000000000,,9900.000000000000000,,6300.000000000000000,,3600.000000000000000,,2700.000000000000000,,900.000000000000000,,,,20175,SEWARD
339217,373663,2017500041300001001,538139.892210197634995,129600.000000000000000,296100.000000000000000,22500.000000000000000,530100.000000000000000,900.000000000000000,,,522900.000000000000000,6300.000000000000000,,525600.000000000000000,524700.000000000000000,,,482944.000000000000000,20175,SEWARD
339218,373664,2017500005480001001,636731.680440913187340,,,,,,,,,,,,,,,,20175,SEWARD
339219,373665,2017500009370008001,58862.902104900480481,7200.000000000000000,900.000000000000000,900.000000000000000,2700.000000000000000,3600.000000000000000,3600.000000000000000,1800.000000000000000,6300.000000000000000,3600.000000000000000,4500.000000000000000,34200.000000000000000,11700.000000000000000,8100.000000000000000,,15680.000000000000000,20175,SEWARD
339220,373666,2017500035510004029,63746.350736301748839,43200.000000000000000,,1800.000000000000000,47700.000000000000000,,900.000000000000000,,900.000000000000000,900.000000000000000,,,1800.000000000000000,,,,20175,SEWARD
339221,373667,2017500005660001004,435802.583563166728709,2700.000000000000000,22500.000000000000000,3600.000000000000000,181800.000000000000000,24300.000000000000000,,,,10800.000000000000000,,,5400.000000000000000,,,6272.000000000000000,20175,SEWARD
339222,373668,2017500034860001005,132254.423911643534666,9900.000000000000000,9000.000000000000000,,27000.000000000000000,900.000000000000000,,900.000000000000000,900.000000000000000,,5400.000000000000000,4500.000000000000000,1800.000000000000000,2700.000000000000000,56448.000000000000000,,20175,SEWARD
339223,373669,2017500009220001018,58475.360199328431918,1800.000000000000000,1800.000000000000000,3600.000000000000000,59400.000000000000000,6300.000000000000000,2700.000000000000000,3600.000000000000000,2700.000000000000000,4500.000000000000000,4500.000000000000000,22500.000000000000000,6300.000000000000000,6300.000000000000000,9408.000000000000000,15680.000000000000000,20175,SEWARD
339224,373670,2017500004440001005,67111.969344648532569,45900.000000000000000,,900.000000000000000,56700.000000000000000,,6300.000000000000000,29700.000000000000000,,7200.000000000000000,1800.000000000000000,7200.000000000000000,16200.000000000000000,7200.000000000000000,,3136.000000000000000,20175,SEWARD
339225,373671,2017500039820009001,33655.349610033423232,8100.000000000000000,5400.000000000000000,900.000000000000000,3600.000000000000000,2700.000000000000000,7200.000000000000000,4500.000000000000000,900.000000000000000,2700.000000000000000,4500.000000000000000,11700.000000000000000,3600.000000000000000,4500.000000000000000,6272.000000000000000,25088.000000000000000,20175,SEWARD
339226,373672,2017500038660001004,129888.342735641650506,1800.000000000000000,,2700.000000000000000,,,,,,,,,,,6272.000000000000000,,20175,SEWARD
339227,373673,2017500039500001001,36113.871240068285260,8100.000000000000000,2700.000000000000000,900.000000000000000,10800.000000000000000,2700.000000000000000,,,,6300.000000000000000,,,900.000000000000000,900.000000000000000,3136.000000000000000,,20175,SEWARD
339228,373674,2017500036970001002,321515.424991977051832,,,,,,,,,,,,,,,,20175,SEWARD
339229,373675,2017500003020001004,507311.032499656488653,501300.000000000000000,4500.000000000000000,,491400.000000000000000,,,,900.000000000000000,6300.000000000000000,,477900.000000000000000,485100.000000000000000,,476672.000000000000000,6272.000000000000000,20175,SEWARD
339230,373676,2017500009770001001,502240.717066823155619,500400.000000000000000,9000.000000000000000,495900.000000000000000,900.000000000000000,500400.000000000000000,500400.000000000000000,18000.000000000000000,500400.000000000000000,57600.000000000000000,500400.000000000000000,33300.000000000000000,497700.000000000000000,493200.000000000000000,479808.000000000000000,12544.000000000000000,20175,SEWARD
339231,373677,2017500007670004001,293073.786074776959140,,,,,,,,,,900.000000000000000,9900.000000000000000,,,,3136.000000000000000,20175,SEWARD
339232,373678,2017500009230002006,35306.223831792922283,4500.000000000000000,3600.000000000000000,900.000000000000000,4500.000000000000000,8100.000000000000000,,5400.000000000000000,900.000000000000000,,,900.000000000000000,5400.000000000000000,14400.000000000000000,,,20175,SEWARD
339233,373679,2017500041550001001,68052.402743802304030,8100.000000000000000,6300.000000000000000,5400.000000000000000,11700.000000000000000,8100.000000000000000,10800.000000000000000,7200.000000000000000,1800.000000000000000,1800.000000000000000,,16200.000000000000000,25200.000000000000000,,,25088.000000000000000,20175,SEWARD
339234,373680,2017500005820001002,184148.833355854847468,,,,,,,,900.000000000000000,,,,,,,,20175,SEWARD
339235,373681,2017500040140001001,486391.742022800433915,5400.000000000000000,482400.000000000000000,353700.000000000000000,,,469800.000000000000000,,468900.000000000000000,,472500.000000000000000,900.000000000000000,102600.000000000000000,900.000000000000000,435904.000000000000000,18816.000000000000000,20175,SEWARD
339236,373682,2017500005450001003,219011.249413135752548,900.000000000000000,141300.000000000000000,10800.000000000000000,209700.000000000000000,21600.000000000000000,,,,,,,,,,,20175,SEWARD
339237,373683,2017500000390001001,384656.125473935273476,75600.000000000000000,101700.000000000000000,900.000000000000000,3600.000000000000000,336600.000000000000000,,,260100.000000000000000,,2700.000000000000000,171900.000000000000000,,,348096.000000000000000,,20175,SEWARD
339238,373684,2017500035960001004,25405.842082226008642,1800.000000000000000,25200.000000000000000,8100.000000000000000,20700.000000000000000,,,,,,,1800.000000000000000,,1800.000000000000000,6272.000000000000000,9408.000000000000000,20175,SEWARD
339240,373686,2017500038950003003,7789.823112968427267,,4500.000000000000000,,,,,,,2700.000000000000000,,,5400.000000000000000,,,,20175,SEWARD
339241,373687,2017500034830001005,32058.507782728360326,900.000000000000000,900.000000000000000,,,,,,,,,,900.000000000000000,,,,20175,SEWARD
339242,373688,2017500007270004005,28645.678913475909212,23400.000000000000000,15300.000000000000000,3600.000000000000000,,,,,,,,,900.000000000000000,900.000000000000000,15680.000000000000000,9408.000000000000000,20175,SEWARD
339243,373689,2017500000730001001,599568.034432990476489,1800.000000000000000,2700.000000000000000,,900.000000000000000,,1800.000000000000000,,900.000000000000000,,,,,,,,20175,SEWARD
339244,373690,2017500040060001001,35690.540631848809426,1800.000000000000000,1800.000000000000000,,,,,,,,,,,,,,20175,SEWARD
339245,373691,2017500010000001003,326610.164094351755921,205200.000000000000000,,1800.000000000000000,295200.000000000000000,,900.000000000000000,,,,8100.000000000000000,900.000000000000000,,63900.000000000000000,,,20175,SEWARD
339246,373692,2017500041970001002,224308.649036300834268,,,,,,,,,,,1800.000000000000000,4500.000000000000000,2700.000000000000000,,,20175,SEWARD
339247,373693,2017500037850001001,67201.838277412607567,66600.000000000000000,54000.000000000000000,68400.000000000000000,69300.000000000000000,69300.000000000000000,69300.000000000000000,69300.000000000000000,68400.000000000000000,69300.000000000000000,70200.000000000000000,68400.000000000000000,69300.000000000000000,,,,20175,SEWARD
339248,373694,2017500008880004001,60436.687207406859670,1800.000000000000000,1800.000000000000000,900.000000000000000,900.000000000000000,2700.000000000000000,900.000000000000000,1800.000000000000000,4500.000000000000000,,8100.000000000000000,900.000000000000000,900.000000000000000,900.000000000000000,,,20175,SEWARD
339249,373695,2017500003960001003,161806.943451842613285,54900.000000000000000,900.000000000000000,,,,,,,900.000000000000000,,,,,,,20175,SEWARD
339250,373696,2017500003720007001,4151.820025620877459,2700.000000000000000,4500.000000000000000,2700.000000000000000,,,2700.000000000000000,,900.000000000000000,,,4500.000000000000000,2700.000000000000000,900.000000000000000,9408.000000000000000,6272.000000000000000,20175,SEWARD
339251,373697,2017500005690001002,383783.401636175287422,14400.000000000000000,155700.000000000000000,,205200.000000000000000,45900.000000000000000,,,,,3600.000000000000000,,,,,,20175,SEWARD
339252,373698,2017500041240004005,22282.351294437736215,,18900.000000000000000,,9000.000000000000000,1800.000000000000000,,,,,,,,,,,20175,SEWARD
339253,373699,2017500033320009001,31449.229916013115144,,,,,,,,,1800.000000000000000,900.000000000000000,,,,3136.000000000000000,,20175,SEWARD
339254,373700,2017500003240005021,42803.054998923806124,,,,,,,,2700.000000000000000,2700.000000000000000,,,,5400.000000000000000,3136.000000000000000,,20175,SEWARD
339255,373701,2017500002240003001,28995.021214432475972,2700.000000000000000,,900.000000000000000,,900.000000000000000,,,,,,900.000000000000000,5400.000000000000000,,6272.000000000000000,,20175,SEWARD
339256,373702,2017500039420001001,500611.708710329665337,491400.000000000000000,491400.000000000000000,492300.000000000000000,26100.000000000000000,496800.000000000000000,498600.000000000000000,17100.000000000000000,496800.000000000000000,499500.000000000000000,497700.000000000000000,495900.000000000000000,488700.000000000000000,495900.000000000000000,476672.000000000000000,473536.000000000000000,20175,SEWARD
339257,373703,2017500004910001001,535856.092722980421968,2700.000000000000000,3600.000000000000000,23400.000000000000000,526500.000000000000000,507600.000000000000000,510300.000000000000000,475200.000000000000000,510300.000000000000000,495900.000000000000000,484200.000000000000000,512100.000000000000000,525600.000000000000000,518400.000000000000000,,457856.000000000000000,20175,SEWARD
339258,373704,2017500042970001001,619848.451573115657084,900.000000000000000,,,,,,,,,3600.000000000000000,1800.000000000000000,2700.000000000000000,1800.000000000000000,,,20175,SEWARD
339259,373705,2017500039990001001,511864.906597685243469,505800.000000000000000,504900.000000000000000,11700.000000000000000,500400.000000000000000,492300.000000000000000,477900.000000000000000,351000.000000000000000,180900.000000000000000,481500.000000000000000,45900.000000000000000,490500.000000000000000,504000.000000000000000,492300.000000000000000,470400.000000000000000,429632.000000000000000,20175,SEWARD
339260,373706,2017500035470001004,34686.522127851159894,12600.000000000000000,,,900.000000000000000,900.000000000000000,,,,,,,,2700.000000000000000,6272.000000000000000,,20175,SEWARD
339261,373707,2017500038930004001,27901.861514581934898,1800.000000000000000,3600.000000000000000,,,,900.000000000000000,,5400.000000000000000,,5400.000000000000000,,3600.000000000000000,9000.000000000000000,12544.000000000000000,12544.000000000000000,20175,SEWARD
339262,373708,2017500001440003001,136645.961841167183593,126000.000000000000000,70200.000000000000000,,128700.000000000000000,37800.000000000000000,74700.000000000000000,77400.000000000000000,48600.000000000000000,7200.000000000000000,900.000000000000000,,4500.000000000000000,28800.000000000000000,,6272.000000000000000,20175,SEWARD
339263,373709,2017500038460001008,52191.094303817430045,5400.000000000000000,3600.000000000000000,,,26100.000000000000000,,,900.000000000000000,,5400.000000000000000,6300.000000000000000,7200.000000000000000,900.000000000000000,12544.000000000000000,12544.000000000000000,20175,SEWARD
339264,373710,2017500003560001005,32650.020657372078858,1800.000000000000000,18900.000000000000000,900.000000000000000,1800.000000000000000,5400.000000000000000,,5400.000000000000000,3600.000000000000000,,7200.000000000000000,3600.000000000000000,900.000000000000000,3600.000000000000000,,18816.000000000000000,20175,SEWARD
339265,373711,2017500012030003001,131510.120905519026564,900.000000000000000,900.000000000000000,16200.000000000000000,9000.000000000000000,,,,42300.000000000000000,,,,,2700.000000000000000,,,20175,SEWARD
339266,373712,2017500004740001001,1255799.765672006178647,79200.000000000000000,709200.000000000000000,900.000000000000000,5400.000000000000000,5400.000000000000000,900.000000000000000,,2700.000000000000000,17100.000000000000000,6300.000000000000000,,900.000000000000000,,9408.000000000000000,18816.000000000000000,20175,SEWARD
339267,373713,2017500004420001007,130840.790564890397945,90000.000000000000000,90000.000000000000000,88200.000000000000000,112500.000000000000000,85500.000000000000000,88200.000000000000000,,81900.000000000000000,90900.000000000000000,,19800.000000000000000,6300.000000000000000,,,,20175,SEWARD
339268,373714,2017500005010006001,156918.677619459573179,11700.000000000000000,8100.000000000000000,5400.000000000000000,,900.000000000000000,4500.000000000000000,,,900.000000000000000,900.000000000000000,1800.000000000000000,900.000000000000000,,,,20175,SEWARD
339269,373715,2017500039980014001,61899.788736781883927,11700.000000000000000,10800.000000000000000,9900.000000000000000,10800.000000000000000,11700.000000000000000,9900.000000000000000,11700.000000000000000,9000.000000000000000,9900.000000000000000,11700.000000000000000,18000.000000000000000,8100.000000000000000,7200.000000000000000,9408.000000000000000,25088.000000000000000,20175,SEWARD
339270,373716,2017500002460001008,30610.030401820258703,900.000000000000000,16200.000000000000000,18900.000000000000000,900.000000000000000,900.000000000000000,21600.000000000000000,,,1800.000000000000000,2700.000000000000000,,900.000000000000000,1800.000000000000000,3136.000000000000000,6272.000000000000000,20175,SEWARD
339271,373717,2017500009670007001,10768.530682856846397,,,2700.000000000000000,2700.000000000000000,,,4500.000000000000000,4500.000000000000000,,,4500.000000000000000,12600.000000000000000,5400.000000000000000,6272.000000000000000,6272.000000000000000,20175,SEWARD
339272,373718,2017500035510004030,26824.471453087051486,20700.000000000000000,,,18900.000000000000000,,900.000000000000000,,900.000000000000000,,,,900.000000000000000,2700.000000000000000,,,20175,SEWARD
339273,373719,2017500001170002002,514744.699347423797008,,493200.000000000000000,,498600.000000000000000,,486900.000000000000000,,495000.000000000000000,,,14400.000000000000000,52200.000000000000000,,18816.000000000000000,,20175,SEWARD
339274,373720,2017500004890001004,43779.905334771341586,3600.000000000000000,1800.000000000000000,,3600.000000000000000,3600.000000000000000,,,,9000.000000000000000,2700.000000000000000,1800.000000000000000,,1800.000000000000000,,6272.000000000000000,20175,SEWARD
339275,373721,2017500001240002001,221336.563823041622527,,,,,,,,,,,,9000.000000000000000,,,,20175,SEWARD
339276,373722,2017500033850001006,34050.978138548969582,21600.000000000000000,23400.000000000000000,14400.000000000000000,1800.000000000000000,9900.000000000000000,,,,5400.000000000000000,900.000000000000000,,,6300.000000000000000,18816.000000000000000,31360.000000000000000,20175,SEWARD
339277,373723,2017500002280001008,940218.327569216373377,937800.000000000000000,887400.000000000000000,898200.000000000000000,13500.000000000000000,908100.000000000000000,,891900.000000000000000,,898200.000000000000000,907200.000000000000000,166500.000000000000000,916200.000000000000000,27000.000000000000000,846720.000000000000000,37632.000000000000000,20175,SEWARD
339278,373724,2017500041270001001,22996.744220731659880,2700.000000000000000,1800.000000000000000,1800.000000000000000,1800.000000000000000,1800.000000000000000,1800.000000000000000,,3600.000000000000000,,,2700.000000000000000,1800.000000000000000,,,,20175,SEWARD
339279,373725,2017500039890009001,37145.532556519683567,4500.000000000000000,2700.000000000000000,900.000000000000000,3600.000000000000000,3600.000000000000000,,,,2700.000000000000000,6300.000000000000000,2700.000000000000000,5400.000000000000000,4500.000000000000000,3136.000000000000000,,20175,SEWARD
339281,373727,2017500001040003001,38155.838252284243936,1800.000000000000000,1800.000000000000000,900.000000000000000,900.000000000000000,,,900.000000000000000,900.000000000000000,1800.000000000000000,1800.000000000000000,900.000000000000000,,4500.000000000000000,6272.000000000000000,,20175,SEWARD
339282,373728,2017500002870002002,119372.913685538660502,116100.000000000000000,6300.000000000000000,,,,,,43200.000000000000000,,81000.000000000000000,,101700.000000000000000,,62720.000000000000000,9408.000000000000000,20175,SEWARD
339283,373729,2017500003960001004,162977.136627792351646,66600.000000000000000,151200.000000000000000,,,,,,,900.000000000000000,,,,,,,20175,SEWARD
339284,373730,2017500004520007001,26313.968778920891054,,,,,,,,900.000000000000000,,,,1800.000000000000000,,,,20175,SEWARD
339285,373731,2017500039650002001,33863.185121932714537,1800.000000000000000,900.000000000000000,900.000000000000000,900.000000000000000,1800.000000000000000,,,,,,,,,3136.000000000000000,,20175,SEWARD
339286,373732,2017500035960001005,29670.792490593066759,,25200.000000000000000,9000.000000000000000,26100.000000000000000,,,,,,,,,2700.000000000000000,,,20175,SEWARD
339287,373733,2017500008420001002,305881.744258558668662,3600.000000000000000,,,3600.000000000000000,1800.000000000000000,293400.000000000000000,13500.000000000000000,296100.000000000000000,281700.000000000000000,304200.000000000000000,4500.000000000000000,4500.000000000000000,2700.000000000000000,,,20175,SEWARD
341168,375632,2017500000810002003,511443.853846844052896,460800.000000000000000,3600.000000000000000,486900.000000000000000,484200.000000000000000,427500.000000000000000,490500.000000000000000,9000.000000000000000,306000.000000000000000,,432900.000000000000000,495000.000000000000000,436500.000000000000000,396900.000000000000000,473536.000000000000000,460992.000000000000000,20175,SEWARD
341169,375633,2017500009150001002,84147.671645939481095,16200.000000000000000,900.000000000000000,,1800.000000000000000,1800.000000000000000,,,,900.000000000000000,,900.000000000000000,2700.000000000000000,900.000000000000000,,,20175,SEWARD
341170,375634,2017500038840008003,518552.350457057240419,1800.000000000000000,490500.000000000000000,476100.000000000000000,,,501300.000000000000000,498600.000000000000000,9000.000000000000000,,494100.000000000000000,495000.000000000000000,9000.000000000000000,,492352.000000000000000,454720.000000000000000,20175,SEWARD
341171,375637,2017500035120001005,172653.327441501838621,114300.000000000000000,,127800.000000000000000,900.000000000000000,115200.000000000000000,,102600.000000000000000,89100.000000000000000,120600.000000000000000,96300.000000000000000,110700.000000000000000,11700.000000000000000,111600.000000000000000,109760.000000000000000,21952.000000000000000,20175,SEWARD
341172,375641,2017500007590001003,489717.023043664114084,9000.000000000000000,489600.000000000000000,2700.000000000000000,492300.000000000000000,487800.000000000000000,65700.000000000000000,480600.000000000000000,488700.000000000000000,487800.000000000000000,491400.000000000000000,489600.000000000000000,490500.000000000000000,489600.000000000000000,479808.000000000000000,442176.000000000000000,20175,SEWARD
341173,375642,2017500006990010004,511623.645038636750542,504900.000000000000000,510300.000000000000000,19800.000000000000000,496800.000000000000000,508500.000000000000000,500400.000000000000000,900.000000000000000,505800.000000000000000,510300.000000000000000,505800.000000000000000,506700.000000000000000,279000.000000000000000,502200.000000000000000,492352.000000000000000,489216.000000000000000,20175,SEWARD
341174,375643,2017500009840001003,228443.640926727734040,104400.000000000000000,223200.000000000000000,7200.000000000000000,,,215100.000000000000000,,226800.000000000000000,,225000.000000000000000,,4500.000000000000000,,200704.000000000000000,28224.000000000000000,20175,SEWARD
341175,375645,2017500009390001003,58012.788042678323109,17100.000000000000000,54000.000000000000000,9900.000000000000000,1800.000000000000000,,,,,,,,,,,,20175,SEWARD
341176,375647,2017500005880002001,96306.563033048005309,900.000000000000000,900.000000000000000,900.000000000000000,,17100.000000000000000,,,,,,,,,,,20175,SEWARD
341177,375651,2017500035180001004,500490.022173307021149,490500.000000000000000,465300.000000000000000,475200.000000000000000,47700.000000000000000,486000.000000000000000,,475200.000000000000000,,484200.000000000000000,,53100.000000000000000,494100.000000000000000,486000.000000000000000,464128.000000000000000,457856.000000000000000,20175,SEWARD
341178,375652,2017500040640001021,499604.369827658403665,480600.000000000000000,,477900.000000000000000,,476100.000000000000000,,470700.000000000000000,,495900.000000000000000,,480600.000000000000000,487800.000000000000000,477000.000000000000000,,,20175,SEWARD
341179,375657,2017500009150003003,16179.391043846673711,900.000000000000000,,,900.000000000000000,,,,,1800.000000000000000,,1800.000000000000000,900.000000000000000,900.000000000000000,,,20175,SEWARD
341180,375659,2017500001370001010,506218.632884305086918,7200.000000000000000,496800.000000000000000,,495900.000000000000000,900.000000000000000,493200.000000000000000,,40500.000000000000000,475200.000000000000000,,488700.000000000000000,900.000000000000000,494100.000000000000000,,467264.000000000000000,20175,SEWARD
341181,375663,2017500037860001002,508506.079428169061430,900.000000000000000,1800.000000000000000,900.000000000000000,5400.000000000000000,226800.000000000000000,245700.000000000000000,247500.000000000000000,252000.000000000000000,270000.000000000000000,283500.000000000000000,468900.000000000000000,504000.000000000000000,504900.000000000000000,479808.000000000000000,439040.000000000000000,20175,SEWARD
341182,375664,2017500009790001002,524492.521246042451821,500400.000000000000000,43200.000000000000000,2700.000000000000000,3600.000000000000000,,7200.000000000000000,501300.000000000000000,497700.000000000000000,,,480600.000000000000000,,504000.000000000000000,,486080.000000000000000,20175,SEWARD
397528,441741,2017500011250001001,951325.802305186633021,900.000000000000000,,,900.000000000000000,,,,,,,,,,,,20175,SEWARD
397529,441742,2017500011050001001,518863.406970729527529,,,,,,,,,,,,,,,,20175,SEWARD
397530,441743,2017500000920006001,1597525.813286389457062,4500.000000000000000,,,,,,,,,,,900.000000000000000,,,,20175,SEWARD
397531,441744,2017500011020001001,64367.128564167061995,,,,,,,,,,,,,,,,20175,SEWARD
397532,441745,2017500011050002001,109231.178112557885470,,,,,,,,,,,,1800.000000000000000,,,,20175,SEWARD
397533,441746,2017500000920008001,41101.245466319545812,,,,,,,,,,,,3600.000000000000000,,,,20175,SEWARD
397534,441747,2017500011660001001,161890.164754948113114,,,,,,,,,,,2700.000000000000000,,,,,20175,SEWARD
397535,441748,2017500011670001001,171078.243201412609778,,,,,,,,,,,,,,,,20175,SEWARD
397536,441749,2017500011330005001,39740.264147239286103,,,,,,,,,,,,,,,,20175,SEWARD
397537,441750,2017500011330002001,46843.418472708937770,,,,,,,,,,,,,,,,20175,SEWARD
397538,441751,2017500011330001001,170920.378464099252596,,,,,,,,,,,,,,,,20175,SEWARD
397539,441752,2017500011330006001,456900.332470757246483,,,,,,,,,,,,,,,,20175,SEWARD
397540,441753,2017500011330003001,95942.891332854444045,,,,,,,,,,,,,,,,20175,SEWARD
397541,441754,2017500011330007001,173962.843131847650511,,,,,,,,,,,900.000000000000000,,,,,20175,SEWARD
397542,441755,2017500011700003001,48193.066940015167347,1800.000000000000000,,,,,,,,,,,,,,,20175,SEWARD
397543,441756,2017500000940009001,16931.065521243090188,,,2700.000000000000000,15300.000000000000000,15300.000000000000000,15300.000000000000000,15300.000000000000000,15300.000000000000000,15300.000000000000000,,,14400.000000000000000,16200.000000000000000,18816.000000000000000,18816.000000000000000,20175,SEWARD
397544,441757,2017500000940010001,126531.041788875358179,900.000000000000000,,3600.000000000000000,,,,,1800.000000000000000,5400.000000000000000,41400.000000000000000,,,,3136.000000000000000,,20175,SEWARD
397545,441758,2017500000940011001,5201.805757592162990,,,,,,,,,,,,,,,,20175,SEWARD
397546,441759,2017500000940014001,375309.757488702016417,,,,,,,,,,,,,,,,20175,SEWARD
397547,441760,2017500000940012001,561844.700254024122842,5400.000000000000000,,,900.000000000000000,900.000000000000000,900.000000000000000,,900.000000000000000,900.000000000000000,900.000000000000000,1800.000000000000000,,1800.000000000000000,,6272.000000000000000,20175,SEWARD
397548,441761,2017500000940013001,23347.975077758706902,4500.000000000000000,900.000000000000000,,900.000000000000000,1800.000000000000000,4500.000000000000000,1800.000000000000000,2700.000000000000000,2700.000000000000000,1800.000000000000000,4500.000000000000000,1800.000000000000000,8100.000000000000000,6272.000000000000000,6272.000000000000000,20175,SEWARD
397549,441762,2017502018920002001,30677.017048947011062,,,,,,,,,,,,,,,,20175,SEWARD
397550,441763,2017502018930003001,14387.535194553796828,,,,,,,,,,,,,,,,20175,SEWARD
397551,441764,2017502018940004001,9138.218838194847194,1800.000000000000000,900.000000000000000,,,900.000000000000000,,,900.000000000000000,,2700.000000000000000,1800.000000000000000,900.000000000000000,900.000000000000000,,6272.000000000000000,20175,SEWARD
397552,441765,2017502018960005001,471012.875361974758562,19800.000000000000000,18000.000000000000000,900.000000000000000,16200.000000000000000,1800.000000000000000,11700.000000000000000,,900.000000000000000,5400.000000000000000,14400.000000000000000,4500.000000000000000,12600.000000000000000,27900.000000000000000,18816.000000000000000,43904.000000000000000,20175,SEWARD
397553,441766,2017502018970006001,16108.457860805930977,,,,,,,,,,,,,,,3136.000000000000000,20175,SEWARD
397554,441767,2017502018980002001,92367.782175876593101,4500.000000000000000,37800.000000000000000,33300.000000000000000,3600.000000000000000,36000.000000000000000,900.000000000000000,,900.000000000000000,900.000000000000000,29700.000000000000000,36000.000000000000000,,,,,20175,SEWARD
397555,441768,2017500011630003001,44729.503029827938008,,,,,,,,,,,,,,,,20175,SEWARD
397556,441769,2017502018990008001,9886.959181407532014,,,,,,,,,,,,,,,,20175,SEWARD
397557,441770,2017500000220005001,7159.449309708095825,1800.000000000000000,,,,,,,,900.000000000000000,,,,1800.000000000000000,,,20175,SEWARD
397558,441771,2017500011630009001,162463.407626512896968,1800.000000000000000,,900.000000000000000,,,,,,,,,,,,,20175,SEWARD
397559,441772,2017520189220002001,72370.730489148030756,12600.000000000000000,10800.000000000000000,7200.000000000000000,900.000000000000000,9900.000000000000000,4500.000000000000000,,3600.000000000000000,1800.000000000000000,1800.000000000000000,1800.000000000000000,6300.000000000000000,12600.000000000000000,,,20175,SEWARD
397560,441774,2017500011230001001,648690.428758285357617,900.000000000000000,,900.000000000000000,,900.000000000000000,900.000000000000000,,,,,,,3600.000000000000000,,,20175,SEWARD
397561,441775,2017500039310004001,1418480.503778756596148,3600.000000000000000,,,,3600.000000000000000,,,,2700.000000000000000,,,,19800.000000000000000,,109760.000000000000000,20175,SEWARD
397562,441776,2017500039810005001,11354.291824522211755,,,,,,,,,,,,,,,,20175,SEWARD
397563,441777,2017500002950002001,40179.843823273818998,2700.000000000000000,2700.000000000000000,1800.000000000000000,1800.000000000000000,900.000000000000000,900.000000000000000,,,,1800.000000000000000,1800.000000000000000,1800.000000000000000,900.000000000000000,,6272.000000000000000,20175,SEWARD
397564,441778,2017500003370002001,173896.355616077722516,900.000000000000000,,,,,,,,,,,,,,18816.000000000000000,20175,SEWARD
397565,441779,2017500039810004001,37803.793805201537907,4500.000000000000000,4500.000000000000000,4500.000000000000000,4500.000000000000000,3600.000000000000000,3600.000000000000000,,1800.000000000000000,3600.000000000000000,6300.000000000000000,5400.000000000000000,,900.000000000000000,,6272.000000000000000,20175,SEWARD
397566,441780,2017500039820012001,654591.781672002514824,10800.000000000000000,4500.000000000000000,2700.000000000000000,3600.000000000000000,2700.000000000000000,1800.000000000000000,1800.000000000000000,,5400.000000000000000,2700.000000000000000,4500.000000000000000,,,,,20175,SEWARD
397567,441781,2017500011700002001,71776.742010746878805,,900.000000000000000,,,,,,,,,,,,,,20175,SEWARD
397568,441782,2017500011120001001,3233201.978222903795540,4500.000000000000000,,,,9000.000000000000000,900.000000000000000,,,900.000000000000000,,4500.000000000000000,,,,6272.000000000000000,20175,SEWARD
397569,441783,2017500011610001001,4109889.701467295642942,19800.000000000000000,,2700.000000000000000,,1800.000000000000000,,,,1800.000000000000000,,,,12600.000000000000000,,81536.000000000000000,20175,SEWARD
397570,441784,2017500011790001001,594884.272427475079894,900.000000000000000,,,,,,,,,,900.000000000000000,,,,28224.000000000000000,20175,SEWARD
397571,441785,2017500003290007001,195516.022747153881937,,,,,,,,,,,,,,,,20175,SEWARD
397572,441786,2017500003290006001,519564.404413281939924,1800.000000000000000,,,,,,,,,,900.000000000000000,,,,,20175,SEWARD
397573,441787,2017500003290004001,160214.136458678025519,3600.000000000000000,900.000000000000000,,,1800.000000000000000,1800.000000000000000,2700.000000000000000,,,,8100.000000000000000,,,,3136.000000000000000,20175,SEWARD
397574,441788,2017500003290005001,375940.547385945159476,,900.000000000000000,,900.000000000000000,,,,,,,,,,,,20175,SEWARD
397575,441789,2017500002460003001,4641.605352891544499,,,,,,,,,,,,,,,,20175,SEWARD
397576,441790,2017500034100002001,8641.710756405154825,,,900.000000000000000,,,,,,,,900.000000000000000,,,,,20175,SEWARD
397577,441792,2017500034100003001,36498.129821613605600,27900.000000000000000,,,25200.000000000000000,2700.000000000000000,,,,3600.000000000000000,1800.000000000000000,,,1800.000000000000000,3136.000000000000000,,20175,SEWARD
397578,441795,2017500004270003001,4474.389825759111773,,900.000000000000000,,,,,900.000000000000000,,,,900.000000000000000,,,,,20175,SEWARD
397579,441796,2017500042000002001,67200.921703730899026,,5400.000000000000000,1800.000000000000000,,,,,,,,,,,,,20175,SEWARD
397580,441797,2017500042010002001,16227.023141295032474,2700.000000000000000,,,,,,,,,,,,,,,20175,SEWARD
397581,441798,2017500001760002001,5009.916305447638479,900.000000000000000,900.000000000000000,,,,,,,,,,,,,,20175,SEWARD
397582,441799,2017500033750006001,5728.121578363620756,2700.000000000000000,,,1800.000000000000000,900.000000000000000,,,,,,,,900.000000000000000,,,20175,SEWARD
397583,441800,2017500033750008001,27976.167734028687846,12600.000000000000000,14400.000000000000000,11700.000000000000000,15300.000000000000000,23400.000000000000000,10800.000000000000000,13500.000000000000000,9900.000000000000000,12600.000000000000000,9900.000000000000000,12600.000000000000000,9900.000000000000000,13500.000000000000000,3136.000000000000000,9408.000000000000000,20175,SEWARD
397584,441801,2017520081160001001,611819.597143311053514,409500.000000000000000,571500.000000000000000,245700.000000000000000,290700.000000000000000,179100.000000000000000,18000.000000000000000,900.000000000000000,22500.000000000000000,86400.000000000000000,279900.000000000000000,274500.000000000000000,317700.000000000000000,380700.000000000000000,266560.000000000000000,9408.000000000000000,20175,SEWARD
397585,441802,2017500004230002001,8040.529021045161244,3600.000000000000000,,,1800.000000000000000,,,,,,,,,,,,20175,SEWARD
397586,441803,2017500004230005001,4417.910281919423142,900.000000000000000,,,3600.000000000000000,,,,,,,,,,,,20175,SEWARD
397587,441804,2017500033660004001,5938.767403985986675,,900.000000000000000,,,,,,,900.000000000000000,,,,,,,20175,SEWARD
397588,441805,2017500002480002001,4298.786163083206702,900.000000000000000,,,900.000000000000000,900.000000000000000,,,,,,,,,,6272.000000000000000,20175,SEWARD
397589,441806,2017500002800003001,11284.681950140557092,2700.000000000000000,,,3600.000000000000000,900.000000000000000,,,,900.000000000000000,,,4500.000000000000000,,,,20175,SEWARD
397590,441808,2017500004400003001,8019.390870385795097,900.000000000000000,2700.000000000000000,,900.000000000000000,900.000000000000000,,,,2700.000000000000000,900.000000000000000,900.000000000000000,900.000000000000000,2700.000000000000000,,3136.000000000000000,20175,SEWARD
397591,441809,2017500002890002001,5149.683773116808879,4500.000000000000000,4500.000000000000000,,2700.000000000000000,2700.000000000000000,,,,2700.000000000000000,,,,,,3136.000000000000000,20175,SEWARD
397592,441811,2017500003490003001,6410.252350522277084,,,,,,,,,,,,,,,,20175,SEWARD
397593,441812,2017500003490004001,16552.233567368075455,11700.000000000000000,11700.000000000000000,7200.000000000000000,13500.000000000000000,7200.000000000000000,6300.000000000000000,5400.000000000000000,9000.000000000000000,5400.000000000000000,,,,,,3136.000000000000000,20175,SEWARD
397594,441816,2017500002210002001,4311.093989470215092,,900.000000000000000,,,900.000000000000000,,,,,,,,900.000000000000000,,,20175,SEWARD
397595,441817,2017500040140002001,7005.087386099440664,,,,,,,,,,,,,,,,20175,SEWARD
397596,441818,2017502011910001001,663797.122762850718573,,64800.000000000000000,1800.000000000000000,,,,900.000000000000000,900.000000000000000,,,,,,,3136.000000000000000,20175,SEWARD
397597,441820,2017500003830003001,4427.761593132143389,,8100.000000000000000,,,,,,,,,,,,,,20175,SEWARD
397598,441821,2017500040820002001,5572.524378476205129,4500.000000000000000,,,,,,,,,,,,,,,20175,SEWARD
397599,441823,2017500033200002001,6512.381925684975613,900.000000000000000,4500.000000000000000,,2700.000000000000000,,2700.000000000000000,,2700.000000000000000,,2700.000000000000000,3600.000000000000000,1800.000000000000000,2700.000000000000000,6272.000000000000000,6272.000000000000000,20175,SEWARD
397600,441824,2017500033200003001,5133.197150250613049,900.000000000000000,2700.000000000000000,,4500.000000000000000,,1800.000000000000000,,4500.000000000000000,900.000000000000000,2700.000000000000000,5400.000000000000000,,5400.000000000000000,3136.000000000000000,,20175,SEWARD
397601,441825,2017500033200004001,5220.714988317668940,6300.000000000000000,5400.000000000000000,6300.000000000000000,,6300.000000000000000,,6300.000000000000000,,6300.000000000000000,,6300.000000000000000,6300.000000000000000,1800.000000000000000,,,20175,SEWARD
397602,441826,2017500033200005001,10127.679860476684553,9000.000000000000000,5400.000000000000000,9000.000000000000000,,9000.000000000000000,,9000.000000000000000,,9000.000000000000000,,9000.000000000000000,9000.000000000000000,,21952.000000000000000,,20175,SEWARD
397603,441829,2017500004030005001,8415.433490878700468,3600.000000000000000,6300.000000000000000,4500.000000000000000,4500.000000000000000,5400.000000000000000,,,3600.000000000000000,4500.000000000000000,2700.000000000000000,6300.000000000000000,,4500.000000000000000,,,20175,SEWARD
397604,441830,2017500004030004001,5863.831634819168357,2700.000000000000000,4500.000000000000000,2700.000000000000000,4500.000000000000000,900.000000000000000,2700.000000000000000,1800.000000000000000,3600.000000000000000,1800.000000000000000,5400.000000000000000,3600.000000000000000,4500.000000000000000,5400.000000000000000,6272.000000000000000,6272.000000000000000,20175,SEWARD
397605,441831,2017502008110004001,17363.655220656790334,1800.000000000000000,1800.000000000000000,,900.000000000000000,,,,,3600.000000000000000,,,2700.000000000000000,1800.000000000000000,,,20175,SEWARD
397606,441832,2017500004130005001,6425.960161080471153,8100.000000000000000,7200.000000000000000,4500.000000000000000,6300.000000000000000,900.000000000000000,,2700.000000000000000,,,2700.000000000000000,,6300.000000000000000,,3136.000000000000000,,20175,SEWARD
397607,441833,2017500004130004001,15031.376558677462526,1800.000000000000000,3600.000000000000000,,,,,,,900.000000000000000,,,,,,,20175,SEWARD
397608,441834,2017500003240008001,8221.816462967846746,1800.000000000000000,900.000000000000000,,2700.000000000000000,,,,,,,,,,,,20175,SEWARD
397609,441835,2017500003240005022,12064.660982739684187,,,,1800.000000000000000,,,,,,,,,,,,20175,SEWARD
397610,441836,2017500004180005001,9620.241160503930587,900.000000000000000,,,,1800.000000000000000,,,,1800.000000000000000,,,,2700.000000000000000,,,20175,SEWARD
397611,441838,2017500004180006001,5462.014704612216519,4500.000000000000000,,,,,,,,,,,,,,,20175,SEWARD
397612,441839,2017500003240007001,50511.899674909698660,3600.000000000000000,1800.000000000000000,,,,,,,,,,,,,12544.000000000000000,20175,SEWARD
397613,441840,2017500003240006001,18457.040487627669791,,3600.000000000000000,,,,,,,,,,,,,,20175,SEWARD
397614,441841,2017500039730005001,10021.624468046657057,,,,,,,,,,,,,,,,20175,SEWARD
397615,441842,2017500003910005001,7667.518546924768998,,,,,,,,,,,,,,,,20175,SEWARD
397616,441843,2017500003900004001,5834.502924153513959,6300.000000000000000,6300.000000000000000,3600.000000000000000,6300.000000000000000,3600.000000000000000,2700.000000000000000,2700.000000000000000,2700.000000000000000,,,,,3600.000000000000000,3136.000000000000000,,20175,SEWARD
397617,441845,2017502011970001001,1273249.281528463819996,414000.000000000000000,514800.000000000000000,463500.000000000000000,517500.000000000000000,1035900.000000000000000,450900.000000000000000,468900.000000000000000,15300.000000000000000,961200.000000000000000,486900.000000000000000,568800.000000000000000,496800.000000000000000,549000.000000000000000,874944.000000000000000,542528.000000000000000,20175,SEWARD
397618,441846,2017502011980004001,13850.923425298044094,,6300.000000000000000,,6300.000000000000000,,,2700.000000000000000,,,6300.000000000000000,,,,,,20175,SEWARD
397619,441847,2017502011990003001,173048.462349692825228,,141300.000000000000000,,141300.000000000000000,,12600.000000000000000,120600.000000000000000,,,106200.000000000000000,,2700.000000000000000,,,,20175,SEWARD
397620,441848,2017520119100006001,451270.845857143634930,,356400.000000000000000,,357300.000000000000000,5400.000000000000000,12600.000000000000000,272700.000000000000000,900.000000000000000,,213300.000000000000000,,3600.000000000000000,,,,20175,SEWARD
397621,441849,2017520119110005001,5450.189316146758756,900.000000000000000,1800.000000000000000,,900.000000000000000,,1800.000000000000000,2700.000000000000000,,,,,900.000000000000000,,,,20175,SEWARD
397622,441850,2017520119120001001,622601.139644578099251,493200.000000000000000,2700.000000000000000,477900.000000000000000,,514800.000000000000000,,483300.000000000000000,468000.000000000000000,,,479700.000000000000000,487800.000000000000000,538200.000000000000000,454720.000000000000000,432768.000000000000000,20175,SEWARD
397623,441851,2017520119130001001,626660.651615967042744,4500.000000000000000,4500.000000000000000,499500.000000000000000,510300.000000000000000,,332100.000000000000000,,136800.000000000000000,466200.000000000000000,499500.000000000000000,,,,,,20175,SEWARD
397624,441852,2017520119140002001,5898.288871881090927,,,,,,,,900.000000000000000,,900.000000000000000,,,,,,20175,SEWARD
397625,441853,2017520119150003001,16863.214878154121834,,,1800.000000000000000,,900.000000000000000,1800.000000000000000,,900.000000000000000,,1800.000000000000000,1800.000000000000000,900.000000000000000,3600.000000000000000,6272.000000000000000,3136.000000000000000,20175,SEWARD
397626,441854,2017520119210001001,636499.202596503193490,286200.000000000000000,298800.000000000000000,,7200.000000000000000,1800.000000000000000,,,44100.000000000000000,2700.000000000000000,,,,,3136.000000000000000,,20175,SEWARD
397627,441855,2017500039480005001,23036.093612931166717,4500.000000000000000,900.000000000000000,2700.000000000000000,,900.000000000000000,900.000000000000000,,3600.000000000000000,,,900.000000000000000,,900.000000000000000,,,20175,SEWARD
397628,441857,2017500039190004001,11170.424319022202326,,,,,,,,,,,,,,,,20175,SEWARD
397629,441858,2017500003630004001,5483.157905787539676,3600.000000000000000,900.000000000000000,3600.000000000000000,1800.000000000000000,,2700.000000000000000,,3600.000000000000000,,3600.000000000000000,1800.000000000000000,,5400.000000000000000,,,20175,SEWARD
397630,441859,2017520119220001001,649797.446251977817155,312300.000000000000000,243900.000000000000000,11700.000000000000000,451800.000000000000000,900.000000000000000,11700.000000000000000,2700.000000000000000,,900.000000000000000,,,29700.000000000000000,,,,20175,SEWARD
397631,441860,2017520119230001001,635033.999637242872268,,900.000000000000000,6300.000000000000000,,6300.000000000000000,3600.000000000000000,,,,,,,,,,20175,SEWARD
397632,441861,2017500002600003001,15737.990344063911834,,,,6300.000000000000000,7200.000000000000000,,,,,,,900.000000000000000,,,,20175,SEWARD
397633,441862,2017500002590005001,4358.050195473942040,,,,1800.000000000000000,,,,,,,,,,,,20175,SEWARD
397634,441863,2017500004870002001,19271.639506166095089,5400.000000000000000,4500.000000000000000,2700.000000000000000,2700.000000000000000,2700.000000000000000,3600.000000000000000,1800.000000000000000,4500.000000000000000,5400.000000000000000,3600.000000000000000,900.000000000000000,1800.000000000000000,6300.000000000000000,,3136.000000000000000,20175,SEWARD
397635,441864,2017500041580008001,8411.489913520261325,4500.000000000000000,4500.000000000000000,1800.000000000000000,2700.000000000000000,1800.000000000000000,1800.000000000000000,,,7200.000000000000000,4500.000000000000000,6300.000000000000000,,,,,20175,SEWARD
397636,441866,2017500000790002001,6949.061215798072226,,,,,,,,,,,,,,,,20175,SEWARD
397637,441867,2017500011180002001,54083.803415437745571,,,900.000000000000000,,,,,,,,1800.000000000000000,,14400.000000000000000,,9408.000000000000000,20175,SEWARD
397638,441868,2017500000510003001,13058.353086348894067,900.000000000000000,900.000000000000000,,,,,,,,900.000000000000000,900.000000000000000,,,,,20175,SEWARD
397639,441869,2017500000510002001,306797.941476748092100,4500.000000000000000,2700.000000000000000,1800.000000000000000,2700.000000000000000,1800.000000000000000,900.000000000000000,,,4500.000000000000000,900.000000000000000,7200.000000000000000,7200.000000000000000,9000.000000000000000,,,20175,SEWARD
397640,441870,2017500011580001001,40013.352377891780634,,,,,,,,,,,900.000000000000000,,,,,20175,SEWARD
397641,441871,2017500039040005001,4476.461931033994915,,900.000000000000000,,,1800.000000000000000,,,1800.000000000000000,,1800.000000000000000,1800.000000000000000,,3600.000000000000000,,,20175,SEWARD
397642,441872,2017500001880009001,34188.394799606110610,4500.000000000000000,4500.000000000000000,3600.000000000000000,4500.000000000000000,4500.000000000000000,4500.000000000000000,3600.000000000000000,3600.000000000000000,4500.000000000000000,4500.000000000000000,10800.000000000000000,,,,,20175,SEWARD
397643,441877,2017520189310007001,14837.053318269079682,900.000000000000000,900.000000000000000,900.000000000000000,3600.000000000000000,900.000000000000000,5400.000000000000000,900.000000000000000,900.000000000000000,3600.000000000000000,6300.000000000000000,3600.000000000000000,,,3136.000000000000000,,20175,SEWARD
397644,441878,2017520189320004007,5888.743609038022441,900.000000000000000,,900.000000000000000,900.000000000000000,3600.000000000000000,,2700.000000000000000,900.000000000000000,,4500.000000000000000,1800.000000000000000,,,,3136.000000000000000,20175,SEWARD
397645,441878,2017520189320004007,4076.491611535383527,900.000000000000000,,900.000000000000000,900.000000000000000,3600.000000000000000,,2700.000000000000000,900.000000000000000,,4500.000000000000000,1800.000000000000000,,,,3136.000000000000000,20175,SEWARD
397646,441879,2017500001880003001,165689.936184610764030,25200.000000000000000,26100.000000000000000,9900.000000000000000,17100.000000000000000,18000.000000000000000,35100.000000000000000,36000.000000000000000,29700.000000000000000,30600.000000000000000,37800.000000000000000,52200.000000000000000,,8100.000000000000000,15680.000000000000000,6272.000000000000000,20175,SEWARD
397647,441880,2017500001880005001,38146.519465528763249,8100.000000000000000,7200.000000000000000,,,,9000.000000000000000,9000.000000000000000,9000.000000000000000,,8100.000000000000000,9900.000000000000000,,6300.000000000000000,9408.000000000000000,,20175,SEWARD
397648,441881,2017500001880006001,32267.364336144222762,2700.000000000000000,3600.000000000000000,3600.000000000000000,1800.000000000000000,1800.000000000000000,,2700.000000000000000,1800.000000000000000,,3600.000000000000000,3600.000000000000000,,4500.000000000000000,3136.000000000000000,,20175,SEWARD
397649,441882,2017500001410007001,2065317.083218811079860,601200.000000000000000,1383300.000000000000000,990900.000000000000000,1023300.000000000000000,709200.000000000000000,478800.000000000000000,538200.000000000000000,444600.000000000000000,494100.000000000000000,933300.000000000000000,512100.000000000000000,495900.000000000000000,497700.000000000000000,,,20175,SEWARD
397650,441883,2017500001410015001,28350.131408579003619,,1800.000000000000000,900.000000000000000,,900.000000000000000,,,,,,,2700.000000000000000,900.000000000000000,,,20175,SEWARD
397651,441884,2017500001410016001,31931.663580978573009,2700.000000000000000,2700.000000000000000,2700.000000000000000,,900.000000000000000,,,,,,1800.000000000000000,,,,,20175,SEWARD
397652,441885,2017500001410017001,32998.894269839431217,5400.000000000000000,2700.000000000000000,4500.000000000000000,2700.000000000000000,5400.000000000000000,,900.000000000000000,900.000000000000000,900.000000000000000,6300.000000000000000,10800.000000000000000,,900.000000000000000,,,20175,SEWARD
397653,441886,2017500001410011001,1034751.781379808438942,982800.000000000000000,986400.000000000000000,505800.000000000000000,510300.000000000000000,536400.000000000000000,499500.000000000000000,2700.000000000000000,485100.000000000000000,996300.000000000000000,1007100.000000000000000,991800.000000000000000,504900.000000000000000,,,,20175,SEWARD
397654,441887,2017500000820002001,362331.757430725730956,11700.000000000000000,24300.000000000000000,1800.000000000000000,,900.000000000000000,1800.000000000000000,,,,4500.000000000000000,4500.000000000000000,2700.000000000000000,1800.000000000000000,,,20175,SEWARD
397655,441888,2017500000820003001,8239.229507479407403,,,,,,,900.000000000000000,,,,,,,,,20175,SEWARD
397656,441889,2017500036910002001,165237.141656516352668,,,,,,,,,,,,,,,,20175,SEWARD
397657,441890,2017500011520001001,629273.558003348880447,4500.000000000000000,5400.000000000000000,1800.000000000000000,,,,,,,900.000000000000000,,,,,,20175,SEWARD
397658,441891,2017500001410020001,30149.749348185363488,3600.000000000000000,2700.000000000000000,,,,,,1800.000000000000000,,,2700.000000000000000,,,,,20175,SEWARD
397659,441892,2017500001410024001,61321.970081860570644,900.000000000000000,2700.000000000000000,,900.000000000000000,1800.000000000000000,,,,1800.000000000000000,,1800.000000000000000,,,,,20175,SEWARD
397660,441893,2017500001410025001,54159.486734836122196,,,,,,,,,900.000000000000000,,1800.000000000000000,,,,,20175,SEWARD
397661,441894,2017500001410021001,26713.504950620277668,900.000000000000000,,900.000000000000000,,900.000000000000000,,,,7200.000000000000000,,,,,,,20175,SEWARD
397662,441895,2017500001410023001,30909.321790066143876,,1800.000000000000000,,,2700.000000000000000,,,900.000000000000000,5400.000000000000000,,,,,,,20175,SEWARD
397663,441896,2017500001410001001,2061323.212106853956357,1201500.000000000000000,1000800.000000000000000,997200.000000000000000,1571400.000000000000000,1990800.000000000000000,1009800.000000000000000,1896300.000000000000000,1905300.000000000000000,1691100.000000000000000,1007100.000000000000000,981000.000000000000000,18000.000000000000000,,3136.000000000000000,50176.000000000000000,20175,SEWARD
397664,441897,2017500001410005001,766051.509317072341219,285300.000000000000000,17100.000000000000000,460800.000000000000000,17100.000000000000000,39600.000000000000000,11700.000000000000000,685800.000000000000000,581400.000000000000000,509400.000000000000000,498600.000000000000000,480600.000000000000000,900.000000000000000,,3136.000000000000000,,20175,SEWARD
397665,441898,2017500001410022001,1645291.482604820281267,208800.000000000000000,171000.000000000000000,94500.000000000000000,70200.000000000000000,163800.000000000000000,45900.000000000000000,118800.000000000000000,62100.000000000000000,128700.000000000000000,186300.000000000000000,237600.000000000000000,143100.000000000000000,47700.000000000000000,25088.000000000000000,12544.000000000000000,20175,SEWARD
397666,441899,2017500039310006001,525240.252817313768901,900.000000000000000,,900.000000000000000,,,,,900.000000000000000,,,,,,,9408.000000000000000,20175,SEWARD
397667,441900,2017500039310005001,243578.371525605820352,5400.000000000000000,,,,,900.000000000000000,,900.000000000000000,,,,,26100.000000000000000,15680.000000000000000,6272.000000000000000,20175,SEWARD
397668,441901,2017500011610003001,663121.231884666718543,900.000000000000000,,,,,,1800.000000000000000,900.000000000000000,,7200.000000000000000,,,,,,20175,SEWARD
397669,441902,2017500036910003001,686186.988466277602129,,,,,,,,,,1800.000000000000000,,,,,,20175,SEWARD
397670,441903,2017500011540001001,627372.367014549323358,900.000000000000000,,,,,,,,,,,,,,,20175,SEWARD
397671,441904,2017500011500002001,404357.570483063056599,9900.000000000000000,1800.000000000000000,900.000000000000000,900.000000000000000,,,,,900.000000000000000,,,900.000000000000000,,,,20175,SEWARD
397672,441905,2017500036870003001,883603.436913730110973,22500.000000000000000,8100.000000000000000,5400.000000000000000,2700.000000000000000,216000.000000000000000,414900.000000000000000,368100.000000000000000,357300.000000000000000,6300.000000000000000,363600.000000000000000,38700.000000000000000,441900.000000000000000,403200.000000000000000,323008.000000000000000,122304.000000000000000,20175,SEWARD
397673,441906,2017500000810006001,14319.589194516587668,,900.000000000000000,,,,,,,,,,900.000000000000000,,,,20175,SEWARD
397674,441907,2017500033360004001,50361.053937233860779,3600.000000000000000,1800.000000000000000,900.000000000000000,1800.000000000000000,900.000000000000000,1800.000000000000000,5400.000000000000000,1800.000000000000000,2700.000000000000000,14400.000000000000000,1800.000000000000000,,6300.000000000000000,,,20175,SEWARD
397675,441908,2017500033360003001,24492.317404723893560,,1800.000000000000000,,900.000000000000000,900.000000000000000,,,,2700.000000000000000,3600.000000000000000,,,,,,20175,SEWARD
397676,441910,2017500001840005001,7008.947492006453103,,,,,,,,,1800.000000000000000,,,,,,6272.000000000000000,20175,SEWARD
397677,441911,2017500004090002001,4415.336171230287619,900.000000000000000,900.000000000000000,900.000000000000000,900.000000000000000,900.000000000000000,,,900.000000000000000,,900.000000000000000,900.000000000000000,,900.000000000000000,,,20175,SEWARD
397678,441912,2017500036870006001,251482.500198664725758,900.000000000000000,3600.000000000000000,174600.000000000000000,177300.000000000000000,175500.000000000000000,157500.000000000000000,170100.000000000000000,178200.000000000000000,143100.000000000000000,178200.000000000000000,46800.000000000000000,197100.000000000000000,44100.000000000000000,97216.000000000000000,62720.000000000000000,20175,SEWARD
397679,441913,2017500011820002001,270776.471998973458540,21600.000000000000000,10800.000000000000000,,1800.000000000000000,9000.000000000000000,900.000000000000000,1800.000000000000000,,,,,9900.000000000000000,,,9408.000000000000000,20175,SEWARD
397680,441914,2017500036880004001,112027.592736095481087,,,,,,,,,,,900.000000000000000,1800.000000000000000,1800.000000000000000,,,20175,SEWARD
397681,441915,2017500036890003001,424577.426621705875732,2700.000000000000000,,,,,,,,,,900.000000000000000,3600.000000000000000,,,6272.000000000000000,20175,SEWARD
397682,441916,2017500036890001001,93929.946350069323671,,,,,,,,,,,,12600.000000000000000,,,,20175,SEWARD
397683,441918,2017500011450003001,433551.801770932623185,2700.000000000000000,,,,,,,,900.000000000000000,900.000000000000000,,,,,,20175,SEWARD
397684,441919,2017500000050001001,278508.561280520108994,,,,,,,,,,,,900.000000000000000,,3136.000000000000000,3136.000000000000000,20175,SEWARD
397685,441920,2017500011490001001,320514.352013684576377,,,,,,,,,,,,,,,,20175,SEWARD
397686,441921,2017500013030002001,6651.662250333600241,900.000000000000000,,,,,,,,,,,,,,,20175,SEWARD
397687,441922,2017500011740005001,30784.143507988781494,,,,,,,,,,,,,,,,20175,SEWARD
397688,441923,2017500011740006001,353875.524019909091294,,,,,,,,,,,,,,,,20175,SEWARD
397689,441924,2017500011740007001,91599.474988471803954,,,,,,,,,,,,,,,,20175,SEWARD
397690,441925,2017500004680002001,226039.652654879231704,,,,,,,,,,,,,,,,20175,SEWARD
397691,441926,2017500011590001001,3484987.031641685869545,10800.000000000000000,,,900.000000000000000,,,,900.000000000000000,,,,,,,,20175,SEWARD
397692,441927,2017500011460005001,3008524.195634084753692,9900.000000000000000,13500.000000000000000,7200.000000000000000,9000.000000000000000,16200.000000000000000,23400.000000000000000,20700.000000000000000,19800.000000000000000,20700.000000000000000,26100.000000000000000,900.000000000000000,11700.000000000000000,9900.000000000000000,6272.000000000000000,3136.000000000000000,20175,SEWARD
397693,441928,2017500037630002001,44158.904172067799664,,,,5400.000000000000000,,2700.000000000000000,2700.000000000000000,1800.000000000000000,4500.000000000000000,2700.000000000000000,5400.000000000000000,2700.000000000000000,5400.000000000000000,,12544.000000000000000,20175,SEWARD
397694,441929,2017500037590001001,333174.611621931137051,,,,900.000000000000000,,,,,,900.000000000000000,,,,,,20175,SEWARD
397695,441930,2017500037780001001,419270.568038116267417,,,,900.000000000000000,,,,900.000000000000000,,,3600.000000000000000,,,,,20175,SEWARD
397696,441931,2017500008520004001,4077.387485268729961,900.000000000000000,900.000000000000000,900.000000000000000,,,900.000000000000000,,,,,,,,,,20175,SEWARD
397697,441932,2017500004290002001,24564.030583167670557,,,,1800.000000000000000,900.000000000000000,,,,,,,,,3136.000000000000000,,20175,SEWARD
397698,441934,2017500032870002001,4619.652097341731860,1800.000000000000000,1800.000000000000000,900.000000000000000,2700.000000000000000,1800.000000000000000,1800.000000000000000,900.000000000000000,2700.000000000000000,2700.000000000000000,2700.000000000000000,2700.000000000000000,1800.000000000000000,2700.000000000000000,6272.000000000000000,3136.000000000000000,20175,SEWARD
397699,441935,2017500037640005001,5034580.700423271395266,1800.000000000000000,1800.000000000000000,,,,,,1800.000000000000000,900.000000000000000,1800.000000000000000,2700.000000000000000,1800.000000000000000,,,,20175,SEWARD
397700,441936,2017500011440001001,404149.700348184851464,8100.000000000000000,17100.000000000000000,,34200.000000000000000,900.000000000000000,,,1800.000000000000000,,1800.000000000000000,1800.000000000000000,,,,,20175,SEWARD
397701,441937,2017500004280002001,6873.171408319313741,900.000000000000000,,,,,,,,,,,,,,,20175,SEWARD
397702,441938,2017520081210001001,650877.632937908405438,4500.000000000000000,2700.000000000000000,1800.000000000000000,1800.000000000000000,4500.000000000000000,4500.000000000000000,,,6300.000000000000000,4500.000000000000000,6300.000000000000000,19800.000000000000000,,6272.000000000000000,3136.000000000000000,20175,SEWARD
397703,441939,2017500001260008001,4410.042634814340090,,900.000000000000000,,,,,,,,,,,,,,20175,SEWARD
397704,441941,2017500034420002001,7222.760646436839124,,,,,,,,,,,,,,,,20175,SEWARD
397705,441942,2017500034060002001,22961.763216582916357,1800.000000000000000,1800.000000000000000,1800.000000000000000,2700.000000000000000,,,,,,,,,6300.000000000000000,,,20175,SEWARD
397706,441944,2017500034060001001,61371.564449290330231,900.000000000000000,,,,,,,,,,,,,,,20175,SEWARD
397707,441945,2017500034410006001,10676.463207882517963,,3600.000000000000000,,4500.000000000000000,,,,,,,,,,,,20175,SEWARD
397708,441946,2017500034410003001,5863.295658671773708,,,,,,,,,,,,,900.000000000000000,,,20175,SEWARD
397709,441947,2017500034410004001,21762.841105977335246,13500.000000000000000,11700.000000000000000,11700.000000000000000,14400.000000000000000,8100.000000000000000,6300.000000000000000,5400.000000000000000,7200.000000000000000,8100.000000000000000,8100.000000000000000,7200.000000000000000,2700.000000000000000,8100.000000000000000,,,20175,SEWARD
397710,441949,2017500033380003001,5890.493397958663991,1800.000000000000000,900.000000000000000,900.000000000000000,1800.000000000000000,1800.000000000000000,1800.000000000000000,,,1800.000000000000000,2700.000000000000000,1800.000000000000000,900.000000000000000,,,,20175,SEWARD
397711,441950,2017500041490007001,8708.843518064000818,7200.000000000000000,7200.000000000000000,7200.000000000000000,900.000000000000000,7200.000000000000000,7200.000000000000000,7200.000000000000000,7200.000000000000000,7200.000000000000000,7200.000000000000000,7200.000000000000000,7200.000000000000000,7200.000000000000000,,3136.000000000000000,20175,SEWARD
397712,441951,2017500033010003001,127870.831566878579906,4500.000000000000000,6300.000000000000000,,3600.000000000000000,,,,2700.000000000000000,6300.000000000000000,2700.000000000000000,,,900.000000000000000,,3136.000000000000000,20175,SEWARD
397713,441952,2017500033010004001,26129.976049138200324,,900.000000000000000,,,900.000000000000000,,,,,,,,,,,20175,SEWARD
397714,441953,2017500039640002001,4268.881730041490300,,,,,,,,,,,,,,,,20175,SEWARD
397715,441955,2017500039600004001,32051.864597249841609,1800.000000000000000,1800.000000000000000,,2700.000000000000000,,,,,,,,,,3136.000000000000000,,20175,SEWARD
397716,441958,2017500035370003001,20020.403979439732211,,,,6300.000000000000000,,,1800.000000000000000,4500.000000000000000,6300.000000000000000,,,,,,,20175,SEWARD
397717,441961,2017500010130002001,92423.914747827977408,54000.000000000000000,42300.000000000000000,,,900.000000000000000,52200.000000000000000,,,,,,,,,,20175,SEWARD
397718,441963,2017500039580012001,6262.090838242753307,,,,,,,,,,,,,,,,20175,SEWARD
397719,441964,2017500039570015001,7331.908560298755219,,,,,,,,,,,,,,,,20175,SEWARD
397720,441965,2017500039560014001,4784.284383424437692,,,,,,,,,,,,,,,,20175,SEWARD
397721,441966,2017500004330010001,5703.706187312463953,,,,,,,,,,,,,,,,20175,SEWARD
397722,441968,2017500007990005001,19585.363126847634703,,1800.000000000000000,,,,,,,,,,,,,,20175,SEWARD
397723,441969,2017500039560005001,4485.111720070323827,,,,,,,,,,,,,,,,20175,SEWARD
397724,441970,2017500033980005001,9130.577167653877041,,,,,,,,,,900.000000000000000,1800.000000000000000,,,3136.000000000000000,,20175,SEWARD
397725,441971,2017500009050002001,7803.412857585520214,900.000000000000000,,,,,,,,,,,,,,,20175,SEWARD
397726,441972,2017500033800003001,9321.110556296087452,1800.000000000000000,,,,,,,,,,,900.000000000000000,,,,20175,SEWARD
397727,441973,2017500039730010001,11181.183269033730539,4500.000000000000000,,,,4500.000000000000000,,,2700.000000000000000,,,5400.000000000000000,,,,,20175,SEWARD
397728,441974,2017500002280006001,5260.072288508215934,4500.000000000000000,900.000000000000000,,900.000000000000000,,900.000000000000000,,,,,1800.000000000000000,1800.000000000000000,900.000000000000000,,,20175,SEWARD
397729,441978,2017500008060003001,15529.150839768115475,,,,,,,,,,,,,,,,20175,SEWARD
397730,441979,2017500007410012001,11201.795255226335939,1800.000000000000000,,,,,,,1800.000000000000000,,,6300.000000000000000,,,6272.000000000000000,,20175,SEWARD
397731,441982,2017500033450007001,12773.418546592785788,3600.000000000000000,2700.000000000000000,,,2700.000000000000000,,,,,900.000000000000000,,,,,,20175,SEWARD
397732,441983,2017500003610008001,6371.782628099530484,,,,,,,,,,,900.000000000000000,,,,,20175,SEWARD
397733,441985,2017500012830001001,180285.153029218141455,,,,,,,,,,,900.000000000000000,,,3136.000000000000000,,20175,SEWARD
397734,441986,2017500035520002001,10535.974897145642899,,,,,,,,,,1800.000000000000000,900.000000000000000,,,,,20175,SEWARD
397735,441987,2017500035510002001,86236.578113363226294,14400.000000000000000,900.000000000000000,2700.000000000000000,,3600.000000000000000,,1800.000000000000000,900.000000000000000,3600.000000000000000,,,,900.000000000000000,9408.000000000000000,,20175,SEWARD
397736,441988,2017500035510003001,30824.845189251442207,,,,,,,,,,,,,,,,20175,SEWARD
397737,441989,2017500038420014001,9745.703976170467286,,,,,,,,,,,,,,,,20175,SEWARD
397738,441990,2017500001540008001,30482.123046569784492,9000.000000000000000,,,,,,,,2700.000000000000000,900.000000000000000,,,,,,20175,SEWARD
397739,441991,2017500001370007001,29095.550600389629835,6300.000000000000000,1800.000000000000000,,,5400.000000000000000,,,,,1800.000000000000000,,2700.000000000000000,,3136.000000000000000,,20175,SEWARD
397740,441992,2017500001370005001,33497.602317466429668,900.000000000000000,,,,900.000000000000000,,,,,1800.000000000000000,,,,,,20175,SEWARD
397741,441993,2017500001370006001,30835.582992775161983,900.000000000000000,,,,900.000000000000000,,900.000000000000000,,,1800.000000000000000,,,,3136.000000000000000,,20175,SEWARD
397742,441994,2017500001370008001,27467.191777995216398,,,,,,,,,,,,,,3136.000000000000000,,20175,SEWARD
397743,441995,2017500035180008001,33120.528543776665174,,,,,,,,,,,,,,3136.000000000000000,,20175,SEWARD
397744,441996,2017500035180009001,60846.918593115187832,4500.000000000000000,1800.000000000000000,1800.000000000000000,,1800.000000000000000,,900.000000000000000,,4500.000000000000000,1800.000000000000000,900.000000000000000,9900.000000000000000,2700.000000000000000,3136.000000000000000,,20175,SEWARD
397745,441997,2017500035180010001,4592.203075397120301,,,,,,,,,,,,,,,,20175,SEWARD
397746,441998,2017500035180006001,16032.433293002983191,2700.000000000000000,1800.000000000000000,,900.000000000000000,900.000000000000000,,,,1800.000000000000000,,,5400.000000000000000,,3136.000000000000000,,20175,SEWARD
397747,441999,2017500035180007001,10994.872949575035818,900.000000000000000,900.000000000000000,1800.000000000000000,900.000000000000000,900.000000000000000,,,,900.000000000000000,,,5400.000000000000000,,3136.000000000000000,,20175,SEWARD
397748,442000,2017500035190003001,19605.125168416201632,900.000000000000000,900.000000000000000,,900.000000000000000,,,,,,,,,,,6272.000000000000000,20175,SEWARD
397749,442001,2017500035190002001,321421.247110828990117,12600.000000000000000,8100.000000000000000,900.000000000000000,,1800.000000000000000,,,900.000000000000000,,,,2700.000000000000000,5400.000000000000000,3136.000000000000000,3136.000000000000000,20175,SEWARD
397750,442002,2017500035190004001,23958.948830353205267,900.000000000000000,900.000000000000000,,,,,,,,,,1800.000000000000000,3600.000000000000000,,,20175,SEWARD
397751,442003,2017500035210004001,483828.030693160777446,,,,900.000000000000000,,,,,2700.000000000000000,,1800.000000000000000,,8100.000000000000000,,,20175,SEWARD
397752,442004,2017500035210005001,36506.740345509722829,,,,,,,,,,,900.000000000000000,,,,,20175,SEWARD
397753,442006,2017500035200002001,8451.503414832228373,,,,,,,,,,,900.000000000000000,1800.000000000000000,,,,20175,SEWARD
397754,442010,2017500034970005001,12176.878705356073624,,,,,,,,,,,,,,,,20175,SEWARD
397755,442011,2017500034930004001,17494.047493287514953,,,,,,,,,,,,900.000000000000000,,,,20175,SEWARD
397756,442012,2017500000200002001,4287.720544577318833,900.000000000000000,900.000000000000000,,,,,,,,,1800.000000000000000,,,,,20175,SEWARD
397757,442013,2017500001510003001,19832.047707443067338,,,,,,,,,,,,1800.000000000000000,1800.000000000000000,3136.000000000000000,,20175,SEWARD
397758,442014,2017500001190002001,4344.307747399175241,,,,,,,,,,,,,,,,20175,SEWARD
397759,442015,2017500035490001001,30240.892775284915842,,,,,2700.000000000000000,,2700.000000000000000,,,,900.000000000000000,,5400.000000000000000,,,20175,SEWARD
397760,442016,2017500035530001001,203219.249043891613837,,7200.000000000000000,192600.000000000000000,,194400.000000000000000,,193500.000000000000000,,191700.000000000000000,,192600.000000000000000,191700.000000000000000,192600.000000000000000,191296.000000000000000,191296.000000000000000,20175,SEWARD
397761,442017,2017500035510007001,14176.664255627661987,,8100.000000000000000,,8100.000000000000000,,7200.000000000000000,,8100.000000000000000,,7200.000000000000000,900.000000000000000,,,,,20175,SEWARD
397762,442018,2017500006240003001,10215.833162942552008,,,,,,,,,,,,,900.000000000000000,,,20175,SEWARD
397763,442019,2017500011200001001,28460.895433202684217,,,,,,,,,,,,,,,,20175,SEWARD
397764,442020,2017500011200002001,282479.619535644014832,900.000000000000000,1800.000000000000000,,,900.000000000000000,,,,,,900.000000000000000,,,,,20175,SEWARD
397765,442021,2017500011200003001,13164.830679873772169,,1800.000000000000000,,900.000000000000000,900.000000000000000,,1800.000000000000000,,,,,,,,,20175,SEWARD
397766,442022,2017540007010001001,328334.329237288562581,9000.000000000000000,17100.000000000000000,1800.000000000000000,13500.000000000000000,8100.000000000000000,,1800.000000000000000,1800.000000000000000,1800.000000000000000,,,3600.000000000000000,,,,20175,SEWARD
397767,442023,2017500011370001001,627700.901124393101782,3600.000000000000000,8100.000000000000000,,,1800.000000000000000,,,,,,,,,,,20175,SEWARD
397768,442024,2017500011560002001,33597.264638820102846,,,,,,,900.000000000000000,,,,,3600.000000000000000,,,,20175,SEWARD
397769,442025,2017500011560007001,58651.457075168858864,900.000000000000000,900.000000000000000,,900.000000000000000,,,900.000000000000000,,,,,8100.000000000000000,,3136.000000000000000,,20175,SEWARD
397770,442026,2017500011560006001,36168.633267379809695,900.000000000000000,1800.000000000000000,,,,,,,,,900.000000000000000,,,,,20175,SEWARD
397771,442027,2017500000300002001,14279.123691768681965,900.000000000000000,,,,900.000000000000000,,,900.000000000000000,,,,,,,,20175,SEWARD
397772,442028,2017500011010001001,633336.208216479048133,,,,,,,,,900.000000000000000,,,2700.000000000000000,,,,20175,SEWARD
397773,442029,2017500011320002001,18342.081721771271987,,,,,,,,,,,,,,,,20175,SEWARD
397774,442030,2017500011320001001,626150.989923553192057,900.000000000000000,900.000000000000000,,,,,,,900.000000000000000,2700.000000000000000,,,,,,20175,SEWARD
397775,442031,2017500000700002001,67050.812036512012128,,900.000000000000000,,,,,,,,,900.000000000000000,900.000000000000000,,,,20175,SEWARD
397776,442032,2017500000750001001,117365.639243067838834,3600.000000000000000,,,,1800.000000000000000,,,,,,,900.000000000000000,3600.000000000000000,,,20175,SEWARD
397777,442033,2017500000690002001,9716.938743061382411,,,,,,,,,,,,,,,,20175,SEWARD
397778,442034,2017500000720002001,26339.407622975082631,900.000000000000000,3600.000000000000000,,,3600.000000000000000,,,2700.000000000000000,,,,,900.000000000000000,,,20175,SEWARD
397779,442035,2017500000720003001,9111.285758182268182,900.000000000000000,900.000000000000000,1800.000000000000000,,1800.000000000000000,,,,2700.000000000000000,,,900.000000000000000,,,,20175,SEWARD
397780,442036,2017500000720004001,23615.670682702650083,,,,900.000000000000000,900.000000000000000,,,,,,,1800.000000000000000,,,,20175,SEWARD
397781,442037,2017540007100001001,627575.074830576661043,1800.000000000000000,3600.000000000000000,,,,,,,,,,900.000000000000000,,,,20175,SEWARD
397782,442038,2017500011390001001,620661.331997005036101,13500.000000000000000,,,,8100.000000000000000,,,,,,,,,,,20175,SEWARD
397783,442039,2017500011380002001,642500.493980476632714,7200.000000000000000,,900.000000000000000,,7200.000000000000000,900.000000000000000,,,3600.000000000000000,,,,,,,20175,SEWARD
397784,442040,2017500011210001001,631559.660179795697331,9900.000000000000000,20700.000000000000000,4500.000000000000000,19800.000000000000000,18900.000000000000000,28800.000000000000000,10800.000000000000000,23400.000000000000000,27900.000000000000000,36900.000000000000000,60300.000000000000000,13500.000000000000000,7200.000000000000000,,,20175,SEWARD
397785,442041,2017540007110004001,23703.971864331877441,,,,,2700.000000000000000,,,,900.000000000000000,,,,,,,20175,SEWARD
397786,442042,2017540007120001001,197885.875434342917288,900.000000000000000,,,,900.000000000000000,,,,900.000000000000000,,,,,,,20175,SEWARD
397787,442043,2017540007130002001,396680.540927631140221,1800.000000000000000,900.000000000000000,,,,,,,900.000000000000000,1800.000000000000000,,,,,,20175,SEWARD
397788,442044,2017540007140003001,9904.293591899035164,,,,,,,,,,,,,,,,20175,SEWARD
397789,442045,2017540007150001001,226106.229864102991996,,,,,,,,,,,,,,,,20175,SEWARD
397790,442046,2017540007160002001,179538.392322895815596,,,,,900.000000000000000,,,,,,,,,,,20175,SEWARD
397791,442047,2017540007170003001,202982.457083747693105,,,,,,,,,,,,,,,,20175,SEWARD
397792,442048,2017500011430001001,615608.343673141906038,2700.000000000000000,1800.000000000000000,,,1800.000000000000000,,,,,,,,,,,20175,SEWARD
397793,442049,2017500001650003001,7197.332820727221588,,,,,,,,,,,,,,,,20175,SEWARD
397794,442051,2017500036990001001,81610.147356111876434,,,,,,,,,,,,,,,,20175,SEWARD
397795,442052,2017500036980001001,85393.075733042976935,900.000000000000000,,,,900.000000000000000,,,,900.000000000000000,900.000000000000000,,1800.000000000000000,,,,20175,SEWARD
397796,442053,2017540007180001001,632178.190314789884724,507600.000000000000000,500400.000000000000000,315900.000000000000000,499500.000000000000000,458100.000000000000000,411300.000000000000000,446400.000000000000000,900.000000000000000,484200.000000000000000,491400.000000000000000,900.000000000000000,,,,,20175,SEWARD
397797,442054,2017500011280001001,1918613.725320479134098,8100.000000000000000,900.000000000000000,900.000000000000000,900.000000000000000,,,,,,,,,,,,20175,SEWARD
397798,442055,2017540007190002001,118478.683575924078468,2700.000000000000000,1800.000000000000000,900.000000000000000,5400.000000000000000,900.000000000000000,900.000000000000000,900.000000000000000,900.000000000000000,,20700.000000000000000,900.000000000000000,4500.000000000000000,11700.000000000000000,,,20175,SEWARD
397799,442056,2017540007200003001,40308.093804035364883,3600.000000000000000,2700.000000000000000,3600.000000000000000,2700.000000000000000,,,4500.000000000000000,900.000000000000000,,3600.000000000000000,5400.000000000000000,,,,,20175,SEWARD
397800,442057,2017540007210004001,51319.080204314457660,1800.000000000000000,,,,,,3600.000000000000000,900.000000000000000,,900.000000000000000,,,3600.000000000000000,,,20175,SEWARD
397801,442058,2017540007220001001,1649692.883293048013002,1033200.000000000000000,965700.000000000000000,795600.000000000000000,983700.000000000000000,687600.000000000000000,909000.000000000000000,897300.000000000000000,678600.000000000000000,937800.000000000000000,1017000.000000000000000,501300.000000000000000,523800.000000000000000,478800.000000000000000,439040.000000000000000,6272.000000000000000,20175,SEWARD
397802,442059,2017540007230005001,28643.206865910040506,,,900.000000000000000,1800.000000000000000,,,3600.000000000000000,,,,,,7200.000000000000000,,,20175,SEWARD
397803,442060,2017500000050004001,17248.196692452984280,,,,,,,,,,900.000000000000000,,,,,6272.000000000000000,20175,SEWARD
397804,442061,2017500001350004001,33868.933767769871338,900.000000000000000,900.000000000000000,900.000000000000000,,1800.000000000000000,,900.000000000000000,,,,900.000000000000000,8100.000000000000000,3600.000000000000000,,6272.000000000000000,20175,SEWARD
397805,442062,2017500001350002001,33608.333787694129569,,900.000000000000000,900.000000000000000,1800.000000000000000,2700.000000000000000,,900.000000000000000,1800.000000000000000,,,1800.000000000000000,1800.000000000000000,1800.000000000000000,,3136.000000000000000,20175,SEWARD
397806,442063,2017500000050005001,17013.310361322277458,2700.000000000000000,,,,,,,,,,,,,,,20175,SEWARD
397807,442064,2017540007240001001,620454.372032221755944,364500.000000000000000,19800.000000000000000,486900.000000000000000,497700.000000000000000,390600.000000000000000,468000.000000000000000,480600.000000000000000,358200.000000000000000,479700.000000000000000,513000.000000000000000,497700.000000000000000,488700.000000000000000,495900.000000000000000,479808.000000000000000,31360.000000000000000,20175,SEWARD
397808,442065,2017500001110003001,19973.559540006597672,900.000000000000000,900.000000000000000,,,,,,1800.000000000000000,,,,,,,,20175,SEWARD
397809,442066,2017500011420002001,412120.796758006617893,2700.000000000000000,30600.000000000000000,8100.000000000000000,35100.000000000000000,,,,,,900.000000000000000,,,,,,20175,SEWARD
397810,442067,2017500011420003001,6813.925359648976155,,,,,,,,,,,,,,,,20175,SEWARD
397811,442068,2017500012920002001,54784.998645227475208,,,,2700.000000000000000,,,,,,,,,,,,20175,SEWARD
397812,442070,2017500012920004001,9516.850687893611394,,,,,,,,,,,,,,,,20175,SEWARD
397813,442071,2017500012920005001,54146.170474857324734,,,900.000000000000000,7200.000000000000000,,,,,,,,,,,,20175,SEWARD
397814,442072,2017500012920006001,13473.264944649265090,,,,6300.000000000000000,,,,,,,,,,,,20175,SEWARD
397815,442073,2017500000260004001,5262.627025296035754,,1800.000000000000000,,,,,,,,,,,,,,20175,SEWARD
397816,442074,2017500000060009001,15132.953746082177531,900.000000000000000,,,1800.000000000000000,,,,,,,,,,,,20175,SEWARD
397817,442075,2017500000060010001,5828.305356044199470,,,,,,,,,,,,,,,,20175,SEWARD
397818,442076,2017500039990004001,29690.977909943074337,,,,,,,,,3600.000000000000000,,1800.000000000000000,3600.000000000000000,1800.000000000000000,,9408.000000000000000,20175,SEWARD
397819,442077,2017500036810003001,19415.890943768212310,,,,,,,,,,,,,,,,20175,SEWARD
397820,442078,2017500036810001001,16299.589574555559011,,,,,900.000000000000000,,,,,,,,,,,20175,SEWARD
397821,442079,2017500036810002001,427322.925495795905590,,2700.000000000000000,1800.000000000000000,3600.000000000000000,3600.000000000000000,3600.000000000000000,900.000000000000000,2700.000000000000000,3600.000000000000000,2700.000000000000000,9000.000000000000000,8100.000000000000000,5400.000000000000000,,21952.000000000000000,20175,SEWARD
397822,442080,2017500038980004001,14724.547758532122316,,,,,900.000000000000000,,,,900.000000000000000,,900.000000000000000,,,,,20175,SEWARD
397823,442081,2017500041030001001,419528.100313155679032,282600.000000000000000,140400.000000000000000,,5400.000000000000000,305100.000000000000000,8100.000000000000000,900.000000000000000,,288000.000000000000000,301500.000000000000000,291600.000000000000000,,,,,20175,SEWARD
397824,442083,2017500000630004001,55660.825017506227596,,,,,900.000000000000000,,,,,,,2700.000000000000000,900.000000000000000,,,20175,SEWARD
397825,442084,2017500000630002001,107226.253478425031062,,,,,,,,,,,,,900.000000000000000,,,20175,SEWARD
397826,442085,2017500011400002001,27077.177556388705852,,,,,,,,,,,,,,,,20175,SEWARD
397827,442086,2017500011400001001,143605.916421714471653,,,,,,,,,900.000000000000000,,,,,,,20175,SEWARD
397828,442087,2017500011400004001,43469.608561482506047,,,,,,,,,,,,,,,,20175,SEWARD
397829,442088,2017500000080004001,20260.391217748951021,,,,,,,,900.000000000000000,,,,,,,,20175,SEWARD
397830,442089,2017500039720004001,33272.512909318385937,900.000000000000000,,,,,,,,,,900.000000000000000,,,,,20175,SEWARD
397831,442090,2017500039710003001,5172.256884106546750,,,,,,,,,,,,,,,,20175,SEWARD
397832,442091,2017500039720005001,648585.549606305896305,,,,,,,,,,,,900.000000000000000,,,,20175,SEWARD
397833,442092,2017500038700004001,67138.082341308647301,900.000000000000000,900.000000000000000,,1800.000000000000000,,,,1800.000000000000000,,,,,,,,20175,SEWARD
397834,442093,2017500000240004001,6076.734922192650629,,,,,,,,,,,,,,,,20175,SEWARD
397835,442094,2017500000890003001,22194.748192082137393,,,,,,,,,,,,,,,,20175,SEWARD
397836,442095,2017500000890002001,7278.241043404201264,,,,,,,,,,,,,,,,20175,SEWARD
397837,442097,2017500000620005001,19241.028967463935260,,,,,,,,,,,,,,,,20175,SEWARD
397838,442098,2017500000620007001,11351.613146274530664,,,,,,,,,,,,,,,,20175,SEWARD
397839,442099,2017500000900003001,16508.915271055855555,,,,,,,,,,,900.000000000000000,,,,,20175,SEWARD
397840,442100,2017500037370005001,18540.788703032638296,900.000000000000000,900.000000000000000,900.000000000000000,900.000000000000000,900.000000000000000,900.000000000000000,,900.000000000000000,900.000000000000000,,,1800.000000000000000,900.000000000000000,,,20175,SEWARD
397841,442101,2017500037380002001,42008.043645849800669,,900.000000000000000,,,,,,,900.000000000000000,900.000000000000000,,,,,,20175,SEWARD
397842,442102,2017500001150018001,172475.661399421253009,3600.000000000000000,3600.000000000000000,900.000000000000000,900.000000000000000,,2700.000000000000000,,,,,900.000000000000000,900.000000000000000,5400.000000000000000,,,20175,SEWARD
397843,442103,2017500001150021001,12387.205805069615963,,,,,,,,,900.000000000000000,,,,,,,20175,SEWARD
397844,442104,2017500011460001001,1902816.213346504140645,8100.000000000000000,,,,,,,,,,1800.000000000000000,,,,,20175,SEWARD
397845,442105,2017500042660004001,41449.578233320928121,3600.000000000000000,5400.000000000000000,1800.000000000000000,7200.000000000000000,3600.000000000000000,2700.000000000000000,,2700.000000000000000,2700.000000000000000,900.000000000000000,1800.000000000000000,15300.000000000000000,,,,20175,SEWARD
397846,442106,2017500042660005001,74152.365415397129254,4500.000000000000000,900.000000000000000,,,900.000000000000000,11700.000000000000000,9000.000000000000000,9900.000000000000000,16200.000000000000000,14400.000000000000000,12600.000000000000000,10800.000000000000000,9900.000000000000000,3136.000000000000000,,20175,SEWARD
397847,442107,2017500042660003001,510673.496303180814721,145800.000000000000000,21600.000000000000000,900.000000000000000,13500.000000000000000,3600.000000000000000,482400.000000000000000,455400.000000000000000,510300.000000000000000,505800.000000000000000,511200.000000000000000,487800.000000000000000,506700.000000000000000,501300.000000000000000,442176.000000000000000,,20175,SEWARD
397848,442108,2017500042660002001,526465.964244825765491,490500.000000000000000,22500.000000000000000,471600.000000000000000,4500.000000000000000,516600.000000000000000,514800.000000000000000,496800.000000000000000,526500.000000000000000,522900.000000000000000,483300.000000000000000,500400.000000000000000,479700.000000000000000,476100.000000000000000,454720.000000000000000,3136.000000000000000,20175,SEWARD
397849,442109,2017500011440002001,203143.685915336362086,,,,900.000000000000000,,900.000000000000000,,,,4500.000000000000000,,900.000000000000000,,,,20175,SEWARD
397850,442110,2017500011460006001,17651.608101548947161,1800.000000000000000,,,,,,,,,,,,,,,20175,SEWARD
397851,442111,2017500011460007001,561037.640406187972985,2700.000000000000000,1800.000000000000000,3600.000000000000000,19800.000000000000000,,20700.000000000000000,7200.000000000000000,4500.000000000000000,34200.000000000000000,24300.000000000000000,10800.000000000000000,24300.000000000000000,,6272.000000000000000,,20175,SEWARD
397852,442112,2017500011160002001,570390.139862723066472,,11700.000000000000000,6300.000000000000000,9000.000000000000000,6300.000000000000000,2700.000000000000000,2700.000000000000000,,,9900.000000000000000,,11700.000000000000000,,,6272.000000000000000,20175,SEWARD
397853,442113,2017500011160003001,11473.957642258572378,,,,,,,,,,,,,,,,20175,SEWARD
397854,442114,2017500011160004001,2121561.586051288992167,27000.000000000000000,29700.000000000000000,,63900.000000000000000,1800.000000000000000,900.000000000000000,,6300.000000000000000,8100.000000000000000,9900.000000000000000,5400.000000000000000,1800.000000000000000,,9408.000000000000000,6272.000000000000000,20175,SEWARD
397855,442115,2017500011160005001,14100.314446890592080,,,,,,,,,,,,,,,,20175,SEWARD
397856,442116,2017500042660008001,140217.532557438215008,,,900.000000000000000,,,,,,,,3600.000000000000000,,,,,20175,SEWARD
397857,442117,2017500037950011001,386783.715598824259359,,,,,,,,,,,,,,,,20175,SEWARD
397858,442118,2017500037950012001,29879.716524571227637,,,,,,,,,,,,,,,,20175,SEWARD
397859,442119,2017500037950010001,100157.172281142484280,24300.000000000000000,900.000000000000000,,,27900.000000000000000,12600.000000000000000,,22500.000000000000000,,2700.000000000000000,1800.000000000000000,29700.000000000000000,,,,20175,SEWARD
397860,442120,2017500037950013001,617006.078038188046776,9900.000000000000000,1800.000000000000000,,,4500.000000000000000,2700.000000000000000,1800.000000000000000,21600.000000000000000,,,,3600.000000000000000,,,,20175,SEWARD
397861,442121,2017500037950014001,22365.468260481713514,,,,,,,,,,,,,,,,20175,SEWARD
397862,442122,2017500013240002001,972711.617651665466838,,,,,,,,,,,,,,,,20175,SEWARD
397863,442123,2017500004100007001,29806.653504395180789,900.000000000000000,,,,,,,,,,,,900.000000000000000,,,20175,SEWARD
397864,442124,2017500008950002001,165197.887091935932403,3600.000000000000000,3600.000000000000000,,,900.000000000000000,,,1800.000000000000000,,900.000000000000000,,,,,,20175,SEWARD
397865,442125,2017500042660001001,557559.457333327038214,4500.000000000000000,8100.000000000000000,,7200.000000000000000,4500.000000000000000,,4500.000000000000000,4500.000000000000000,6300.000000000000000,4500.000000000000000,8100.000000000000000,,,34496.000000000000000,,20175,SEWARD
397866,442126,2017500042650011001,18006.954215166213544,,,,,,,,,,,,900.000000000000000,,,,20175,SEWARD
397867,442127,2017500042650010001,137534.232070189318620,,,,,,,,,,,,,,,,20175,SEWARD
397868,442128,2017500012690002001,540123.021176949143410,,,,,,,,,,,,,,,,20175,SEWARD
397869,442129,2017500012690001001,117636.023053311379044,,,,,,,,,,,,,,,,20175,SEWARD
397870,442130,2017500012580003001,149050.136696055822540,1800.000000000000000,,,,,,,,,,,,,,,20175,SEWARD
397871,442131,2017500007860001001,317284.413043279491831,,,,,,,,,,,,,,,,20175,SEWARD
397872,442132,2017500007440008001,61063.027305477458867,,,,,,2700.000000000000000,,,,,,900.000000000000000,,,,20175,SEWARD
397873,442133,2017500013120001001,1429309.451754710171372,,,,,,,,,,,,,,,,20175,SEWARD
397874,442134,2017500007440011001,3982928.580195458605886,2700.000000000000000,3600.000000000000000,900.000000000000000,5400.000000000000000,1800.000000000000000,1800.000000000000000,900.000000000000000,900.000000000000000,2700.000000000000000,1800.000000000000000,10800.000000000000000,31500.000000000000000,3600.000000000000000,,25088.000000000000000,20175,SEWARD
397875,442136,2017500012790001001,281042.895959468791261,,4500.000000000000000,2700.000000000000000,18000.000000000000000,,,,,,,,3600.000000000000000,,,,20175,SEWARD
397876,442137,2017500012790002001,30833.920171157798904,,,,900.000000000000000,,,,,,,,,,,,20175,SEWARD
397877,442138,2017500007440010001,14280.781269203933334,900.000000000000000,,,,,,,,1800.000000000000000,,,4500.000000000000000,,,,20175,SEWARD
397878,442139,2017500036780001001,580513.746709181694314,,,,,,,,,,,,,,,,20175,SEWARD
397879,442141,2017500007370001001,642837.391647445154376,,,,,,,,,,,,2700.000000000000000,,,,20175,SEWARD
397880,442142,2017500009660001001,126824.179455169462017,,,,,,,,,,,,,,,,20175,SEWARD
397881,442143,2017500009660002001,509345.957814513414633,900.000000000000000,1800.000000000000000,900.000000000000000,2700.000000000000000,2700.000000000000000,,,,5400.000000000000000,,900.000000000000000,,900.000000000000000,,,20175,SEWARD
397882,442144,2017500009660003001,22724.678505680421949,1800.000000000000000,3600.000000000000000,,900.000000000000000,,,,,,,900.000000000000000,,,,,20175,SEWARD
397883,442145,2017500012610001001,624551.755716480431147,,,,,900.000000000000000,,,,900.000000000000000,,,,,,,20175,SEWARD
397884,442146,2017500042660009001,124277.436324278154643,,,,,,,,,,,,,,,,20175,SEWARD
397885,442147,2017500038850015001,16485.838409424472047,,900.000000000000000,,,900.000000000000000,900.000000000000000,,,1800.000000000000000,,,900.000000000000000,900.000000000000000,,,20175,SEWARD
397886,442149,2017500011890001001,310653.464089602523018,,4500.000000000000000,,,,,,,,,,,,,,20175,SEWARD
397887,442150,2017500008220002001,7358.726838906873127,,,,,,,,,,,,,,,,20175,SEWARD
397888,442152,2017500012260002001,54314.539019104573526,,,,,,,,,,,,,,,,20175,SEWARD
397889,442153,2017500036790005001,15482.012343517084446,,,,,,,,,,,,,,,,20175,SEWARD
397890,442154,2017500012720001001,1265518.058338212547824,24300.000000000000000,4500.000000000000000,4500.000000000000000,20700.000000000000000,8100.000000000000000,2700.000000000000000,,900.000000000000000,,1800.000000000000000,,,,,9408.000000000000000,20175,SEWARD
397891,442155,2017500008460004001,506725.809331614233088,84600.000000000000000,900.000000000000000,900.000000000000000,12600.000000000000000,16200.000000000000000,1800.000000000000000,7200.000000000000000,900.000000000000000,17100.000000000000000,,,,22500.000000000000000,,18816.000000000000000,20175,SEWARD
397892,442156,2017500008460003001,515060.042587217991240,18900.000000000000000,900.000000000000000,9000.000000000000000,230400.000000000000000,52200.000000000000000,2700.000000000000000,,7200.000000000000000,35100.000000000000000,23400.000000000000000,900.000000000000000,2700.000000000000000,85500.000000000000000,,128576.000000000000000,20175,SEWARD
397893,442157,2017500008460005001,624315.825461037806235,4500.000000000000000,900.000000000000000,,7200.000000000000000,3600.000000000000000,2700.000000000000000,1800.000000000000000,34200.000000000000000,2700.000000000000000,46800.000000000000000,,6300.000000000000000,,,,20175,SEWARD
397894,442158,2017500008460013001,89169.895269686123356,5400.000000000000000,2700.000000000000000,1800.000000000000000,42300.000000000000000,1800.000000000000000,900.000000000000000,,,,900.000000000000000,900.000000000000000,9900.000000000000000,,,,20175,SEWARD
397895,442159,2017500008460011001,494192.508985157881398,81000.000000000000000,,,14400.000000000000000,9000.000000000000000,3600.000000000000000,9000.000000000000000,17100.000000000000000,1800.000000000000000,,3600.000000000000000,1800.000000000000000,,,,20175,SEWARD
397896,442160,2017500008460012001,482361.233870354190003,3600.000000000000000,,,,,,4500.000000000000000,4500.000000000000000,,40500.000000000000000,,,,,12544.000000000000000,20175,SEWARD
397897,442161,2017500008460009001,494832.805005573609378,229500.000000000000000,12600.000000000000000,,7200.000000000000000,13500.000000000000000,,3600.000000000000000,4500.000000000000000,900.000000000000000,,,2700.000000000000000,69300.000000000000000,,21952.000000000000000,20175,SEWARD
397898,442162,2017500008460010001,491940.659022032690700,73800.000000000000000,481500.000000000000000,425700.000000000000000,174600.000000000000000,5400.000000000000000,,,,,,900.000000000000000,900.000000000000000,,,3136.000000000000000,20175,SEWARD
397899,442163,2017500008460007001,460266.755233201256488,34200.000000000000000,18900.000000000000000,,42300.000000000000000,9900.000000000000000,6300.000000000000000,4500.000000000000000,30600.000000000000000,,900.000000000000000,,9900.000000000000000,32400.000000000000000,,3136.000000000000000,20175,SEWARD
397900,442164,2017500008460008001,147267.293914529378526,10800.000000000000000,9000.000000000000000,,72900.000000000000000,4500.000000000000000,65700.000000000000000,,,,,,,,,,20175,SEWARD
397901,442165,2017500008460006001,502846.328735696210060,15300.000000000000000,2700.000000000000000,4500.000000000000000,91800.000000000000000,,147600.000000000000000,3600.000000000000000,,,,,900.000000000000000,,,,20175,SEWARD
397902,442166,2017500008460015001,31228.837582977437705,2700.000000000000000,900.000000000000000,,,,,900.000000000000000,900.000000000000000,,,,,,,,20175,SEWARD
397903,442167,2017500008460016001,39712.836123579865671,3600.000000000000000,2700.000000000000000,,,3600.000000000000000,,,900.000000000000000,,,,3600.000000000000000,,,6272.000000000000000,20175,SEWARD
397904,442168,2017500008460002001,638057.589687573607080,,,,3600.000000000000000,,900.000000000000000,,10800.000000000000000,,900.000000000000000,,,,,,20175,SEWARD
397905,442169,2017500008460014001,2509524.267926976550370,151200.000000000000000,56700.000000000000000,17100.000000000000000,87300.000000000000000,45000.000000000000000,26100.000000000000000,8100.000000000000000,53100.000000000000000,46800.000000000000000,9900.000000000000000,7200.000000000000000,137700.000000000000000,,9408.000000000000000,25088.000000000000000,20175,SEWARD
397906,442170,2017500012550001001,1408700.667142646387219,900.000000000000000,3600.000000000000000,900.000000000000000,3600.000000000000000,900.000000000000000,,,,4500.000000000000000,4500.000000000000000,2700.000000000000000,4500.000000000000000,1800.000000000000000,3136.000000000000000,,20175,SEWARD
397907,442171,2017500007920003001,483990.463224714214448,900.000000000000000,4500.000000000000000,,7200.000000000000000,900.000000000000000,,,,,,3600.000000000000000,,56700.000000000000000,6272.000000000000000,9408.000000000000000,20175,SEWARD
397908,442172,2017500007940002001,42044.204564378116629,1800.000000000000000,,,2700.000000000000000,3600.000000000000000,,,,,,,900.000000000000000,,,9408.000000000000000,20175,SEWARD
397909,442173,2017500013190001001,621944.472653994220309,,,,,,,,,7200.000000000000000,900.000000000000000,900.000000000000000,4500.000000000000000,,,,20175,SEWARD
397910,442174,2017500013190002001,10225.359175371177116,,,,,,,,,2700.000000000000000,,,,,,,20175,SEWARD
397911,442175,2017500013040001001,258920.981665240542497,,,,,,,,,,,,4500.000000000000000,,,,20175,SEWARD
397912,442176,2017500013040002001,59738.751772869451088,1800.000000000000000,900.000000000000000,,2700.000000000000000,,,,,3600.000000000000000,900.000000000000000,,13500.000000000000000,,,,20175,SEWARD
397913,442177,2017500012310001001,1004905.729119132040069,,,,,,,,,900.000000000000000,900.000000000000000,,1800.000000000000000,900.000000000000000,,,20175,SEWARD
397914,442178,2017500040530002001,380755.915254488179926,,,,,,,,,,,,9000.000000000000000,,,,20175,SEWARD
397915,442179,2017500042290004001,630909.789769636467099,,,,,,,,,900.000000000000000,1800.000000000000000,,900.000000000000000,,,,20175,SEWARD
397916,442181,2017500039340002001,47031.449240818015824,,,,,,,,,,,,4500.000000000000000,,,,20175,SEWARD
397917,442182,2017500011940005001,98483.808499572842265,900.000000000000000,,,900.000000000000000,,,,,,,,,,,,20175,SEWARD
397918,442183,2017500011940006001,5814.844742019153273,,,,,,,,,,,,,,,,20175,SEWARD
397919,442184,2017500034860003001,22055.491634016878379,8100.000000000000000,9900.000000000000000,3600.000000000000000,14400.000000000000000,1800.000000000000000,1800.000000000000000,900.000000000000000,900.000000000000000,2700.000000000000000,1800.000000000000000,9000.000000000000000,4500.000000000000000,2700.000000000000000,,,20175,SEWARD
397920,442185,2017500006990003001,37159.739187996339751,8100.000000000000000,5400.000000000000000,900.000000000000000,7200.000000000000000,2700.000000000000000,900.000000000000000,,900.000000000000000,5400.000000000000000,7200.000000000000000,3600.000000000000000,,6300.000000000000000,3136.000000000000000,,20175,SEWARD
397921,442186,2017500006210002001,9214.889101432107054,900.000000000000000,,,,,,,,,,,,,,,20175,SEWARD
397922,442190,2017500006990011001,39773.739441986712336,,,,,,,,,,900.000000000000000,,,,,,20175,SEWARD
397923,442191,2017500034870002001,5261.752458602853949,,,,,,,,,,,,,,,,20175,SEWARD
397924,442192,2017500041920002001,20347.485881424207037,4500.000000000000000,1800.000000000000000,900.000000000000000,1800.000000000000000,2700.000000000000000,,,900.000000000000000,,,,900.000000000000000,1800.000000000000000,6272.000000000000000,9408.000000000000000,20175,SEWARD
397925,442193,2017500041930002001,12898.058873486359516,,,,,900.000000000000000,,,,,,1800.000000000000000,,1800.000000000000000,,,20175,SEWARD
397926,442194,2017500006180005001,179864.632825772976503,900.000000000000000,,,,,,,,,,,,,,,20175,SEWARD
397927,442195,2017500006180006001,22419.745521376738907,10800.000000000000000,5400.000000000000000,3600.000000000000000,,,,,,,,11700.000000000000000,7200.000000000000000,3600.000000000000000,9408.000000000000000,6272.000000000000000,20175,SEWARD
397928,442196,2017500033850003001,77315.409184213858680,900.000000000000000,900.000000000000000,6300.000000000000000,,6300.000000000000000,2700.000000000000000,1800.000000000000000,,,900.000000000000000,1800.000000000000000,,5400.000000000000000,3136.000000000000000,3136.000000000000000,20175,SEWARD
397929,442197,2017500005530002001,414582.431471806892660,,1800.000000000000000,,,,,,,900.000000000000000,,,,,,,20175,SEWARD
397930,442198,2017500006130001001,149244.289284630533075,,900.000000000000000,,,,,,,,,,,,,,20175,SEWARD
397931,442199,2017500006130002001,487443.455567956145387,900.000000000000000,,900.000000000000000,,900.000000000000000,,,,,,,,,,,20175,SEWARD
397932,442201,2017500006320003001,13612.209512612236722,,,,,,,,,,,,,,,,20175,SEWARD
397933,442202,2017500005440003001,28026.600493857422407,900.000000000000000,900.000000000000000,,,900.000000000000000,,,,,,,,,,,20175,SEWARD
397934,442203,2017500006010002001,14269.465824688950306,,,,,,,,,,,,,,,,20175,SEWARD
397935,442204,2017500006010003001,14611.378624923774623,1800.000000000000000,,,,,,,,,,,,,,,20175,SEWARD
397936,442205,2017500005610002001,32746.247644558221509,900.000000000000000,,,1800.000000000000000,,,900.000000000000000,900.000000000000000,,,2700.000000000000000,,,,,20175,SEWARD
397937,442206,2017500006400002001,12044.101239401299608,5400.000000000000000,5400.000000000000000,1800.000000000000000,900.000000000000000,2700.000000000000000,,,,,,,,900.000000000000000,,,20175,SEWARD
397938,442208,2017500005650003001,37618.034161214389314,,,,,900.000000000000000,,,,900.000000000000000,,,,900.000000000000000,,,20175,SEWARD
397939,442209,2017500042110002001,10361.506448275096773,,,,,,,,,,,,,,,,20175,SEWARD
397940,442210,2017500038230001001,241675.517970031418372,2700.000000000000000,900.000000000000000,900.000000000000000,1800.000000000000000,18000.000000000000000,,,,,,,,,,,20175,SEWARD
397941,442211,2017500038220001001,163123.809723245067289,,2700.000000000000000,,,8100.000000000000000,,,,,900.000000000000000,,,,,,20175,SEWARD
397942,442213,2017500007040003001,7656.616870137573642,,,,900.000000000000000,900.000000000000000,900.000000000000000,,900.000000000000000,,900.000000000000000,2700.000000000000000,3600.000000000000000,900.000000000000000,,3136.000000000000000,20175,SEWARD
397943,442214,2017500007040004001,25962.543928872280958,2700.000000000000000,1800.000000000000000,3600.000000000000000,2700.000000000000000,5400.000000000000000,2700.000000000000000,1800.000000000000000,4500.000000000000000,7200.000000000000000,5400.000000000000000,10800.000000000000000,9000.000000000000000,4500.000000000000000,6272.000000000000000,15680.000000000000000,20175,SEWARD
397944,442215,2017500007040007001,31865.393363725088420,900.000000000000000,900.000000000000000,,900.000000000000000,,,,,,,900.000000000000000,1800.000000000000000,6300.000000000000000,,,20175,SEWARD
397945,442216,2017500007040005001,27142.720060129864578,5400.000000000000000,900.000000000000000,900.000000000000000,,,,,,2700.000000000000000,2700.000000000000000,8100.000000000000000,19800.000000000000000,6300.000000000000000,3136.000000000000000,12544.000000000000000,20175,SEWARD
397946,442218,2017500006710003001,4337.640428116652402,2700.000000000000000,,,3600.000000000000000,,,,,,,,,,,,20175,SEWARD
397947,442219,2017500039240004001,38018.115779116247722,,,,,,,,,,,,900.000000000000000,,,,20175,SEWARD
397948,442220,2017500039240003002,13208.286409325814020,,,,,,,,,,,,,,,,20175,SEWARD
397949,442221,2017500006490002001,54665.386493623067508,1800.000000000000000,,,,1800.000000000000000,,,,,,900.000000000000000,900.000000000000000,,,,20175,SEWARD
397950,442222,2017500006110003001,10421.947907893001684,900.000000000000000,,,,900.000000000000000,,,,,,900.000000000000000,,,,,20175,SEWARD
397951,442223,2017500033900002001,20277.578053872159217,,,,,,,,,,3600.000000000000000,,,900.000000000000000,,,20175,SEWARD
397952,442224,2017500006500002001,170348.499960367335007,18000.000000000000000,9000.000000000000000,900.000000000000000,28800.000000000000000,1800.000000000000000,,,2700.000000000000000,,5400.000000000000000,,900.000000000000000,900.000000000000000,,,20175,SEWARD
397953,442226,2017500042710002001,4255.300529019536043,,,,,,,,,,,,,900.000000000000000,,,20175,SEWARD
397954,442227,2017500042710003001,19709.770817013009946,,,,,,,,,,,,,,,,20175,SEWARD
397955,442229,2017500007920002001,158143.443239484418882,3600.000000000000000,14400.000000000000000,,,,,,,,,,,,,,20175,SEWARD
397956,442230,2017500034020001001,197722.016598551097559,,4500.000000000000000,,4500.000000000000000,,,3600.000000000000000,,7200.000000000000000,9000.000000000000000,6300.000000000000000,7200.000000000000000,1800.000000000000000,6272.000000000000000,34496.000000000000000,20175,SEWARD
397957,442231,2017500033510005001,61016.410496173048159,2700.000000000000000,,900.000000000000000,4500.000000000000000,,900.000000000000000,,,13500.000000000000000,,900.000000000000000,2700.000000000000000,2700.000000000000000,,3136.000000000000000,20175,SEWARD
397958,442232,2017500033510003001,49348.926080752942653,2700.000000000000000,,,,,,,,10800.000000000000000,,,20700.000000000000000,4500.000000000000000,3136.000000000000000,18816.000000000000000,20175,SEWARD
397959,442234,2017500033510006001,12707.936777009215803,1800.000000000000000,2700.000000000000000,1800.000000000000000,2700.000000000000000,7200.000000000000000,,,,900.000000000000000,,,900.000000000000000,,,,20175,SEWARD
397960,442235,2017500008930002001,34509.517633308118093,,,,,,,,,,,,,,,,20175,SEWARD
397961,442236,2017500007350001001,637389.061129437759519,2700.000000000000000,1800.000000000000000,,900.000000000000000,900.000000000000000,,,,7200.000000000000000,1800.000000000000000,900.000000000000000,27000.000000000000000,7200.000000000000000,,,20175,SEWARD
397962,442237,2017500012800001001,623640.696305772056803,7200.000000000000000,1800.000000000000000,1800.000000000000000,4500.000000000000000,,,,,5400.000000000000000,,,,1800.000000000000000,,,20175,SEWARD
397963,442238,2017500033400001001,642365.117565195192583,,900.000000000000000,,,,,,,,,,53100.000000000000000,,,,20175,SEWARD
397964,442239,2017500033410002001,644350.378467157366686,2700.000000000000000,900.000000000000000,,,,,,,,,,56700.000000000000000,1800.000000000000000,,,20175,SEWARD
397965,442240,2017500035870003001,559848.775473003857769,3600.000000000000000,,,900.000000000000000,,,,,,,,,,,,20175,SEWARD
397966,442241,2017500033270002001,75380.458361172859441,1800.000000000000000,,,,,,,,3600.000000000000000,,2700.000000000000000,7200.000000000000000,900.000000000000000,,,20175,SEWARD
397967,442242,2017500033270001001,244016.704213803575840,,,,,,,,,900.000000000000000,,,900.000000000000000,12600.000000000000000,,,20175,SEWARD
397968,442243,2017500016800001001,74116.834604958901764,,900.000000000000000,,,,,,,900.000000000000000,,,9000.000000000000000,,9408.000000000000000,,20175,SEWARD
397969,442244,2017500033710005001,17804.384974461583624,,,,,,,,,,,,900.000000000000000,,,,20175,SEWARD
397970,442245,2017500033710003001,70729.173408421571366,1800.000000000000000,2700.000000000000000,18000.000000000000000,,,900.000000000000000,,,8100.000000000000000,,,45900.000000000000000,900.000000000000000,3136.000000000000000,,20175,SEWARD
397971,442246,2017500010280001001,284656.246430340921506,900.000000000000000,,,,,,,1800.000000000000000,4500.000000000000000,,,2700.000000000000000,,,,20175,SEWARD
397972,442247,2017500010360002001,19393.395169110466668,,,,,,,,,,,,,,,,20175,SEWARD
397973,442248,2017500010360001001,15666.317503471478631,,,,,,,,,900.000000000000000,,,,,,,20175,SEWARD
397974,442249,2017500008750002001,4351.472787107757540,,,,,,,,,,,,,,,,20175,SEWARD
397975,442250,2017500012770003001,68026.440916526335059,,,,,,,,,,,,,,,,20175,SEWARD
397976,442251,2017500012100006001,26572.484908376020030,,,,,,,,,,,,,,,,20175,SEWARD
397977,442252,2017500012100001001,525548.642840856104158,,,,,,,,,,,,900.000000000000000,13500.000000000000000,,,20175,SEWARD
397978,442253,2017500012100005001,76091.668282197788358,,,,,,,,,,,,,2700.000000000000000,,,20175,SEWARD
397979,442254,2017500012100002001,63577.877828523276548,,,,,,,900.000000000000000,,,1800.000000000000000,,,12600.000000000000000,,,20175,SEWARD
397980,442255,2017500012100004001,221761.926358628988964,,,,,,,,,,,,,16200.000000000000000,,,20175,SEWARD
397981,442256,2017500012100003001,338675.628239592653699,,,,,,,,,,,,,2700.000000000000000,,,20175,SEWARD
397982,442257,2017500009950005001,19120.995317658300337,,,,,,,,,,,,,,,,20175,SEWARD
397983,442258,2017500006230001001,1918623.647638452239335,8100.000000000000000,9900.000000000000000,1800.000000000000000,8100.000000000000000,21600.000000000000000,4500.000000000000000,,2700.000000000000000,113400.000000000000000,35100.000000000000000,4500.000000000000000,900.000000000000000,900.000000000000000,,,20175,SEWARD
397984,442259,2017500009240004001,7581.297554983753798,1800.000000000000000,,,5400.000000000000000,,6300.000000000000000,900.000000000000000,,,,7200.000000000000000,,6300.000000000000000,,,20175,SEWARD
397985,442262,2017500012060002001,42745.514236304945371,,,,900.000000000000000,,,,,,,,,,,,20175,SEWARD
397986,442263,2017500005670002001,9172.621403871029543,900.000000000000000,,,,,,,,,,,,,,,20175,SEWARD
397987,442264,2017500006610003001,10181.770332292759122,,,,,1800.000000000000000,,,,,,,,,,,20175,SEWARD
397988,442269,2017500006000004001,221379.262859200040111,,,,,,,,,,,,,,,,20175,SEWARD
397989,442270,2017500005280004001,46375.095485725520120,,,,,,,,,,,,,,,,20175,SEWARD
397990,442271,2017500005960001001,307550.631072525226045,2700.000000000000000,,3600.000000000000000,,4500.000000000000000,,,,,1800.000000000000000,,,,,,20175,SEWARD
397991,442273,2017500006510002001,50724.070498715496797,,,,,,,,,,,,,,,,20175,SEWARD
397992,442276,2017500006550002001,26964.041839865287329,,,,,1800.000000000000000,,,,,,,,,,,20175,SEWARD
397993,442277,2017500000370002001,16143.960708973541841,,,,,900.000000000000000,,,900.000000000000000,,,,,,,,20175,SEWARD
397994,442278,2017500011990001001,1155986.537732106633484,,,,,,,,,,900.000000000000000,,5400.000000000000000,30600.000000000000000,,,20175,SEWARD
397995,442279,2017500011990002001,98916.930655584132182,,,,,,,,,,,,,,,,20175,SEWARD
397996,442280,2017500007840002001,18516.838513321508799,,,,,,,,,,900.000000000000000,,,,,,20175,SEWARD
397997,442282,2017500005320004001,34991.366619564032590,,,,,,,,,,,,,,,,20175,SEWARD
397998,442283,2017500007060002001,11675.037508452771362,900.000000000000000,,,,,,,,,900.000000000000000,,,,,,20175,SEWARD
397999,442285,2017500006260012001,26386.139320614114695,,,,,,,,,,,,,,,,20175,SEWARD
398000,442286,2017500005260001001,478175.692755924887024,,900.000000000000000,,,,,,,,,900.000000000000000,5400.000000000000000,,,21952.000000000000000,20175,SEWARD
398001,442287,2017500012820001001,150900.590647917444585,900.000000000000000,,,,,,,,,,,,,,3136.000000000000000,20175,SEWARD
398002,442288,2017500012820002001,9944.320987580716974,,,,,,,,,,,,,,,,20175,SEWARD
398003,442289,2017500012900003001,737347.192829728010111,99900.000000000000000,43200.000000000000000,13500.000000000000000,18900.000000000000000,4500.000000000000000,,,2700.000000000000000,27900.000000000000000,6300.000000000000000,4500.000000000000000,3600.000000000000000,4500.000000000000000,,3136.000000000000000,20175,SEWARD
398004,442291,2017500009200002001,1079911.737756692105904,,900.000000000000000,,,,,,,900.000000000000000,900.000000000000000,,,2700.000000000000000,,,20175,SEWARD
398005,442292,2017500012730001001,161922.601452446775511,9000.000000000000000,5400.000000000000000,900.000000000000000,,,,,,2700.000000000000000,9000.000000000000000,1800.000000000000000,27000.000000000000000,,,,20175,SEWARD
398006,442293,2017500013160001001,154692.292586427560309,900.000000000000000,,,,,,,,4500.000000000000000,900.000000000000000,1800.000000000000000,22500.000000000000000,900.000000000000000,,3136.000000000000000,20175,SEWARD
398007,442294,2017500009190003001,2426679.620738351717591,4500.000000000000000,4500.000000000000000,900.000000000000000,,,,,,4500.000000000000000,2700.000000000000000,6300.000000000000000,2700.000000000000000,27000.000000000000000,,,20175,SEWARD
398008,442295,2017500009190001001,6148387.781449425034225,9000.000000000000000,7200.000000000000000,1800.000000000000000,900.000000000000000,900.000000000000000,900.000000000000000,,,,,,5400.000000000000000,,,,20175,SEWARD
398009,442296,2017500008960002001,19902.348668469254335,,,,,,,,,,,,,,,,20175,SEWARD
398010,442297,2017500008960001001,423837.258805912628304,,,,,,,,,,,,1800.000000000000000,8100.000000000000000,,,20175,SEWARD
398011,442298,2017500008250002001,7412.614841354737109,,,,,,,,,,,,,,,,20175,SEWARD
398012,442299,2017500007820002001,80260.963154827943072,900.000000000000000,,900.000000000000000,900.000000000000000,,,,,,1800.000000000000000,,,,,,20175,SEWARD
398013,442300,2017540007280001001,650377.740966961369850,4500.000000000000000,5400.000000000000000,15300.000000000000000,162900.000000000000000,3600.000000000000000,9000.000000000000000,8100.000000000000000,82800.000000000000000,14400.000000000000000,90000.000000000000000,2700.000000000000000,,,6272.000000000000000,3136.000000000000000,20175,SEWARD
398014,442301,2017500007770002001,7733.487435448350880,900.000000000000000,,,900.000000000000000,,,,900.000000000000000,,,,,,,3136.000000000000000,20175,SEWARD
398015,442302,2017540007290001001,318876.474916574719828,,,,1800.000000000000000,,,,,,,,,2700.000000000000000,,,20175,SEWARD
398016,442303,2017540007300001001,1568891.905782272573560,,,,,,,,,,,,900.000000000000000,900.000000000000000,,,20175,SEWARD
398017,442304,2017500041760002001,661072.196734893484972,,,,4500.000000000000000,,,,,,,,,5400.000000000000000,,,20175,SEWARD
398018,442305,2017500008580002001,4982.574018947978402,,,,,,,,,,,,,,,,20175,SEWARD
398019,442306,2017500041720005001,35728.053631037902960,,,,,,,,,,,,,,,,20175,SEWARD
398020,442307,2017500012470001001,1305661.994143303250894,3600.000000000000000,,,,,5400.000000000000000,900.000000000000000,,,,5400.000000000000000,8100.000000000000000,3600.000000000000000,,6272.000000000000000,20175,SEWARD
398021,442308,2017500012350001001,659443.306613143184222,,,,,,,,,,,,,,,,20175,SEWARD
398022,442309,2017500012110004001,1763571.203833409817889,900.000000000000000,,,,,,,,,1800.000000000000000,900.000000000000000,,5400.000000000000000,,,20175,SEWARD
398023,442310,2017500012110003001,314142.559449179272633,,,,,,,,,,,,,1800.000000000000000,,,20175,SEWARD
398024,442312,2017520119250001001,158104.092723676731111,,,,,,,,,,,,,,,,20175,SEWARD
398025,442313,2017500008760006001,41516.903270787530346,,,,,,,,,,,,,,,,20175,SEWARD
398026,442314,2017500040860001001,159791.526212525990559,,,,,,,,,,,,,,,,20175,SEWARD
398027,442315,2017500012950001001,649789.906982842367142,,,,,900.000000000000000,,,,,3600.000000000000000,,1800.000000000000000,5400.000000000000000,,,20175,SEWARD
398028,442316,2017500041740002001,110338.796209050880861,900.000000000000000,900.000000000000000,3600.000000000000000,,900.000000000000000,900.000000000000000,,,,19800.000000000000000,2700.000000000000000,11700.000000000000000,5400.000000000000000,,,20175,SEWARD
398029,442317,2017500012110002001,1634792.309973686933517,6300.000000000000000,,,,,,,,,,2700.000000000000000,,,,,20175,SEWARD
398030,442318,2017500012490003001,643015.606157847098075,,,,,,,,,,,,,,,,20175,SEWARD
398031,442319,2017500012510001001,147356.612361368344864,,,,,,,,,,,,,,,,20175,SEWARD
398032,442320,2017500012110001001,4564902.589995739981532,,900.000000000000000,,,,,,,,,,,900.000000000000000,,,20175,SEWARD
398033,442321,2017500012500001001,648067.256131762987934,10800.000000000000000,3600.000000000000000,,5400.000000000000000,,,,,,,,,,,,20175,SEWARD
398034,442322,2017500038440002001,54060.249097897605679,,,,,,,,,,,,,,,,20175,SEWARD
398035,442323,2017520119260003001,5732.522546057125510,4500.000000000000000,4500.000000000000000,4500.000000000000000,4500.000000000000000,4500.000000000000000,4500.000000000000000,4500.000000000000000,4500.000000000000000,4500.000000000000000,4500.000000000000000,4500.000000000000000,4500.000000000000000,4500.000000000000000,3136.000000000000000,3136.000000000000000,20175,SEWARD
398036,442324,2017520119270002001,4735.683394492059051,4500.000000000000000,4500.000000000000000,4500.000000000000000,4500.000000000000000,4500.000000000000000,4500.000000000000000,2700.000000000000000,4500.000000000000000,4500.000000000000000,4500.000000000000000,4500.000000000000000,4500.000000000000000,4500.000000000000000,3136.000000000000000,3136.000000000000000,20175,SEWARD
398037,442325,2017500009570002001,5638.671224619687564,,,900.000000000000000,,,,1800.000000000000000,,1800.000000000000000,,,3600.000000000000000,3600.000000000000000,,,20175,SEWARD
398038,442326,2017500009560002001,5643.132773369577080,900.000000000000000,,900.000000000000000,,,,900.000000000000000,3600.000000000000000,1800.000000000000000,,,,,,,20175,SEWARD
398039,442327,2017500035380004001,6510.190046489658926,,,,,,,,,,,,,,,,20175,SEWARD
398040,442328,2017500008400002001,117354.583196734078228,,,,,,,,,,,,,,,,20175,SEWARD
398041,442332,2017500009010007001,467978.591379147081170,16200.000000000000000,11700.000000000000000,3600.000000000000000,3600.000000000000000,2700.000000000000000,1800.000000000000000,,1800.000000000000000,31500.000000000000000,9900.000000000000000,17100.000000000000000,5400.000000000000000,,3136.000000000000000,,20175,SEWARD
398042,442333,2017500009010009001,9851.134421791002751,,,,,,,,,,,,,,,,20175,SEWARD
398043,442334,2017500009010008001,175231.566157753346488,25200.000000000000000,11700.000000000000000,,6300.000000000000000,900.000000000000000,6300.000000000000000,,900.000000000000000,900.000000000000000,1800.000000000000000,9000.000000000000000,6300.000000000000000,,,,20175,SEWARD
398044,442335,2017520081220001001,1273635.089588415576145,98100.000000000000000,38700.000000000000000,900.000000000000000,,900.000000000000000,90000.000000000000000,,,,,900.000000000000000,900.000000000000000,900.000000000000000,,,20175,SEWARD
398045,442336,2017500008980002001,26928.973020718254702,3600.000000000000000,900.000000000000000,,3600.000000000000000,5400.000000000000000,1800.000000000000000,,,9000.000000000000000,4500.000000000000000,,1800.000000000000000,900.000000000000000,,,20175,SEWARD
398046,442338,2017500007660002001,4609.215097305167546,,,,2700.000000000000000,,,,,,,,,,,,20175,SEWARD
398047,442339,2017500038450004001,17954.567833673943824,,,,,,,,,,,,,,,,20175,SEWARD
398048,442340,2017500038450003001,165742.020079230191186,102600.000000000000000,30600.000000000000000,900.000000000000000,107100.000000000000000,,,,,107100.000000000000000,4500.000000000000000,,4500.000000000000000,900.000000000000000,3136.000000000000000,3136.000000000000000,20175,SEWARD
398049,442341,2017500038450002001,22879.319997381775465,900.000000000000000,,,,,,,,,,,,,,,20175,SEWARD
398050,442342,2017500007600005001,8242.047873533358143,2700.000000000000000,,,900.000000000000000,,,900.000000000000000,,,1800.000000000000000,1800.000000000000000,,,,,20175,SEWARD
398051,442343,2017500012280001001,602266.967501091188751,,,,,,,,,,1800.000000000000000,,6300.000000000000000,,,,20175,SEWARD
398052,442344,2017540007340001001,628923.908602091716602,4500.000000000000000,6300.000000000000000,,900.000000000000000,900.000000000000000,,1800.000000000000000,900.000000000000000,,3600.000000000000000,7200.000000000000000,6300.000000000000000,900.000000000000000,,15680.000000000000000,20175,SEWARD
398053,442346,2017500012480001001,657281.671731153270230,,,,,,,,,,,,,,,,20175,SEWARD
398054,442347,2017500012460001001,189286.619178093271330,900.000000000000000,900.000000000000000,,23400.000000000000000,,,,9000.000000000000000,56700.000000000000000,1800.000000000000000,,900.000000000000000,19800.000000000000000,,,20175,SEWARD
398055,442348,2017500010260002001,275618.614135976356920,,,,,,,,,,,,,,,,20175,SEWARD
398056,442349,2017500041670002001,334502.325423190952279,,,,,,,,,,,,,,,,20175,SEWARD
398057,442350,2017500012220002001,1528400.015068875858560,1800.000000000000000,,,,,,,,,,,,,,,20175,SEWARD
398058,442351,2017500010210004001,378338.635973025695421,,,,,,,,,,,,,,,6272.000000000000000,20175,SEWARD
398059,442352,2017500010210003001,31907.592912547916058,,,,,,,,,,,,,,,,20175,SEWARD
398060,442353,2017500010270002001,223942.505906519567361,,,,,,,,,,,,,,,,20175,SEWARD
398061,442354,2017500041750001001,637104.397951100487262,,,,,,,,,,,,,,,,20175,SEWARD
398062,442355,2017500009280004001,281434.208362594479695,1800.000000000000000,,,1800.000000000000000,,,,,900.000000000000000,12600.000000000000000,,,,,,20175,SEWARD
398063,442356,2017500007630002001,1404842.494739135028794,9900.000000000000000,9900.000000000000000,2700.000000000000000,9000.000000000000000,9000.000000000000000,5400.000000000000000,,17100.000000000000000,33300.000000000000000,,18900.000000000000000,38700.000000000000000,22500.000000000000000,47040.000000000000000,28224.000000000000000,20175,SEWARD
398064,442357,2017500007630003001,17639.371997106340132,1800.000000000000000,900.000000000000000,900.000000000000000,,,,,,900.000000000000000,,,,,,,20175,SEWARD
398065,442358,2017500012860001001,137753.915659876627615,,,,,,,,,,,,,,,,20175,SEWARD
398066,442359,2017500012320001001,355823.250944858009461,,,,,,,,,,,,6300.000000000000000,,,,20175,SEWARD
398067,442360,2017500038390001001,321086.849977025471162,,900.000000000000000,,,,,,,,,,9900.000000000000000,,,,20175,SEWARD
398068,442361,2017500012160001001,702048.797791531775147,,,,,,,,,900.000000000000000,,,900.000000000000000,,,,20175,SEWARD
398069,442362,2017500012320002001,92857.015246088689310,,,,,,,,,,,,,,,,20175,SEWARD
398070,442363,2017500012150004001,25824.211953193400404,,,,,,,,,,,,,,,,20175,SEWARD
398071,442364,2017500007950002001,92936.842953205617960,,,,,,,,,,,,,,,,20175,SEWARD
398072,442365,2017500008760007001,132585.085917069751304,900.000000000000000,18000.000000000000000,3600.000000000000000,,,,,,,22500.000000000000000,,1800.000000000000000,,,,20175,SEWARD
398073,442366,2017500039450007001,83515.549413489381550,,,,,,,,,,,,,1800.000000000000000,,,20175,SEWARD
398074,442367,2017500039450008001,86179.535060430251178,2700.000000000000000,3600.000000000000000,900.000000000000000,,,,,,,,,900.000000000000000,,,,20175,SEWARD
398075,442368,2017500005030002001,100509.419848180448753,3600.000000000000000,2700.000000000000000,900.000000000000000,2700.000000000000000,,,,900.000000000000000,,,,,,,,20175,SEWARD
398076,442369,2017500039450006001,230632.844080214592395,,,,,,,,,,,,,,,,20175,SEWARD
398077,442370,2017500008100002001,11802.056302437813429,,,,,,,,,,,,,,,,20175,SEWARD
398078,442373,2017500035410004001,25260.385455655959959,,,,,,,,,,,,,,,,20175,SEWARD
398079,442374,2017500012850004001,10068.094026956183370,,,,,,,,,,,,,,,,20175,SEWARD
398080,442375,2017500012130001001,158955.385475687973667,900.000000000000000,,,,,,,,1800.000000000000000,900.000000000000000,,3600.000000000000000,,,,20175,SEWARD
398081,442376,2017500008000007001,11898.242173699914929,,,,,,,,,,,,,,,,20175,SEWARD
398082,442377,2017500012150002001,60157.132652232692635,,,,,,,,,,,,2700.000000000000000,,,,20175,SEWARD
398083,442378,2017500012150003001,411798.549391507287510,900.000000000000000,,,,,,,3600.000000000000000,16200.000000000000000,,,15300.000000000000000,,,,20175,SEWARD
398084,442379,2017500012150005001,2396908.598119556903839,3600.000000000000000,,,7200.000000000000000,,,,10800.000000000000000,1800.000000000000000,900.000000000000000,,7200.000000000000000,,,,20175,SEWARD
398085,442380,2017500012190001001,643115.952288973494433,,,,,,,,,900.000000000000000,,,11700.000000000000000,,,,20175,SEWARD
398086,442381,2017500012310003001,456078.986297201539855,900.000000000000000,900.000000000000000,,,,,900.000000000000000,,900.000000000000000,,1800.000000000000000,12600.000000000000000,,,,20175,SEWARD
398087,442382,2017500012430001001,291264.442667055409402,900.000000000000000,,,,,,,,,,,,,,,20175,SEWARD
398088,442383,2017500009290002001,106183.564176674059127,3600.000000000000000,,,1800.000000000000000,,,,2700.000000000000000,900.000000000000000,,,,,,,20175,SEWARD
398089,442384,2017500009280002001,117716.197523663518950,1800.000000000000000,,,,,,,,,,,,,,,20175,SEWARD
398090,442385,2017500012530005001,215851.346453721664147,3600.000000000000000,,1800.000000000000000,1800.000000000000000,,,,,,,,,,,,20175,SEWARD
398091,442386,2017500038770005001,90361.649977166991448,,,,,,,,,,,,,,,,20175,SEWARD
398092,442387,2017500012250001001,2520980.494228744879365,900.000000000000000,,,900.000000000000000,,,,,,,,1800.000000000000000,,,,20175,SEWARD
398093,442388,2017500012300001001,520936.536609766189940,,,,,,,,,,900.000000000000000,,1800.000000000000000,,,,20175,SEWARD
398094,442389,2017500012370001001,4883631.841084311716259,,,,,,,,,,6300.000000000000000,,900.000000000000000,,,,20175,SEWARD
398095,442390,2017500012400001001,627561.660320329829119,,,,,,,,,,,,,,,,20175,SEWARD
398096,442391,2017500012900005001,15778.477879633150224,,,,,,,,,,,,,,,,20175,SEWARD
398097,442392,2017500002680004001,10502.038939458383538,900.000000000000000,10800.000000000000000,11700.000000000000000,1800.000000000000000,11700.000000000000000,,12600.000000000000000,,12600.000000000000000,3600.000000000000000,13500.000000000000000,6300.000000000000000,13500.000000000000000,6272.000000000000000,9408.000000000000000,20175,SEWARD
398098,442394,2017500002460002001,7712.432939397369410,,,,900.000000000000000,,900.000000000000000,,900.000000000000000,,,,,,,,20175,SEWARD
398099,442396,2017500000080003001,317161.915435124421492,,,,,,,,,,1800.000000000000000,5400.000000000000000,,5400.000000000000000,,,20175,SEWARD
398100,442397,2017500005520002001,4296.523732955385640,,,,,,,,,,,,,,,,20175,SEWARD
398101,442402,2017520189490001002,5175.947705846808276,,,,,,,,,,,,,,,,20175,SEWARD
398102,442404,2017520081230001001,603814.114958159043454,50400.000000000000000,299700.000000000000000,900.000000000000000,161100.000000000000000,,900.000000000000000,,481500.000000000000000,21600.000000000000000,,,,,,,20175,SEWARD
398103,442406,2017500001090002001,6291.513050683824986,,,,,,,,,,,,,,,,20175,SEWARD
398104,442411,2017500034850001001,142713.212523562600836,900.000000000000000,1800.000000000000000,,,2700.000000000000000,,,,,,,,2700.000000000000000,,,20175,SEWARD
398105,442416,2017500006610004001,36092.940632562582323,,,,,,,,,,,,,4500.000000000000000,3136.000000000000000,,20175,SEWARD
398106,442420,2017500006890002001,4065.186770120968049,,900.000000000000000,,,900.000000000000000,,,900.000000000000000,,,,,,,,20175,SEWARD
398107,442422,2017500007040009001,35405.280857995516271,18000.000000000000000,3600.000000000000000,12600.000000000000000,13500.000000000000000,14400.000000000000000,9900.000000000000000,9900.000000000000000,9900.000000000000000,16200.000000000000000,9000.000000000000000,5400.000000000000000,,2700.000000000000000,6272.000000000000000,,20175,SEWARD
398108,442425,2017500007920006001,6253.958526413037362,,900.000000000000000,,,900.000000000000000,,,,,,,,,,,20175,SEWARD
398109,442427,2017500007950003001,194269.998751618579263,,,,,,,,,,,,,,,,20175,SEWARD
398110,442432,2017500000080002001,76895.399443706031889,,,,,,,,,,,,,,,,20175,SEWARD
398111,442435,2017500011940003001,45439.468885418951686,900.000000000000000,900.000000000000000,,900.000000000000000,,,,900.000000000000000,,,3600.000000000000000,,900.000000000000000,,,20175,SEWARD
398112,442438,2017500001380001001,557280.847659202641807,8100.000000000000000,900.000000000000000,456300.000000000000000,465300.000000000000000,1800.000000000000000,435600.000000000000000,4500.000000000000000,900.000000000000000,,462600.000000000000000,454500.000000000000000,15300.000000000000000,1800.000000000000000,,6272.000000000000000,20175,SEWARD
398113,442439,2017500001390003001,8750.616430513764499,2700.000000000000000,1800.000000000000000,,,,,,,,,,2700.000000000000000,,,,20175,SEWARD
398114,442440,2017500012090001001,12153312.851594425737858,3600.000000000000000,8100.000000000000000,,9000.000000000000000,,,,900.000000000000000,1800.000000000000000,8100.000000000000000,,900.000000000000000,900.000000000000000,,,20175,SEWARD
398115,442441,2017500012580001001,195255.284004093991825,,,,,,,,,,,,5400.000000000000000,,,,20175,SEWARD
398116,442442,2017500012900002001,5781.217783833181784,900.000000000000000,,,,,900.000000000000000,,,,,,,,,,20175,SEWARD
398117,442443,2017500012900001001,536706.861811910057440,22500.000000000000000,18900.000000000000000,5400.000000000000000,21600.000000000000000,4500.000000000000000,5400.000000000000000,900.000000000000000,,9000.000000000000000,4500.000000000000000,41400.000000000000000,24300.000000000000000,8100.000000000000000,25088.000000000000000,12544.000000000000000,20175,SEWARD
398118,442444,2017500012910001001,266941.595183219702449,,,,,,,,,1800.000000000000000,,,3600.000000000000000,,,,20175,SEWARD
398119,442445,2017500012910002001,40206.256704776984407,,,,,,,,,,,,,,,,20175,SEWARD
398120,442446,2017500011310001001,615460.566785795730539,1800.000000000000000,,,,,,,,,900.000000000000000,10800.000000000000000,,1800.000000000000000,,,20175,SEWARD
398121,442448,2017500013000001001,599882.503680597175844,,,,,,,,,,,,,,,,20175,SEWARD
398122,442449,2017500012650001001,584669.318492116872221,,,,,,,,,,,,,,,,20175,SEWARD
398123,442450,2017500007360001001,176238.934321561915567,,,,,,,,,,,,,,,,20175,SEWARD
398124,442451,2017520119310001001,28346.966205580829410,,,,,,,,,,900.000000000000000,1800.000000000000000,15300.000000000000000,1800.000000000000000,,,20175,SEWARD
398125,442452,2017520119320003001,31061.628318653678434,,,,900.000000000000000,,,,,1800.000000000000000,,12600.000000000000000,8100.000000000000000,6300.000000000000000,,,20175,SEWARD
398126,442454,2017520119330001001,633473.111815705429763,8100.000000000000000,2700.000000000000000,5400.000000000000000,446400.000000000000000,2700.000000000000000,1800.000000000000000,,,,,,4500.000000000000000,,,,20175,SEWARD
398127,442455,2017520119340001001,643165.719856495852582,118800.000000000000000,46800.000000000000000,3600.000000000000000,15300.000000000000000,12600.000000000000000,,,,6300.000000000000000,,900.000000000000000,2700.000000000000000,6300.000000000000000,,15680.000000000000000,20175,SEWARD
398128,442456,2017500011920001001,686246.553597550024278,15300.000000000000000,900.000000000000000,900.000000000000000,21600.000000000000000,29700.000000000000000,,,,,900.000000000000000,6300.000000000000000,,2700.000000000000000,,,20175,SEWARD
398129,442457,2017500011920002001,383337.243335498846136,3600.000000000000000,1800.000000000000000,1800.000000000000000,900.000000000000000,29700.000000000000000,900.000000000000000,,,,900.000000000000000,,,,,,20175,SEWARD
398130,442458,2017500034810003001,15511.910342225528439,,900.000000000000000,,,900.000000000000000,,,,,,,,,,,20175,SEWARD
398131,442459,2017500041820003001,37474.826467295570183,,,,,,,,,,900.000000000000000,,,,3136.000000000000000,,20175,SEWARD
398132,442460,2017500006740006001,5112.318691728550220,,,,,,,,,,,,,,,,20175,SEWARD
398133,442461,2017500034030006001,14927.272332456857839,,,,,,,,,,,,,,,,20175,SEWARD
398134,442464,2017500040620007001,8781.315552320053030,1800.000000000000000,1800.000000000000000,,1800.000000000000000,,,,,4500.000000000000000,3600.000000000000000,4500.000000000000000,,4500.000000000000000,,3136.000000000000000,20175,SEWARD
398135,442465,2017500010120012001,41827.507841382343031,18900.000000000000000,13500.000000000000000,5400.000000000000000,9000.000000000000000,8100.000000000000000,1800.000000000000000,,900.000000000000000,3600.000000000000000,2700.000000000000000,11700.000000000000000,9000.000000000000000,6300.000000000000000,9408.000000000000000,,20175,SEWARD
398136,442466,2017500000090011001,5555.707957858461668,,,,,,,,,,,,,,,,20175,SEWARD
398137,442467,2017500000090003001,7962.667987020295186,,,,,,,,,,,,,,,,20175,SEWARD
398138,442468,2017500002280003001,5076.486196496566663,2700.000000000000000,2700.000000000000000,,4500.000000000000000,,5400.000000000000000,,6300.000000000000000,,,6300.000000000000000,1800.000000000000000,6300.000000000000000,,3136.000000000000000,20175,SEWARD
398139,442469,2017500006990004001,29306.743070397042175,9000.000000000000000,6300.000000000000000,3600.000000000000000,6300.000000000000000,6300.000000000000000,6300.000000000000000,5400.000000000000000,,4500.000000000000000,5400.000000000000000,14400.000000000000000,900.000000000000000,8100.000000000000000,6272.000000000000000,12544.000000000000000,20175,SEWARD
398140,442470,2017500039940004001,48165.247105385649775,,2700.000000000000000,,900.000000000000000,1800.000000000000000,,,,,1800.000000000000000,,,1800.000000000000000,,,20175,SEWARD
398141,442473,2017500041120001001,59478.426590524337371,900.000000000000000,900.000000000000000,,,16200.000000000000000,,,,,,,,,,,20175,SEWARD
398142,442474,2017500041120002001,15128.035014465101995,2700.000000000000000,1800.000000000000000,,,,,,,,,,,,,,20175,SEWARD
398143,442476,2017500001890002001,73975.774090866922052,2700.000000000000000,,1800.000000000000000,900.000000000000000,5400.000000000000000,,,,,10800.000000000000000,,,,,,20175,SEWARD
398144,442477,2017500001890001001,535348.322732549277134,2700.000000000000000,900.000000000000000,,,900.000000000000000,,,,,,,,,,,20175,SEWARD
398145,442478,2017500001890004001,7440.797352409738778,,,,,,,,,,,,,,,,20175,SEWARD
398146,442479,2017500042120006001,6077.370347314153150,,,,,,,,,,,,,,,,20175,SEWARD
398147,442482,2017500039720003001,116326.611445611633826,,,,,,,,,2700.000000000000000,,,,,,,20175,SEWARD
398148,442483,2017500039710002001,448399.282330502523109,,,,900.000000000000000,,,,900.000000000000000,1800.000000000000000,,,1800.000000000000000,900.000000000000000,,,20175,SEWARD
398149,442485,2017500036030002001,58439.129732979854452,3600.000000000000000,,,900.000000000000000,,,,,,,,,,,,20175,SEWARD
398150,442486,2017500007040006001,48858.192744268482784,3600.000000000000000,5400.000000000000000,2700.000000000000000,1800.000000000000000,900.000000000000000,900.000000000000000,,1800.000000000000000,900.000000000000000,,9000.000000000000000,21600.000000000000000,10800.000000000000000,3136.000000000000000,6272.000000000000000,20175,SEWARD
398151,442489,2017500042510002001,20853.185391971273930,12600.000000000000000,900.000000000000000,,10800.000000000000000,900.000000000000000,,,,,,7200.000000000000000,,,,,20175,SEWARD
398152,442492,2017500009710003001,181805.410844028287102,13500.000000000000000,4500.000000000000000,900.000000000000000,3600.000000000000000,8100.000000000000000,,,10800.000000000000000,8100.000000000000000,4500.000000000000000,10800.000000000000000,6300.000000000000000,900.000000000000000,,,20175,SEWARD
398153,442493,2017500009710002001,173249.993020392954350,7200.000000000000000,3600.000000000000000,,900.000000000000000,,,,3600.000000000000000,2700.000000000000000,900.000000000000000,4500.000000000000000,,4500.000000000000000,3136.000000000000000,,20175,SEWARD
398154,442494,2017500009710004001,41016.195056472446595,2700.000000000000000,1800.000000000000000,900.000000000000000,,1800.000000000000000,,,,,,900.000000000000000,3600.000000000000000,,,,20175,SEWARD
398155,442495,2017500009710005001,13653.890988685967386,900.000000000000000,900.000000000000000,,,900.000000000000000,,,,,900.000000000000000,,1800.000000000000000,,,,20175,SEWARD
398156,442499,2017500002680010001,7988.154158164787987,8100.000000000000000,8100.000000000000000,8100.000000000000000,8100.000000000000000,8100.000000000000000,8100.000000000000000,8100.000000000000000,7200.000000000000000,7200.000000000000000,8100.000000000000000,8100.000000000000000,8100.000000000000000,8100.000000000000000,6272.000000000000000,,20175,SEWARD
398157,442500,2017500035940004001,32978.739310030228808,900.000000000000000,5400.000000000000000,5400.000000000000000,1800.000000000000000,7200.000000000000000,1800.000000000000000,5400.000000000000000,5400.000000000000000,5400.000000000000000,5400.000000000000000,2700.000000000000000,3600.000000000000000,,3136.000000000000000,,20175,SEWARD
398158,442504,2017500033360002001,232863.456313912785845,26100.000000000000000,34200.000000000000000,9900.000000000000000,27900.000000000000000,27000.000000000000000,36900.000000000000000,12600.000000000000000,29700.000000000000000,33300.000000000000000,31500.000000000000000,23400.000000000000000,33300.000000000000000,900.000000000000000,,9408.000000000000000,20175,SEWARD
398159,442505,2017500033360005001,112271.074366081433254,15300.000000000000000,16200.000000000000000,10800.000000000000000,10800.000000000000000,15300.000000000000000,18900.000000000000000,10800.000000000000000,13500.000000000000000,7200.000000000000000,30600.000000000000000,16200.000000000000000,,,,,20175,SEWARD
398160,442506,2017500034800002001,14600.817706028754401,900.000000000000000,,,,,,,,,900.000000000000000,,,,,,20175,SEWARD
398161,442508,2017500033480003001,4319.925708700892756,2700.000000000000000,2700.000000000000000,1800.000000000000000,2700.000000000000000,,900.000000000000000,1800.000000000000000,1800.000000000000000,1800.000000000000000,1800.000000000000000,900.000000000000000,2700.000000000000000,,,,20175,SEWARD
398162,442511,2017500012040004001,674932.588301636744291,30600.000000000000000,11700.000000000000000,1800.000000000000000,14400.000000000000000,48600.000000000000000,900.000000000000000,,3600.000000000000000,12600.000000000000000,900.000000000000000,900.000000000000000,4500.000000000000000,84600.000000000000000,,,20175,SEWARD
398163,442513,2017500041480006001,13105.078525909037126,,1800.000000000000000,900.000000000000000,900.000000000000000,900.000000000000000,,,,,,3600.000000000000000,900.000000000000000,,,,20175,SEWARD
398164,442514,2017500041480008001,15525.200695809329773,900.000000000000000,6300.000000000000000,900.000000000000000,3600.000000000000000,1800.000000000000000,,,900.000000000000000,3600.000000000000000,,11700.000000000000000,900.000000000000000,,,,20175,SEWARD
398165,442515,2017500001170019001,4124.457524812207339,900.000000000000000,900.000000000000000,,900.000000000000000,,,,,,,1800.000000000000000,1800.000000000000000,900.000000000000000,,,20175,SEWARD
398166,442516,2017500037940002001,465525.065250635729171,900.000000000000000,1800.000000000000000,,,2700.000000000000000,5400.000000000000000,4500.000000000000000,,16200.000000000000000,4500.000000000000000,,6300.000000000000000,7200.000000000000000,6272.000000000000000,12544.000000000000000,20175,SEWARD
398167,442518,2017500006370007001,7897.541219704144169,,,1800.000000000000000,1800.000000000000000,1800.000000000000000,,,1800.000000000000000,1800.000000000000000,900.000000000000000,2700.000000000000000,5400.000000000000000,3600.000000000000000,,,20175,SEWARD
398168,442520,2017500010260003001,7054.388005887224608,,,,,,,,,,,,,,,,20175,SEWARD
398169,442521,2017500009000002001,5479.890254765929058,,,,,,,,,,,,,900.000000000000000,,,20175,SEWARD
398170,442524,2017500034330008001,5123.694013689175335,,,,,900.000000000000000,,,,,,,,,,,20175,SEWARD
398171,442525,2017500034030008001,21719.843760935364116,6300.000000000000000,6300.000000000000000,1800.000000000000000,2700.000000000000000,6300.000000000000000,5400.000000000000000,3600.000000000000000,4500.000000000000000,6300.000000000000000,9900.000000000000000,4500.000000000000000,9000.000000000000000,3600.000000000000000,,6272.000000000000000,20175,SEWARD
398172,442526,2017500000750003001,58331.371851556017646,,,,,,,,,,,,,,,,20175,SEWARD
398173,442527,2017500000550003001,59870.900784780533286,900.000000000000000,3600.000000000000000,,3600.000000000000000,,,,,900.000000000000000,,,,,,,20175,SEWARD
398174,442529,2017500003290002001,26720.556191196174041,,,,,,,,,,,,,,,,20175,SEWARD
398175,442530,2017500001200002001,5727.621873607497037,,,,,,,,,,,,,,,,20175,SEWARD
398176,442531,2017500000910005001,23861.894785024254816,,,,,,,,,,,,,,,,20175,SEWARD
398177,442532,2017500041560018001,5047.641779874749773,900.000000000000000,,,,,,,,,,900.000000000000000,1800.000000000000000,,,,20175,SEWARD
398178,442533,2017500041610002001,5035.509905433420499,,,,,,,,,,,,,,,,20175,SEWARD
398179,442534,2017500033000002001,241993.755860034347279,40500.000000000000000,25200.000000000000000,900.000000000000000,24300.000000000000000,33300.000000000000000,2700.000000000000000,,3600.000000000000000,54900.000000000000000,5400.000000000000000,,2700.000000000000000,4500.000000000000000,,3136.000000000000000,20175,SEWARD
398180,442536,2017500041560004001,25794.132098780035449,1800.000000000000000,,,,,,,,1800.000000000000000,1800.000000000000000,10800.000000000000000,,3600.000000000000000,,,20175,SEWARD
398181,442537,2017500011610004001,4470885.343063435517251,8100.000000000000000,2700.000000000000000,1800.000000000000000,900.000000000000000,2700.000000000000000,,,,15300.000000000000000,2700.000000000000000,7200.000000000000000,,2700.000000000000000,3136.000000000000000,,20175,SEWARD
398182,442539,2017500001020005001,8922.876580015259606,900.000000000000000,900.000000000000000,900.000000000000000,900.000000000000000,,,,,,900.000000000000000,,,,,,20175,SEWARD
398183,442541,2017500037370004001,285466.565096343518235,,,,,,,,,,,,,,,,20175,SEWARD
398184,442543,2017500006110002001,9029.045472477155272,,,,,,,,,,,,,,,,20175,SEWARD
398185,442544,2017500007440006001,5693.342018259191718,,,,,,,,,,,,,,,,20175,SEWARD
398186,442545,2017500007440001001,6653728.249763797037303,5400.000000000000000,18900.000000000000000,13500.000000000000000,64800.000000000000000,37800.000000000000000,18900.000000000000000,4500.000000000000000,9000.000000000000000,13500.000000000000000,6300.000000000000000,48600.000000000000000,173700.000000000000000,51300.000000000000000,,84672.000000000000000,20175,SEWARD
398187,442546,2017500036940007001,794511.058069349732250,,900.000000000000000,,,,,,,,,,4500.000000000000000,1800.000000000000000,3136.000000000000000,,20175,SEWARD
398188,442547,2017500036940009001,16596.775615801849199,,,,,,,,,,,,,,,,20175,SEWARD
398189,442548,2017500001020006001,6299.536556729663971,,,,,,,,,,,,,,,,20175,SEWARD
398190,442549,2017500005350006001,18374.445031148410635,,900.000000000000000,,900.000000000000000,,,,900.000000000000000,,,,,,3136.000000000000000,,20175,SEWARD
398191,442550,2017500005350007001,11183.306742463699265,,900.000000000000000,,900.000000000000000,,900.000000000000000,,900.000000000000000,,,,1800.000000000000000,,3136.000000000000000,,20175,SEWARD
398192,442551,2017500005350008001,4481.609606147655541,,900.000000000000000,,,,,,,,,,900.000000000000000,,,,20175,SEWARD
398193,442552,2017500005350004001,125486.957385606510798,1800.000000000000000,5400.000000000000000,,3600.000000000000000,,2700.000000000000000,,2700.000000000000000,900.000000000000000,9000.000000000000000,,4500.000000000000000,,,,20175,SEWARD
398194,442553,2017500040440003001,7991.174139726343128,,,,,,,,,,,,,,,,20175,SEWARD
398195,442559,2017500006260009001,11088.537680960080252,,,,,,,,,,,,,,,,20175,SEWARD
398196,442560,2017500006260010001,5063.176905315493968,,,,,,,,,,,,,,,,20175,SEWARD
398197,442562,2017500011580002001,82845.174792342251749,26100.000000000000000,9000.000000000000000,,6300.000000000000000,4500.000000000000000,,,,4500.000000000000000,,32400.000000000000000,27900.000000000000000,,,,20175,SEWARD
398198,442563,2017502008110005001,4491.149399409573562,1800.000000000000000,1800.000000000000000,,2700.000000000000000,,,,,1800.000000000000000,,2700.000000000000000,1800.000000000000000,,,,20175,SEWARD
398199,442565,2017520081250001001,1264909.845581525005400,495900.000000000000000,561600.000000000000000,1009800.000000000000000,1030500.000000000000000,1031400.000000000000000,1010700.000000000000000,996300.000000000000000,1023300.000000000000000,1017000.000000000000000,990900.000000000000000,1014300.000000000000000,1066500.000000000000000,1036800.000000000000000,1009792.000000000000000,1009792.000000000000000,20175,SEWARD
398200,442568,2017500011240001001,1833656.440975212957710,900.000000000000000,900.000000000000000,,,,,,,,,,,900.000000000000000,,,20175,SEWARD
398201,442569,2017520189550001002,1098432.556619545212016,4500.000000000000000,900.000000000000000,3600.000000000000000,6300.000000000000000,,,900.000000000000000,,,,900.000000000000000,,,,,20175,SEWARD
398202,442576,2017500041270010001,44784.105212418180599,,1800.000000000000000,,,2700.000000000000000,900.000000000000000,,,1800.000000000000000,,9000.000000000000000,,,,9408.000000000000000,20175,SEWARD
398203,442581,2017500006370004001,27351.986853903523297,,,,,,,,,,4500.000000000000000,,2700.000000000000000,,,,20175,SEWARD
398204,442582,2017500006370018001,4641.224174333021438,,,,,,,,,,,,900.000000000000000,900.000000000000000,,,20175,SEWARD
398205,442584,2017500006370016001,12018.457173305130709,900.000000000000000,,1800.000000000000000,1800.000000000000000,,900.000000000000000,,,3600.000000000000000,900.000000000000000,900.000000000000000,5400.000000000000000,10800.000000000000000,,,20175,SEWARD
398206,442586,2017500006370010001,20861.154658661362191,,,,900.000000000000000,2700.000000000000000,2700.000000000000000,2700.000000000000000,2700.000000000000000,2700.000000000000000,4500.000000000000000,3600.000000000000000,8100.000000000000000,2700.000000000000000,,,20175,SEWARD
398207,442587,2017500037860009001,8115.265318750860388,,,,,,,,,,,,,,,,20175,SEWARD
398208,442588,2017500001480004001,26168.083373734367342,3600.000000000000000,3600.000000000000000,1800.000000000000000,3600.000000000000000,5400.000000000000000,2700.000000000000000,5400.000000000000000,3600.000000000000000,8100.000000000000000,4500.000000000000000,2700.000000000000000,,1800.000000000000000,,,20175,SEWARD
398209,442591,2017500001480006001,28202.417268866138329,5400.000000000000000,4500.000000000000000,,5400.000000000000000,5400.000000000000000,2700.000000000000000,5400.000000000000000,1800.000000000000000,7200.000000000000000,3600.000000000000000,900.000000000000000,,,,,20175,SEWARD
398210,442592,2017500001480011001,4239.565942878938586,900.000000000000000,2700.000000000000000,900.000000000000000,,1800.000000000000000,900.000000000000000,1800.000000000000000,900.000000000000000,,,2700.000000000000000,,,,,20175,SEWARD
398211,442593,2017500001480008001,26968.889952771944081,,,,,900.000000000000000,,,,,,,,,,,20175,SEWARD
398212,442594,2017500001480007001,6471.527617841469691,,,,,900.000000000000000,,,,,900.000000000000000,,,,,,20175,SEWARD
398213,442596,2017500001470011001,7569.960987036287406,,,,900.000000000000000,,2700.000000000000000,1800.000000000000000,1800.000000000000000,5400.000000000000000,1800.000000000000000,2700.000000000000000,1800.000000000000000,900.000000000000000,,,20175,SEWARD
398214,442598,2017500041810003001,7209.992172570126058,,3600.000000000000000,1800.000000000000000,1800.000000000000000,900.000000000000000,2700.000000000000000,,900.000000000000000,900.000000000000000,1800.000000000000000,1800.000000000000000,2700.000000000000000,1800.000000000000000,,3136.000000000000000,20175,SEWARD
398215,442601,2017500004100008001,52961.922930126769643,,,,900.000000000000000,,,900.000000000000000,,900.000000000000000,900.000000000000000,1800.000000000000000,900.000000000000000,900.000000000000000,,,20175,SEWARD
398216,442602,2017500000780002001,150617.874015808483819,20700.000000000000000,17100.000000000000000,8100.000000000000000,14400.000000000000000,18000.000000000000000,8100.000000000000000,11700.000000000000000,1800.000000000000000,,21600.000000000000000,7200.000000000000000,4500.000000000000000,1800.000000000000000,,9408.000000000000000,20175,SEWARD
398217,442603,2017500000780001005,29511.787778951893415,5400.000000000000000,6300.000000000000000,900.000000000000000,5400.000000000000000,5400.000000000000000,3600.000000000000000,3600.000000000000000,3600.000000000000000,5400.000000000000000,900.000000000000000,5400.000000000000000,9900.000000000000000,9000.000000000000000,3136.000000000000000,,20175,SEWARD
398218,442604,2017500041900004001,16579.065584635060077,,,,,,,,,,,,,,,,20175,SEWARD
398219,442605,2017500041900003001,7147.439854455325985,900.000000000000000,,,,,,,,,,,,,,,20175,SEWARD
398220,442606,2017500041900005001,42271.767015743840602,,1800.000000000000000,900.000000000000000,,900.000000000000000,,,,,,,,,,,20175,SEWARD
398221,442607,2017500041900001005,5509.750855437733662,,900.000000000000000,,900.000000000000000,,,,,,,,,,,,20175,SEWARD
398222,442607,2017500041900001005,4272.671643007709463,,900.000000000000000,,900.000000000000000,,,,,,,,,,,,20175,SEWARD
398223,442609,2017500039890012001,4539.912293804438377,1800.000000000000000,1800.000000000000000,,900.000000000000000,1800.000000000000000,900.000000000000000,900.000000000000000,,900.000000000000000,1800.000000000000000,1800.000000000000000,1800.000000000000000,1800.000000000000000,,,20175,SEWARD
398224,442615,2017500006990019001,5876.163559396371056,,,,,,,,,,,,,,3136.000000000000000,6272.000000000000000,20175,SEWARD
398225,442619,2017500006370031001,68399.562360577794607,7200.000000000000000,7200.000000000000000,5400.000000000000000,10800.000000000000000,18900.000000000000000,2700.000000000000000,12600.000000000000000,11700.000000000000000,9900.000000000000000,8100.000000000000000,18000.000000000000000,24300.000000000000000,20700.000000000000000,,,20175,SEWARD
398226,442622,2017500003720006001,4061.849706842885098,,,,,,,900.000000000000000,,,,900.000000000000000,900.000000000000000,900.000000000000000,3136.000000000000000,6272.000000000000000,20175,SEWARD
398227,442624,2017500033320016001,4228.841372122814391,900.000000000000000,900.000000000000000,,900.000000000000000,900.000000000000000,,,900.000000000000000,1800.000000000000000,900.000000000000000,,,,,,20175,SEWARD
398228,442627,2017500038480005001,41431.251724553228996,5400.000000000000000,1800.000000000000000,2700.000000000000000,2700.000000000000000,2700.000000000000000,3600.000000000000000,1800.000000000000000,2700.000000000000000,900.000000000000000,5400.000000000000000,8100.000000000000000,,9000.000000000000000,,3136.000000000000000,20175,SEWARD
398229,442628,2017500039780004001,11790.288242539290877,1800.000000000000000,1800.000000000000000,900.000000000000000,1800.000000000000000,,,,,,,,,,,,20175,SEWARD
398230,442629,2017500004310005001,8650.341499192370975,,,,,,,,,,900.000000000000000,,,,,,20175,SEWARD
398231,442631,2017500006320004001,10093.861723086647544,,1800.000000000000000,,,900.000000000000000,,,,,,,900.000000000000000,,,,20175,SEWARD
398232,442632,2017500000130007001,34223.483053623058368,900.000000000000000,,,,,,,,,,900.000000000000000,,,,,20175,SEWARD
398233,442635,2017500000400002001,12564.415406493988485,,,,900.000000000000000,,,,,,,,1800.000000000000000,,,,20175,SEWARD
398234,442636,2017500038250001001,101482.092863399040652,,900.000000000000000,,,3600.000000000000000,,,,,,900.000000000000000,,,,,20175,SEWARD
398235,442637,2017500038250002001,192895.346009610802867,14400.000000000000000,10800.000000000000000,9900.000000000000000,2700.000000000000000,900.000000000000000,,,,,,,900.000000000000000,,,,20175,SEWARD
398236,442638,2017500001680002001,7479.447991504422134,,,,,,,,,,,,,,,,20175,SEWARD
398237,442645,2017500000090013001,4461.333594073891618,,,,,,,,,,,,1800.000000000000000,,,,20175,SEWARD
398238,442646,2017500000130001001,913567.598321825731546,,,,,,,,,,,,,,,,20175,SEWARD
398239,442647,2017500012200001001,6692464.066512365825474,900.000000000000000,,,,900.000000000000000,,900.000000000000000,,,18000.000000000000000,,,13500.000000000000000,,3136.000000000000000,20175,SEWARD
398240,442648,2017500012260004001,154676.356617668352555,,,,,,,,,,,,,,,,20175,SEWARD
398241,442649,2017500012260003001,74130.194118524450460,,,,,,,,,,,,,,,,20175,SEWARD
398242,442650,2017500004890002001,40080.852068908978254,7200.000000000000000,16200.000000000000000,2700.000000000000000,12600.000000000000000,,1800.000000000000000,3600.000000000000000,900.000000000000000,4500.000000000000000,900.000000000000000,1800.000000000000000,,2700.000000000000000,,,20175,SEWARD
398243,442651,2017500036870001001,95566.121230126358569,2700.000000000000000,7200.000000000000000,7200.000000000000000,2700.000000000000000,5400.000000000000000,1800.000000000000000,,3600.000000000000000,4500.000000000000000,1800.000000000000000,18900.000000000000000,20700.000000000000000,2700.000000000000000,,,20175,SEWARD
398244,442652,2017500011500003001,1248115.797108765924349,4500.000000000000000,,,,900.000000000000000,,,,4500.000000000000000,900.000000000000000,,,,,,20175,SEWARD
398245,442653,2017500036870002001,574854.479960469296202,9000.000000000000000,8100.000000000000000,198000.000000000000000,456300.000000000000000,402300.000000000000000,364500.000000000000000,352800.000000000000000,357300.000000000000000,59400.000000000000000,369900.000000000000000,33300.000000000000000,500400.000000000000000,400500.000000000000000,357504.000000000000000,9408.000000000000000,20175,SEWARD
398246,442654,2017500011530001001,625291.718387666391209,,,,,,,,,,,,,1800.000000000000000,,,20175,SEWARD
398247,442655,2017500011510001001,19731126.448425713926554,31500.000000000000000,35100.000000000000000,4500.000000000000000,11700.000000000000000,5400.000000000000000,1800.000000000000000,,1800.000000000000000,208800.000000000000000,32400.000000000000000,18900.000000000000000,51300.000000000000000,6300.000000000000000,,40768.000000000000000,20175,SEWARD
398248,442658,2017500000220007001,32548.696741473704606,900.000000000000000,,,,,,,,,900.000000000000000,2700.000000000000000,,,,,20175,SEWARD
398249,442659,2017500012520002001,220307.977203718735836,,,,,,,,,,,,,63900.000000000000000,,31360.000000000000000,20175,SEWARD
398250,442660,2017500012520005001,179877.781135362078203,,,,,,,,,,,,,,,9408.000000000000000,20175,SEWARD
398251,442661,2017500012520003001,48163.806737521852483,,,,2700.000000000000000,,,,,,5400.000000000000000,,,,,,20175,SEWARD
398252,442662,2017500001650004001,7400.851725763624017,,,,,,,,,,,,,,,,20175,SEWARD
398253,442663,2017500009070002001,5810.493097963229047,,,,,,,,,,,,,,,,20175,SEWARD
398254,442668,2017500012710001001,315812.134092765627429,14400.000000000000000,2700.000000000000000,5400.000000000000000,21600.000000000000000,7200.000000000000000,11700.000000000000000,900.000000000000000,62100.000000000000000,45000.000000000000000,4500.000000000000000,,34200.000000000000000,5400.000000000000000,47040.000000000000000,53312.000000000000000,20175,SEWARD
398255,442669,2017500012710003001,505565.127434796537273,2700.000000000000000,,1800.000000000000000,1800.000000000000000,,,,2700.000000000000000,5400.000000000000000,,,8100.000000000000000,6300.000000000000000,,3136.000000000000000,20175,SEWARD
398256,442670,2017500012710002001,460868.149570243316703,,,,,,,,,,,,4500.000000000000000,900.000000000000000,,,20175,SEWARD
398257,442671,2017500008760001001,80907.552349363904796,,,,,,,,,,,,,,,,20175,SEWARD
398258,442672,2017500008760003001,9145.834252063626991,,,,,,,,,,,,,,,,20175,SEWARD
398259,442673,2017500008760002001,137664.097012532991357,17100.000000000000000,2700.000000000000000,,,,51300.000000000000000,,,,2700.000000000000000,,,4500.000000000000000,,,20175,SEWARD
398260,442676,2017500040990003018,11733.464149881358026,,900.000000000000000,1800.000000000000000,,,,,,,,,,900.000000000000000,,,20175,SEWARD
398261,442676,2017500040990003018,8223.752440257341732,,900.000000000000000,1800.000000000000000,,,,,,,,,,900.000000000000000,,,20175,SEWARD
398262,442678,2017500040300002001,4952.332996049300164,1800.000000000000000,,900.000000000000000,900.000000000000000,900.000000000000000,900.000000000000000,900.000000000000000,900.000000000000000,,,900.000000000000000,,,,,20175,SEWARD
398263,442679,2017500000150004001,29378.106737778685783,5400.000000000000000,900.000000000000000,,,2700.000000000000000,,5400.000000000000000,2700.000000000000000,3600.000000000000000,2700.000000000000000,6300.000000000000000,4500.000000000000000,3600.000000000000000,,9408.000000000000000,20175,SEWARD
398264,442681,2017520189580003001,446422.704594591108616,,,,1800.000000000000000,900.000000000000000,,900.000000000000000,2700.000000000000000,,900.000000000000000,1800.000000000000000,2700.000000000000000,7200.000000000000000,,,20175,SEWARD
398265,442682,2017500012340001001,13138741.233123453333974,9900.000000000000000,5400.000000000000000,,4500.000000000000000,1800.000000000000000,59400.000000000000000,3600.000000000000000,,2700.000000000000000,34200.000000000000000,20700.000000000000000,900.000000000000000,900.000000000000000,,,20175,SEWARD
398266,442683,2017500012080001001,10145197.085763847455382,900.000000000000000,,,900.000000000000000,,6300.000000000000000,900.000000000000000,,900.000000000000000,15300.000000000000000,8100.000000000000000,,,,,20175,SEWARD
398267,442684,2017500038770002001,5155.371977561379936,,,,,,,,,900.000000000000000,,,,,,,20175,SEWARD
398268,442686,2017500000730003001,7652.824401932122782,,,,,,,,,,,,,,,,20175,SEWARD
398269,442688,2017500009920002001,5262.377233458510091,,,,,,,1800.000000000000000,,4500.000000000000000,4500.000000000000000,4500.000000000000000,4500.000000000000000,4500.000000000000000,,,20175,SEWARD
398270,442691,2017500011460004001,1862446.281861973227933,16200.000000000000000,27000.000000000000000,6300.000000000000000,8100.000000000000000,30600.000000000000000,23400.000000000000000,22500.000000000000000,39600.000000000000000,7200.000000000000000,67500.000000000000000,33300.000000000000000,84600.000000000000000,8100.000000000000000,15680.000000000000000,43904.000000000000000,20175,SEWARD
398271,442693,2017500004270004001,4886.733881936427679,,,,,,,,,,,900.000000000000000,,,,,20175,SEWARD
398272,442696,2017520189670024001,7149.301136192925696,2700.000000000000000,2700.000000000000000,2700.000000000000000,1800.000000000000000,2700.000000000000000,4500.000000000000000,5400.000000000000000,900.000000000000000,2700.000000000000000,3600.000000000000000,3600.000000000000000,1800.000000000000000,,,,20175,SEWARD
398273,442697,2017500012780001001,1296174.144384493120015,900.000000000000000,,1800.000000000000000,,,,,,900.000000000000000,,,900.000000000000000,27900.000000000000000,,,20175,SEWARD
398274,442698,2017500008760008001,404901.856018114893232,,900.000000000000000,900.000000000000000,,,,,,,,,900.000000000000000,,,,20175,SEWARD
398275,442699,2017500041820005001,13812.292449931412193,,,,,900.000000000000000,,,,,900.000000000000000,,,900.000000000000000,,,20175,SEWARD
398276,442700,2017500040640002001,48866.631252643026528,3600.000000000000000,5400.000000000000000,,7200.000000000000000,,3600.000000000000000,900.000000000000000,,,,1800.000000000000000,4500.000000000000000,,,,20175,SEWARD
398277,442701,2017500035800003001,91838.032414727495052,900.000000000000000,900.000000000000000,,,,,,,,,900.000000000000000,,900.000000000000000,,,20175,SEWARD
398278,442702,2017500035780004001,1216072.456756908213720,,900.000000000000000,,,,,,,900.000000000000000,,,,4500.000000000000000,,3136.000000000000000,20175,SEWARD
398279,442704,2017500035800002001,58530.605619619032950,,,,,,,,,,,,,900.000000000000000,,,20175,SEWARD
398280,442705,2017500035780003001,143064.056215169781353,,,,,,,,,,,,,,,,20175,SEWARD
398281,442709,2017500000160018001,31249.366516644800868,900.000000000000000,900.000000000000000,900.000000000000000,1800.000000000000000,,,,900.000000000000000,900.000000000000000,3600.000000000000000,,3600.000000000000000,4500.000000000000000,3136.000000000000000,,20175,SEWARD
398282,442710,2017500000160022001,33814.476557144342223,1800.000000000000000,1800.000000000000000,,3600.000000000000000,6300.000000000000000,1800.000000000000000,2700.000000000000000,1800.000000000000000,4500.000000000000000,3600.000000000000000,1800.000000000000000,8100.000000000000000,7200.000000000000000,,15680.000000000000000,20175,SEWARD
398283,442711,2017520081270001001,611725.387896870961413,489600.000000000000000,498600.000000000000000,,,535500.000000000000000,,,496800.000000000000000,42300.000000000000000,495000.000000000000000,1800.000000000000000,488700.000000000000000,48600.000000000000000,489216.000000000000000,,20175,SEWARD
398284,442712,2017520081270002001,626526.037615842651576,498600.000000000000000,1800.000000000000000,,513900.000000000000000,90000.000000000000000,,455400.000000000000000,4500.000000000000000,521100.000000000000000,,493200.000000000000000,63900.000000000000000,512100.000000000000000,467264.000000000000000,517440.000000000000000,20175,SEWARD
398285,442715,2017500033310003001,38214.778622105201066,900.000000000000000,900.000000000000000,900.000000000000000,1800.000000000000000,900.000000000000000,,,1800.000000000000000,900.000000000000000,900.000000000000000,5400.000000000000000,1800.000000000000000,7200.000000000000000,,,20175,SEWARD
398286,442719,2017500000160016001,21897.654704408218095,4500.000000000000000,1800.000000000000000,,,,5400.000000000000000,4500.000000000000000,3600.000000000000000,5400.000000000000000,7200.000000000000000,4500.000000000000000,7200.000000000000000,5400.000000000000000,,,20175,SEWARD
398287,442721,2017500033300007001,11396.200433668389451,,900.000000000000000,,,,,,,,,1800.000000000000000,900.000000000000000,3600.000000000000000,,,20175,SEWARD
398288,442722,2017500038850020001,4582.648940649472024,,,,,,,,,,,,,,,,20175,SEWARD
398289,442724,2017500012520009001,71720.225821741914842,,,,,,,,,,,,900.000000000000000,1800.000000000000000,,,20175,SEWARD
398290,442725,2017500001150007001,25197.879230406721035,2700.000000000000000,900.000000000000000,900.000000000000000,3600.000000000000000,4500.000000000000000,3600.000000000000000,2700.000000000000000,900.000000000000000,3600.000000000000000,9900.000000000000000,3600.000000000000000,6300.000000000000000,4500.000000000000000,,,20175,SEWARD
398291,442727,2017500042290007001,30369.432420911791269,900.000000000000000,,,2700.000000000000000,3600.000000000000000,900.000000000000000,,1800.000000000000000,5400.000000000000000,,2700.000000000000000,3600.000000000000000,900.000000000000000,,,20175,SEWARD
398292,442728,2017500042290001001,9165337.682174429297447,15300.000000000000000,19800.000000000000000,11700.000000000000000,20700.000000000000000,9000.000000000000000,14400.000000000000000,9000.000000000000000,10800.000000000000000,27000.000000000000000,12600.000000000000000,18900.000000000000000,70200.000000000000000,20700.000000000000000,3136.000000000000000,43904.000000000000000,20175,SEWARD
398293,442729,2017500040280002001,11200.562074495572233,2700.000000000000000,2700.000000000000000,,1800.000000000000000,1800.000000000000000,2700.000000000000000,900.000000000000000,,,,900.000000000000000,2700.000000000000000,,,,20175,SEWARD
398294,442730,2017500009370013001,8086.064662998662243,7200.000000000000000,1800.000000000000000,900.000000000000000,6300.000000000000000,,7200.000000000000000,,5400.000000000000000,7200.000000000000000,7200.000000000000000,7200.000000000000000,8100.000000000000000,7200.000000000000000,6272.000000000000000,6272.000000000000000,20175,SEWARD
398295,442731,2017500009370012001,10717.407694167925001,6300.000000000000000,,,2700.000000000000000,2700.000000000000000,2700.000000000000000,,6300.000000000000000,6300.000000000000000,4500.000000000000000,10800.000000000000000,7200.000000000000000,8100.000000000000000,9408.000000000000000,6272.000000000000000,20175,SEWARD
398296,442732,2017500039410007001,17306.564430109920067,11700.000000000000000,5400.000000000000000,2700.000000000000000,10800.000000000000000,11700.000000000000000,5400.000000000000000,6300.000000000000000,2700.000000000000000,9900.000000000000000,12600.000000000000000,13500.000000000000000,13500.000000000000000,11700.000000000000000,12544.000000000000000,12544.000000000000000,20175,SEWARD
398297,442733,2017500039410011001,15025.843442963128837,1800.000000000000000,,,2700.000000000000000,3600.000000000000000,2700.000000000000000,1800.000000000000000,2700.000000000000000,3600.000000000000000,3600.000000000000000,3600.000000000000000,5400.000000000000000,2700.000000000000000,,,20175,SEWARD
398298,442734,2017500040330002001,106803.701753851913963,9900.000000000000000,1800.000000000000000,900.000000000000000,5400.000000000000000,900.000000000000000,,900.000000000000000,3600.000000000000000,27000.000000000000000,30600.000000000000000,18000.000000000000000,12600.000000000000000,16200.000000000000000,,,20175,SEWARD
398299,442736,2017500042330006001,7732.927593609867472,,,,,,,,,,,,,,,,20175,SEWARD
398300,442738,2017500034850008001,6215.138833860175509,,,,,,,,,,2700.000000000000000,,2700.000000000000000,,,,20175,SEWARD
398301,442739,2017500006990013001,29440.167815154265554,2700.000000000000000,2700.000000000000000,2700.000000000000000,1800.000000000000000,4500.000000000000000,1800.000000000000000,4500.000000000000000,1800.000000000000000,2700.000000000000000,2700.000000000000000,,900.000000000000000,5400.000000000000000,,12544.000000000000000,20175,SEWARD
398302,442740,2017500006990012001,28744.421795332244074,2700.000000000000000,2700.000000000000000,1800.000000000000000,3600.000000000000000,1800.000000000000000,1800.000000000000000,1800.000000000000000,1800.000000000000000,2700.000000000000000,,,900.000000000000000,7200.000000000000000,3136.000000000000000,3136.000000000000000,20175,SEWARD
398303,442741,2017500006990020001,4940.617820168807157,1800.000000000000000,1800.000000000000000,1800.000000000000000,1800.000000000000000,1800.000000000000000,900.000000000000000,900.000000000000000,,2700.000000000000000,900.000000000000000,,,2700.000000000000000,3136.000000000000000,3136.000000000000000,20175,SEWARD
398304,442742,2017500000450002001,35909.406614011917554,,,,900.000000000000000,,900.000000000000000,,,900.000000000000000,,900.000000000000000,900.000000000000000,4500.000000000000000,,,20175,SEWARD
398305,442744,2017500004410003001,32946.444603335527063,14400.000000000000000,2700.000000000000000,,15300.000000000000000,,,900.000000000000000,5400.000000000000000,1800.000000000000000,,900.000000000000000,,900.000000000000000,,9408.000000000000000,20175,SEWARD
398306,442750,2017500003870002001,10247.493521234151558,11700.000000000000000,10800.000000000000000,9900.000000000000000,1800.000000000000000,10800.000000000000000,9900.000000000000000,9900.000000000000000,11700.000000000000000,11700.000000000000000,11700.000000000000000,11700.000000000000000,11700.000000000000000,11700.000000000000000,15680.000000000000000,12544.000000000000000,20175,SEWARD
398307,442751,2017500003870001004,4300.015683768506278,,,,,,,,,,,,,,9408.000000000000000,9408.000000000000000,20175,SEWARD
398308,442753,2017500035100002001,12150.992330227261846,,,,,,,,,,,,,,,,20175,SEWARD
398309,442754,2017500042850005001,83483.219201594620245,7200.000000000000000,,900.000000000000000,8100.000000000000000,,,,900.000000000000000,2700.000000000000000,5400.000000000000000,,13500.000000000000000,900.000000000000000,6272.000000000000000,,20175,SEWARD
398310,442755,2017500035420006001,88326.862746734070242,,,,,,,,,900.000000000000000,1800.000000000000000,,,,,,20175,SEWARD
398311,442756,2017500035420009001,17489.648113131719583,,,,,,,,,,,,,,,,20175,SEWARD
398312,442765,2017500001480003001,7684.285315221446581,,,,,,,,,,900.000000000000000,900.000000000000000,,,,,20175,SEWARD
398313,442766,2017500001480009001,13115.811254526752236,900.000000000000000,,,,,,,,,900.000000000000000,900.000000000000000,,,,,20175,SEWARD
398314,442768,2017500001480013001,7645.830003927645521,,,,,,,,,,,,,,,,20175,SEWARD
398315,442769,2017500038260001001,52710.855341361697356,,,,,3600.000000000000000,,,,,,,,,,,20175,SEWARD
398316,442770,2017500038260003001,73078.814601651873090,1800.000000000000000,,,1800.000000000000000,4500.000000000000000,,,,,,,,,,,20175,SEWARD
398317,442771,2017500005870001001,201407.387916573148686,4500.000000000000000,,,2700.000000000000000,,,,,,4500.000000000000000,,,,,34496.000000000000000,20175,SEWARD
398318,442772,2017500039450003001,407424.596602265257388,,,,,,,,,,,,,,,,20175,SEWARD
398319,442773,2017500006370025001,39816.439264550041116,3600.000000000000000,2700.000000000000000,1800.000000000000000,2700.000000000000000,3600.000000000000000,900.000000000000000,3600.000000000000000,900.000000000000000,900.000000000000000,3600.000000000000000,3600.000000000000000,5400.000000000000000,6300.000000000000000,,6272.000000000000000,20175,SEWARD
398320,442774,2017500006370009001,19599.376930515070853,900.000000000000000,,,900.000000000000000,900.000000000000000,900.000000000000000,900.000000000000000,900.000000000000000,1800.000000000000000,2700.000000000000000,900.000000000000000,3600.000000000000000,1800.000000000000000,,,20175,SEWARD
398321,442775,2017500006370024001,47790.682700147648575,5400.000000000000000,5400.000000000000000,4500.000000000000000,5400.000000000000000,6300.000000000000000,7200.000000000000000,6300.000000000000000,900.000000000000000,4500.000000000000000,5400.000000000000000,7200.000000000000000,4500.000000000000000,12600.000000000000000,,3136.000000000000000,20175,SEWARD
398322,442776,2017500006370023001,33936.724460601180908,900.000000000000000,900.000000000000000,,900.000000000000000,900.000000000000000,900.000000000000000,900.000000000000000,,,1800.000000000000000,900.000000000000000,3600.000000000000000,7200.000000000000000,,3136.000000000000000,20175,SEWARD
398323,442777,2017500012920001001,495619.072850413504057,,,,9900.000000000000000,8100.000000000000000,,,,,,900.000000000000000,4500.000000000000000,900.000000000000000,,6272.000000000000000,20175,SEWARD
398324,442778,2017500039330003001,40560.365508996204881,1800.000000000000000,2700.000000000000000,1800.000000000000000,3600.000000000000000,,,,,900.000000000000000,2700.000000000000000,4500.000000000000000,,1800.000000000000000,,,20175,SEWARD
398325,442779,2017500006990017001,4268.324209734977558,4500.000000000000000,4500.000000000000000,3600.000000000000000,4500.000000000000000,4500.000000000000000,1800.000000000000000,3600.000000000000000,3600.000000000000000,3600.000000000000000,4500.000000000000000,900.000000000000000,3600.000000000000000,2700.000000000000000,6272.000000000000000,6272.000000000000000,20175,SEWARD
398326,442780,2017500001450009001,10120.941764740360668,,,,900.000000000000000,900.000000000000000,,2700.000000000000000,,,900.000000000000000,,2700.000000000000000,,,,20175,SEWARD
398327,442781,2017500006370021001,49824.516809761953482,1800.000000000000000,,1800.000000000000000,1800.000000000000000,,,,,900.000000000000000,,,2700.000000000000000,,,,20175,SEWARD
398328,442783,2017500006370032001,12712.539751397293003,900.000000000000000,900.000000000000000,900.000000000000000,900.000000000000000,,,,,2700.000000000000000,,,900.000000000000000,3600.000000000000000,,3136.000000000000000,20175,SEWARD
398329,442784,2017500006370022001,45384.880321703232767,900.000000000000000,,,900.000000000000000,1800.000000000000000,,900.000000000000000,,2700.000000000000000,1800.000000000000000,,900.000000000000000,1800.000000000000000,,,20175,SEWARD
398330,442786,2017500002480003001,9945.604566210020494,5400.000000000000000,2700.000000000000000,2700.000000000000000,3600.000000000000000,4500.000000000000000,,900.000000000000000,,,900.000000000000000,,,,,,20175,SEWARD
398331,442787,2017500003250006001,29340.593308939030976,,,,3600.000000000000000,,,,900.000000000000000,,,5400.000000000000000,,3600.000000000000000,3136.000000000000000,6272.000000000000000,20175,SEWARD
398332,442791,2017500007330002001,558223.916414536419325,,,,,,,1800.000000000000000,,,,,,,,,20175,SEWARD
398333,442792,2017500042710004001,301954.357128766889218,4500.000000000000000,,,900.000000000000000,2700.000000000000000,,,900.000000000000000,,1800.000000000000000,900.000000000000000,16200.000000000000000,2700.000000000000000,,,20175,SEWARD
398334,442795,2017500006930011002,7255.908775575224354,,,,,,,,900.000000000000000,,,,,,,,20175,SEWARD
398335,442796,2017520119360001001,630032.215026281075552,507600.000000000000000,7200.000000000000000,564300.000000000000000,491400.000000000000000,,495900.000000000000000,,,483300.000000000000000,496800.000000000000000,491400.000000000000000,490500.000000000000000,466200.000000000000000,467264.000000000000000,460992.000000000000000,20175,SEWARD
398336,442797,2017500006730002001,14108.691328497077848,,,,900.000000000000000,,900.000000000000000,,,900.000000000000000,,,900.000000000000000,,,,20175,SEWARD
398337,442798,2017500039820002001,301157.121847480535507,900.000000000000000,,,,,,,,,,900.000000000000000,,,,3136.000000000000000,20175,SEWARD
398338,442799,2017500039820004001,269253.825813857605681,,,,,,,,,,,,,,,,20175,SEWARD
398339,442800,2017500039310003001,1611601.531148230889812,3600.000000000000000,10800.000000000000000,4500.000000000000000,7200.000000000000000,10800.000000000000000,1800.000000000000000,,,900.000000000000000,,,,900.000000000000000,,21952.000000000000000,20175,SEWARD
398340,442801,2017500006740005001,4489.013980565872771,,,,,,,,,,,,,,,,20175,SEWARD
398341,442802,2017500042340004001,31596.334331866331922,1800.000000000000000,1800.000000000000000,4500.000000000000000,3600.000000000000000,4500.000000000000000,,5400.000000000000000,1800.000000000000000,3600.000000000000000,,4500.000000000000000,,,,,20175,SEWARD
398342,442803,2017500004910007002,103753.145091466387385,1800.000000000000000,,,,,1800.000000000000000,1800.000000000000000,4500.000000000000000,56700.000000000000000,,,90900.000000000000000,98100.000000000000000,81536.000000000000000,78400.000000000000000,20175,SEWARD
398343,442804,2017500013200007001,5469.185819194340183,,,900.000000000000000,,,,,,900.000000000000000,,,900.000000000000000,3600.000000000000000,,9408.000000000000000,20175,SEWARD
398344,442805,2017500013200003001,2750975.361137920990586,7200.000000000000000,3600.000000000000000,,3600.000000000000000,11700.000000000000000,3600.000000000000000,6300.000000000000000,4500.000000000000000,29700.000000000000000,16200.000000000000000,26100.000000000000000,19800.000000000000000,27900.000000000000000,3136.000000000000000,125440.000000000000000,20175,SEWARD
398345,442808,2017500001550002001,73242.234436419515987,2700.000000000000000,54900.000000000000000,40500.000000000000000,5400.000000000000000,32400.000000000000000,,6300.000000000000000,21600.000000000000000,7200.000000000000000,,8100.000000000000000,,13500.000000000000000,9408.000000000000000,,20175,SEWARD
398346,442814,2017500040190003001,34662.872138552440447,2700.000000000000000,2700.000000000000000,,900.000000000000000,,,,,,,,,1800.000000000000000,,,20175,SEWARD
398347,442815,2017500008650004001,5534.918505901856406,,900.000000000000000,,900.000000000000000,,,,,900.000000000000000,900.000000000000000,,2700.000000000000000,1800.000000000000000,3136.000000000000000,,20175,SEWARD
398348,442817,2017500042590003001,26955.775619022519095,9900.000000000000000,1800.000000000000000,3600.000000000000000,9000.000000000000000,3600.000000000000000,,900.000000000000000,900.000000000000000,1800.000000000000000,3600.000000000000000,9000.000000000000000,2700.000000000000000,,,,20175,SEWARD
398349,442819,2017500042590001001,256456.218854359933175,900.000000000000000,2700.000000000000000,900.000000000000000,,,,,6300.000000000000000,,1800.000000000000000,900.000000000000000,,,,,20175,SEWARD
398350,442821,2017500042610005001,24985.442623138813360,3600.000000000000000,2700.000000000000000,1800.000000000000000,1800.000000000000000,2700.000000000000000,900.000000000000000,,1800.000000000000000,2700.000000000000000,4500.000000000000000,1800.000000000000000,,,,,20175,SEWARD
398351,442822,2017500000840003001,14091.422288698175180,,,,,900.000000000000000,,,,900.000000000000000,900.000000000000000,1800.000000000000000,,,,3136.000000000000000,20175,SEWARD
398352,442823,2017500035970001004,4711.181130360362658,,4500.000000000000000,,4500.000000000000000,,4500.000000000000000,4500.000000000000000,4500.000000000000000,1800.000000000000000,4500.000000000000000,4500.000000000000000,,4500.000000000000000,,,20175,SEWARD
398353,442824,2017500008460001001,526036.437692323350348,5400.000000000000000,900.000000000000000,,2700.000000000000000,,,5400.000000000000000,13500.000000000000000,,,,,,,,20175,SEWARD
398354,442825,2017500009130010001,18393.988471834396478,1800.000000000000000,,,,,,,,3600.000000000000000,900.000000000000000,,1800.000000000000000,,,,20175,SEWARD
398355,442826,2017500002360002001,5218.741050454261313,3600.000000000000000,4500.000000000000000,900.000000000000000,2700.000000000000000,3600.000000000000000,,,900.000000000000000,,,2700.000000000000000,,,,,20175,SEWARD
398356,442827,2017500006640004001,15572.830842482349908,,1800.000000000000000,,,1800.000000000000000,,,,,,,,900.000000000000000,,,20175,SEWARD
398357,442828,2017500006640005001,103584.005711737961974,3600.000000000000000,900.000000000000000,,1800.000000000000000,1800.000000000000000,,900.000000000000000,,900.000000000000000,,,,17100.000000000000000,,,20175,SEWARD
398358,442829,2017500000050011001,13687.993577234337863,,,,,,,,,,,,,,,,20175,SEWARD
398359,442831,2017500011220004001,4903.532044286967903,,,,,,,,,,,,900.000000000000000,,,,20175,SEWARD
398360,442833,2017500011220001001,287802.049027722445317,900.000000000000000,900.000000000000000,1800.000000000000000,2700.000000000000000,2700.000000000000000,,900.000000000000000,,,900.000000000000000,3600.000000000000000,,,,,20175,SEWARD
398361,442834,2017500042570004001,7053.331829075905262,,,,,,,,,,,,,,,,20175,SEWARD
398362,442835,2017500042570002001,384579.486228888621554,27000.000000000000000,26100.000000000000000,,,,,,,,,,1800.000000000000000,2700.000000000000000,,,20175,SEWARD
398363,442836,2017500009500001001,155517.523561386158690,3600.000000000000000,,,900.000000000000000,,,,17100.000000000000000,25200.000000000000000,900.000000000000000,2700.000000000000000,18900.000000000000000,,,,20175,SEWARD
398364,442838,2017500002180005005,4828.029776963056975,1800.000000000000000,900.000000000000000,4500.000000000000000,,4500.000000000000000,4500.000000000000000,4500.000000000000000,4500.000000000000000,4500.000000000000000,4500.000000000000000,4500.000000000000000,4500.000000000000000,4500.000000000000000,3136.000000000000000,6272.000000000000000,20175,SEWARD
398365,442841,2017500002180007002,2116155.388734186533839,9000.000000000000000,5400.000000000000000,7200.000000000000000,5400.000000000000000,7200.000000000000000,9000.000000000000000,5400.000000000000000,11700.000000000000000,900.000000000000000,2700.000000000000000,15300.000000000000000,8100.000000000000000,3600.000000000000000,,18816.000000000000000,20175,SEWARD
398366,442842,2017500035380003001,114040.187558440302382,,,,,,,,,,,,,,,,20175,SEWARD
398367,442843,2017520119200001001,649937.994545370689593,8100.000000000000000,611100.000000000000000,2700.000000000000000,,2700.000000000000000,16200.000000000000000,,900.000000000000000,1800.000000000000000,,,,,,6272.000000000000000,20175,SEWARD
398368,442844,2017500003770003001,7843.848043646979022,900.000000000000000,,,1800.000000000000000,,,,,,,,,900.000000000000000,3136.000000000000000,6272.000000000000000,20175,SEWARD
398369,442845,2017500003770001006,6636.571956844600209,6300.000000000000000,6300.000000000000000,4500.000000000000000,6300.000000000000000,5400.000000000000000,4500.000000000000000,3600.000000000000000,5400.000000000000000,900.000000000000000,,6300.000000000000000,1800.000000000000000,6300.000000000000000,,3136.000000000000000,20175,SEWARD
398370,442847,2017500035380005001,9131.468162513710922,,,,,,,,,,,,,,,,20175,SEWARD
398371,442851,2017500035750001001,531979.280050462810323,2700.000000000000000,,,,,,,,,,,,,,9408.000000000000000,20175,SEWARD
398372,442852,2017500001350006001,4463.990730171169162,,,,,900.000000000000000,,,,,,900.000000000000000,900.000000000000000,900.000000000000000,,,20175,SEWARD
398373,442854,2017500001350005001,29070.413039868173655,2700.000000000000000,3600.000000000000000,3600.000000000000000,3600.000000000000000,6300.000000000000000,900.000000000000000,3600.000000000000000,3600.000000000000000,3600.000000000000000,,4500.000000000000000,7200.000000000000000,9000.000000000000000,3136.000000000000000,15680.000000000000000,20175,SEWARD
398374,442855,2017500006810002001,94945.932290851837024,8100.000000000000000,2700.000000000000000,,,5400.000000000000000,,,,,,900.000000000000000,,6300.000000000000000,,,20175,SEWARD
398375,442856,2017500006810001002,27048.534972408233443,900.000000000000000,,,,900.000000000000000,,,,,,,,,,,20175,SEWARD
398376,442857,2017500004090001008,10318.095871291878211,4500.000000000000000,9000.000000000000000,4500.000000000000000,6300.000000000000000,3600.000000000000000,3600.000000000000000,2700.000000000000000,4500.000000000000000,5400.000000000000000,5400.000000000000000,4500.000000000000000,4500.000000000000000,3600.000000000000000,3136.000000000000000,3136.000000000000000,20175,SEWARD
398377,442860,2017500040060008001,20170.110315346257266,900.000000000000000,900.000000000000000,,,900.000000000000000,,,,,900.000000000000000,900.000000000000000,,,,,20175,SEWARD
398378,442861,2017500036790004001,21069.269145055197441,,,,,,,,,,,,,900.000000000000000,,,20175,SEWARD
398379,442863,2017500041770003001,18170.001014135017613,,,,,,,,,,,,,,,,20175,SEWARD
398380,442864,2017500007870005001,4065.029631948702445,,,,,,,,,,,,,,,,20175,SEWARD
398381,442866,2017500006300002001,233936.581659448507708,,,,,,,,,,,,,28800.000000000000000,,,20175,SEWARD
398382,442867,2017500012120001001,1281881.662967064883560,3600.000000000000000,7200.000000000000000,,1800.000000000000000,1800.000000000000000,900.000000000000000,900.000000000000000,900.000000000000000,9900.000000000000000,,,3600.000000000000000,5400.000000000000000,,6272.000000000000000,20175,SEWARD
398383,442868,2017500042640003001,39583.485762220479955,,,,,,,,,,900.000000000000000,,900.000000000000000,900.000000000000000,,,20175,SEWARD
398384,442869,2017500001390005001,9169.689406287392558,,,,,,,,,,,,,1800.000000000000000,,,20175,SEWARD
398385,442871,2017500006350002001,7097.778299116355811,3600.000000000000000,2700.000000000000000,2700.000000000000000,2700.000000000000000,900.000000000000000,900.000000000000000,900.000000000000000,2700.000000000000000,900.000000000000000,,,,2700.000000000000000,,,20175,SEWARD
398386,442872,2017500007140009001,26253.304692742185580,3600.000000000000000,3600.000000000000000,,,,,,,1800.000000000000000,,,900.000000000000000,,,,20175,SEWARD
398387,442873,2017500004310004001,10502.639421444777327,,,,,,,,,,,,,,,,20175,SEWARD
398388,442874,2017500040730001004,5519.036371226156007,,5400.000000000000000,,,,,,,,,,,,,,20175,SEWARD
398389,442875,2017500040720002001,39231.562934168163338,900.000000000000000,900.000000000000000,,,,,900.000000000000000,,,,1800.000000000000000,,2700.000000000000000,,,20175,SEWARD
398390,442876,2017500004710006001,5493.126108543409828,,,,,,,,,,,,,,,,20175,SEWARD
398391,442878,2017500004710013003,11632.672590031072104,10800.000000000000000,17100.000000000000000,10800.000000000000000,15300.000000000000000,,5400.000000000000000,7200.000000000000000,4500.000000000000000,,,4500.000000000000000,10800.000000000000000,9000.000000000000000,6272.000000000000000,6272.000000000000000,20175,SEWARD
398392,442878,2017500004710013003,10221.261369206893505,10800.000000000000000,17100.000000000000000,10800.000000000000000,15300.000000000000000,,5400.000000000000000,7200.000000000000000,4500.000000000000000,,,4500.000000000000000,10800.000000000000000,9000.000000000000000,6272.000000000000000,6272.000000000000000,20175,SEWARD
398393,442878,2017500004710013003,5609.643438155988406,10800.000000000000000,17100.000000000000000,10800.000000000000000,15300.000000000000000,,5400.000000000000000,7200.000000000000000,4500.000000000000000,,,4500.000000000000000,10800.000000000000000,9000.000000000000000,6272.000000000000000,6272.000000000000000,20175,SEWARD
398394,442880,2017500004710011001,4672.959182899298867,2700.000000000000000,2700.000000000000000,900.000000000000000,2700.000000000000000,,,,,,,,,,,,20175,SEWARD
398395,442881,2017500002940008001,14349.493568524174407,3600.000000000000000,,900.000000000000000,3600.000000000000000,4500.000000000000000,900.000000000000000,900.000000000000000,1800.000000000000000,900.000000000000000,900.000000000000000,2700.000000000000000,3600.000000000000000,900.000000000000000,3136.000000000000000,,20175,SEWARD
398396,442883,2017500002940001008,11614.915489186876584,7200.000000000000000,6300.000000000000000,6300.000000000000000,,6300.000000000000000,6300.000000000000000,5400.000000000000000,6300.000000000000000,4500.000000000000000,6300.000000000000000,5400.000000000000000,4500.000000000000000,1800.000000000000000,12544.000000000000000,6272.000000000000000,20175,SEWARD
398397,442888,2017500000590003001,24884.934010027296608,3600.000000000000000,2700.000000000000000,,3600.000000000000000,,,900.000000000000000,,900.000000000000000,1800.000000000000000,,,,,,20175,SEWARD
398398,442890,2017500041460002001,75326.799509084812598,11700.000000000000000,18000.000000000000000,3600.000000000000000,11700.000000000000000,9000.000000000000000,4500.000000000000000,11700.000000000000000,6300.000000000000000,6300.000000000000000,3600.000000000000000,30600.000000000000000,39600.000000000000000,18000.000000000000000,3136.000000000000000,18816.000000000000000,20175,SEWARD
398399,442890,2017500041460002001,75242.842977273408906,11700.000000000000000,18000.000000000000000,3600.000000000000000,11700.000000000000000,9000.000000000000000,4500.000000000000000,11700.000000000000000,6300.000000000000000,6300.000000000000000,3600.000000000000000,30600.000000000000000,39600.000000000000000,18000.000000000000000,3136.000000000000000,18816.000000000000000,20175,SEWARD
398400,442891,2017500041880002001,30248.359324323169858,4500.000000000000000,5400.000000000000000,,5400.000000000000000,6300.000000000000000,3600.000000000000000,5400.000000000000000,1800.000000000000000,7200.000000000000000,900.000000000000000,900.000000000000000,900.000000000000000,3600.000000000000000,,,20175,SEWARD
398401,442892,2017500041880001001,28184.183918547802023,4500.000000000000000,4500.000000000000000,2700.000000000000000,4500.000000000000000,1800.000000000000000,1800.000000000000000,3600.000000000000000,900.000000000000000,,900.000000000000000,1800.000000000000000,6300.000000000000000,7200.000000000000000,,,20175,SEWARD
398402,442893,2017500034860002001,18713.062818667389365,,900.000000000000000,,,900.000000000000000,,,,900.000000000000000,,900.000000000000000,7200.000000000000000,4500.000000000000000,,,20175,SEWARD
398403,442894,2017500041880004001,8703.239272795350189,,,,,,,,,,,,900.000000000000000,2700.000000000000000,,,20175,SEWARD
398404,442895,2017500041890001003,7890.523008586930700,14400.000000000000000,14400.000000000000000,2700.000000000000000,15300.000000000000000,13500.000000000000000,14400.000000000000000,14400.000000000000000,13500.000000000000000,13500.000000000000000,8100.000000000000000,900.000000000000000,,900.000000000000000,,,20175,SEWARD
398405,442895,2017500041890001003,6273.766876380837857,14400.000000000000000,14400.000000000000000,2700.000000000000000,15300.000000000000000,13500.000000000000000,14400.000000000000000,14400.000000000000000,13500.000000000000000,13500.000000000000000,8100.000000000000000,900.000000000000000,,900.000000000000000,,,20175,SEWARD
398406,442896,2017500001450003001,28555.451428807944467,3600.000000000000000,5400.000000000000000,4500.000000000000000,5400.000000000000000,4500.000000000000000,3600.000000000000000,1800.000000000000000,900.000000000000000,8100.000000000000000,900.000000000000000,,1800.000000000000000,,,,20175,SEWARD
398407,442897,2017500001450007001,33587.111918919938034,,900.000000000000000,,900.000000000000000,3600.000000000000000,,5400.000000000000000,900.000000000000000,1800.000000000000000,1800.000000000000000,2700.000000000000000,,900.000000000000000,,,20175,SEWARD
398408,442899,2017500001450012001,30819.819950867080479,2700.000000000000000,6300.000000000000000,3600.000000000000000,5400.000000000000000,3600.000000000000000,900.000000000000000,1800.000000000000000,900.000000000000000,3600.000000000000000,,2700.000000000000000,,,,,20175,SEWARD
398409,442900,2017500001450004001,28860.445418097398942,3600.000000000000000,4500.000000000000000,2700.000000000000000,3600.000000000000000,4500.000000000000000,3600.000000000000000,3600.000000000000000,,6300.000000000000000,5400.000000000000000,,900.000000000000000,900.000000000000000,,,20175,SEWARD
398410,442904,2017500007740003001,11384.361946731321950,,,,,,,,,,,,,,,,20175,SEWARD
398411,442906,2017500033450003004,11548.975815550116749,,4500.000000000000000,,,12600.000000000000000,2700.000000000000000,,,,,,,,,,20175,SEWARD
398412,442909,2017520119240001001,636605.358680923702195,4500.000000000000000,532800.000000000000000,900.000000000000000,502200.000000000000000,1800.000000000000000,468000.000000000000000,,503100.000000000000000,,417600.000000000000000,6300.000000000000000,491400.000000000000000,,492352.000000000000000,,20175,SEWARD
398413,442910,2017500008890025001,7084.575399150423436,,,,,,,,,,,,1800.000000000000000,900.000000000000000,,,20175,SEWARD
398414,442912,2017500008890031001,7273.216466274775485,,,,,,,,,,,1800.000000000000000,900.000000000000000,900.000000000000000,,,20175,SEWARD
398415,442913,2017500008890028001,17879.246054614392051,,,,,,,,,,,,1800.000000000000000,,,,20175,SEWARD
398416,442923,2017500038840003001,8817.482054841570061,900.000000000000000,,,1800.000000000000000,,1800.000000000000000,,900.000000000000000,,900.000000000000000,,900.000000000000000,900.000000000000000,,3136.000000000000000,20175,SEWARD
398417,442924,2017500043040002001,18828.981342019040312,,,,,,,,,,,,,,,,20175,SEWARD
398418,442927,2017500000800006001,27672.276868723587540,900.000000000000000,,,,,,,,,,,,,,,20175,SEWARD
398419,442928,2017500000800005001,436683.131671828916296,3600.000000000000000,3600.000000000000000,3600.000000000000000,2700.000000000000000,900.000000000000000,900.000000000000000,3600.000000000000000,900.000000000000000,5400.000000000000000,2700.000000000000000,,,,,,20175,SEWARD
398420,442929,2017500007270005001,16296.580154278981354,,2700.000000000000000,,,,,,,,,,,,,,20175,SEWARD
398421,442930,2017500007270003001,158926.527790496707894,9900.000000000000000,11700.000000000000000,5400.000000000000000,7200.000000000000000,18900.000000000000000,,3600.000000000000000,6300.000000000000000,2700.000000000000000,2700.000000000000000,23400.000000000000000,19800.000000000000000,17100.000000000000000,18816.000000000000000,25088.000000000000000,20175,SEWARD
398422,442931,2017500007270006002,4243.023601585266078,2700.000000000000000,4500.000000000000000,1800.000000000000000,3600.000000000000000,,,,,,900.000000000000000,,,,,,20175,SEWARD
398423,442933,2017500004030001006,6607.848573778515856,1800.000000000000000,4500.000000000000000,2700.000000000000000,2700.000000000000000,2700.000000000000000,1800.000000000000000,,900.000000000000000,4500.000000000000000,900.000000000000000,900.000000000000000,,2700.000000000000000,3136.000000000000000,,20175,SEWARD
398424,442934,2017500010110003001,113496.403988661681069,,2700.000000000000000,,900.000000000000000,,,,,,,,900.000000000000000,,,,20175,SEWARD
398425,442935,2017500038760006001,62201.693919177945645,,,,,,,,,1800.000000000000000,,,,,,,20175,SEWARD
398426,442936,2017500038760007001,36303.371170877799159,,,,,,,,,900.000000000000000,,,,,,,20175,SEWARD
398427,442939,2017500007580005001,10226.495036283982699,900.000000000000000,,,,3600.000000000000000,,,900.000000000000000,6300.000000000000000,,1800.000000000000000,4500.000000000000000,1800.000000000000000,9408.000000000000000,,20175,SEWARD
398428,442940,2017500007580004001,16372.460521815790344,2700.000000000000000,,,,,,,,,,,,,,,20175,SEWARD
398429,442941,2017500007580006001,6024.207164329227453,,,,,,,,,,,,,,,,20175,SEWARD
398430,442942,2017500007580002001,128171.661251831130357,4500.000000000000000,12600.000000000000000,,11700.000000000000000,8100.000000000000000,,9900.000000000000000,1800.000000000000000,9900.000000000000000,7200.000000000000000,2700.000000000000000,,,,,20175,SEWARD
398431,442943,2017500007580003002,12519.603611843020190,3600.000000000000000,,,900.000000000000000,,,,,900.000000000000000,,,,,6272.000000000000000,3136.000000000000000,20175,SEWARD
398432,442944,2017500007580001017,9137.249976533539666,2700.000000000000000,,,,8100.000000000000000,900.000000000000000,,900.000000000000000,7200.000000000000000,900.000000000000000,,8100.000000000000000,,9408.000000000000000,,20175,SEWARD
398433,442944,2017500007580001017,7222.773744510146571,2700.000000000000000,,,,8100.000000000000000,900.000000000000000,,900.000000000000000,7200.000000000000000,900.000000000000000,,8100.000000000000000,,9408.000000000000000,,20175,SEWARD
398434,442945,2017500007580007001,4289.742206651048036,,,,,900.000000000000000,,,900.000000000000000,,,,,,,,20175,SEWARD
398435,442947,2017500006710004001,13754.056305313604753,,900.000000000000000,,900.000000000000000,,,,,,900.000000000000000,900.000000000000000,,900.000000000000000,,,20175,SEWARD
398436,442948,2017500034810002001,125075.100922698547947,25200.000000000000000,30600.000000000000000,14400.000000000000000,37800.000000000000000,22500.000000000000000,17100.000000000000000,4500.000000000000000,9000.000000000000000,12600.000000000000000,9900.000000000000000,,,,,,20175,SEWARD
398437,442949,2017500000040002001,14413.783224082621018,,900.000000000000000,900.000000000000000,,,,,,,900.000000000000000,900.000000000000000,,,,,20175,SEWARD
398438,442952,2017500000040001006,16145.466267639290891,9000.000000000000000,9000.000000000000000,10800.000000000000000,10800.000000000000000,9900.000000000000000,9000.000000000000000,9900.000000000000000,9000.000000000000000,10800.000000000000000,10800.000000000000000,10800.000000000000000,12600.000000000000000,11700.000000000000000,12544.000000000000000,9408.000000000000000,20175,SEWARD
398439,442953,2017500000390003001,26348.901621836743288,,,,,,,,,,,,,,,,20175,SEWARD
398440,442954,2017500000390002001,214144.218898127292050,2700.000000000000000,1800.000000000000000,,,1800.000000000000000,,,,900.000000000000000,,900.000000000000000,,,,,20175,SEWARD
398441,442956,2017500040550023001,32993.712905683118152,,,,,,,,,,,,,,,,20175,SEWARD
398442,442958,2017500040550007001,12728.378649313004644,,,,,,,,,,,,,,,,20175,SEWARD
398443,442959,2017500040550008001,22244.078915839025285,,,,,,,,,,,,,,,,20175,SEWARD
398444,442960,2017500040550009001,9255.236551516341933,,,,,,,,,,,,,,,,20175,SEWARD
398445,442961,2017500040550011001,26132.233696326667996,,,,,,,,,,,,,,,,20175,SEWARD
398446,442962,2017500040550019001,60487.513646770894411,,,,,,,,,,,,,,,,20175,SEWARD
398447,442963,2017500040550013001,77789.405544407374691,,,,,,,,,,,,,,,,20175,SEWARD
398448,442964,2017500040550014001,20765.767990230273426,,,,,,,,,,,,,,,,20175,SEWARD
398449,442965,2017500011270001001,613117.532321188133210,2700.000000000000000,3600.000000000000000,1800.000000000000000,1800.000000000000000,,,,,,900.000000000000000,9000.000000000000000,1800.000000000000000,,,21952.000000000000000,20175,SEWARD
398450,442966,2017500040550015001,76545.666758536724956,,,,,,,,,,,,,,,,20175,SEWARD
398451,442967,2017500040540002001,4482.117367248351911,,,,,,,,,,,,,,,,20175,SEWARD
398452,442969,2017500040540006001,278770.423817505536135,,,,,,,,,900.000000000000000,,,,,,,20175,SEWARD
398453,442970,2017500040540008001,9751.510272976987835,,,,,,,,,,,,,,,,20175,SEWARD
398454,442973,2017500007130001001,638928.906221252284013,4500.000000000000000,5400.000000000000000,,5400.000000000000000,1800.000000000000000,4500.000000000000000,,900.000000000000000,4500.000000000000000,3600.000000000000000,900.000000000000000,2700.000000000000000,5400.000000000000000,6272.000000000000000,,20175,SEWARD
398455,442974,2017500040550016001,246770.646536591870245,2700.000000000000000,4500.000000000000000,,,2700.000000000000000,,,,900.000000000000000,7200.000000000000000,1800.000000000000000,,900.000000000000000,,,20175,SEWARD
398456,442979,2017520189420002001,158969.147495789511595,,10800.000000000000000,900.000000000000000,4500.000000000000000,4500.000000000000000,,,900.000000000000000,,900.000000000000000,900.000000000000000,2700.000000000000000,900.000000000000000,,,20175,SEWARD
398457,442982,2017500034830005001,26727.305724955240294,900.000000000000000,,,,,,,,,,900.000000000000000,1800.000000000000000,1800.000000000000000,3136.000000000000000,,20175,SEWARD
398458,442983,2017500039270003001,232558.662288108142093,3600.000000000000000,,2700.000000000000000,3600.000000000000000,900.000000000000000,6300.000000000000000,1800.000000000000000,4500.000000000000000,2700.000000000000000,900.000000000000000,3600.000000000000000,15300.000000000000000,19800.000000000000000,122304.000000000000000,9408.000000000000000,20175,SEWARD
398459,442984,2017500004610002001,11550.126652407965594,1800.000000000000000,,,,,,,,,900.000000000000000,,,,,,20175,SEWARD
398460,442985,2017500001620003001,46673.405598549681599,,900.000000000000000,,,900.000000000000000,,900.000000000000000,,,,1800.000000000000000,,900.000000000000000,,,20175,SEWARD
398461,442987,2017500043070002001,167589.414753176650265,,,,,,,,,,,,2700.000000000000000,,,6272.000000000000000,20175,SEWARD
398462,442989,2017500042480003002,4422.940100476195767,,,,,,,,,,,,,,,,20175,SEWARD
398463,442993,2017500041650003001,71792.846565044645104,11700.000000000000000,16200.000000000000000,3600.000000000000000,12600.000000000000000,900.000000000000000,2700.000000000000000,3600.000000000000000,3600.000000000000000,15300.000000000000000,3600.000000000000000,,900.000000000000000,4500.000000000000000,,,20175,SEWARD
398464,442996,2017500037760003002,12114.449156313918138,900.000000000000000,900.000000000000000,900.000000000000000,900.000000000000000,,,,,1800.000000000000000,,,,,,,20175,SEWARD
398465,442997,2017500005340002001,21834.491022195172263,900.000000000000000,900.000000000000000,,,,,,,,,,1800.000000000000000,1800.000000000000000,3136.000000000000000,6272.000000000000000,20175,SEWARD
398466,442999,2017500007940004001,38362.174555334560864,3600.000000000000000,,,1800.000000000000000,8100.000000000000000,,,900.000000000000000,1800.000000000000000,,,3600.000000000000000,900.000000000000000,,3136.000000000000000,20175,SEWARD
398467,443000,2017500011630001001,4627739.913287188857794,6300.000000000000000,4500.000000000000000,10800.000000000000000,900.000000000000000,5400.000000000000000,1800.000000000000000,,2700.000000000000000,,3600.000000000000000,7200.000000000000000,900.000000000000000,3600.000000000000000,,9408.000000000000000,20175,SEWARD
398468,443001,2017500000220011001,23583.617155980646203,,,,,,,,,,,,,,,,20175,SEWARD
398469,443003,2017500000220002001,26949.554662445152644,,,,,,,,,,,,,,,,20175,SEWARD
398470,443004,2017500000220003001,35938.390418232556840,7200.000000000000000,,2700.000000000000000,,,,,,,,11700.000000000000000,10800.000000000000000,,,,20175,SEWARD
398471,443007,2017500041880003001,26118.070937357082585,6300.000000000000000,7200.000000000000000,3600.000000000000000,6300.000000000000000,6300.000000000000000,2700.000000000000000,5400.000000000000000,900.000000000000000,3600.000000000000000,1800.000000000000000,2700.000000000000000,3600.000000000000000,5400.000000000000000,,,20175,SEWARD
398472,443007,2017500041880003001,19024.253997256881121,6300.000000000000000,7200.000000000000000,3600.000000000000000,6300.000000000000000,6300.000000000000000,2700.000000000000000,5400.000000000000000,900.000000000000000,3600.000000000000000,1800.000000000000000,2700.000000000000000,3600.000000000000000,5400.000000000000000,,,20175,SEWARD
398473,443008,2017500001450002001,32260.521539085813856,,1800.000000000000000,900.000000000000000,,900.000000000000000,900.000000000000000,900.000000000000000,,1800.000000000000000,4500.000000000000000,,1800.000000000000000,,,,20175,SEWARD
398474,443009,2017500001450001002,8475.754530135105597,22500.000000000000000,22500.000000000000000,9000.000000000000000,21600.000000000000000,20700.000000000000000,18000.000000000000000,20700.000000000000000,15300.000000000000000,19800.000000000000000,18900.000000000000000,9000.000000000000000,,,,,20175,SEWARD
398475,443009,2017500001450001002,7917.431174018847742,22500.000000000000000,22500.000000000000000,9000.000000000000000,21600.000000000000000,20700.000000000000000,18000.000000000000000,20700.000000000000000,15300.000000000000000,19800.000000000000000,18900.000000000000000,9000.000000000000000,,,,,20175,SEWARD
398476,443009,2017500001450001002,5069.075187534469478,22500.000000000000000,22500.000000000000000,9000.000000000000000,21600.000000000000000,20700.000000000000000,18000.000000000000000,20700.000000000000000,15300.000000000000000,19800.000000000000000,18900.000000000000000,9000.000000000000000,,,,,20175,SEWARD
398477,443010,2017500001450008001,54581.135260626266245,9900.000000000000000,12600.000000000000000,7200.000000000000000,9000.000000000000000,7200.000000000000000,900.000000000000000,1800.000000000000000,2700.000000000000000,3600.000000000000000,13500.000000000000000,7200.000000000000000,4500.000000000000000,4500.000000000000000,,,20175,SEWARD
398479,443012,2017540007350001001,2299320.935606663115323,49500.000000000000000,1800.000000000000000,,2700.000000000000000,15300.000000000000000,,900.000000000000000,7200.000000000000000,11700.000000000000000,27000.000000000000000,26100.000000000000000,,8100.000000000000000,3136.000000000000000,,20175,SEWARD
398480,443013,2017500041720012001,452087.231886059395038,,,,,,,,,,,,,,,,20175,SEWARD
398481,443014,2017500041720006001,209828.315889544843230,3600.000000000000000,,,,,,,900.000000000000000,,2700.000000000000000,6300.000000000000000,,,,,20175,SEWARD
398482,443015,2017500012080008001,1310683.288300466723740,,1800.000000000000000,,,,,,,,,900.000000000000000,,,,,20175,SEWARD
398483,443016,2017500041720003001,367021.845185534388293,,,,,,,,900.000000000000000,1800.000000000000000,900.000000000000000,900.000000000000000,,5400.000000000000000,,,20175,SEWARD
398484,443017,2017500041720008001,8533.156360877612315,,,,,,,,,,,,,,,,20175,SEWARD
398485,443018,2017500041770001001,6858650.249741094186902,27900.000000000000000,13500.000000000000000,4500.000000000000000,,12600.000000000000000,23400.000000000000000,900.000000000000000,8100.000000000000000,46800.000000000000000,67500.000000000000000,47700.000000000000000,32400.000000000000000,221400.000000000000000,,56448.000000000000000,20175,SEWARD
398486,443019,2017500041720011001,49113.218088356712542,,,,,,,,,,,,,,,,20175,SEWARD
398487,443021,2017500042660013001,430005.094356185232755,430200.000000000000000,431100.000000000000000,382500.000000000000000,432000.000000000000000,432000.000000000000000,432000.000000000000000,430200.000000000000000,432000.000000000000000,431100.000000000000000,432000.000000000000000,430200.000000000000000,432000.000000000000000,354600.000000000000000,319872.000000000000000,53312.000000000000000,20175,SEWARD
398488,443022,2017500042660012001,2380680.974368144758046,57600.000000000000000,40500.000000000000000,17100.000000000000000,46800.000000000000000,78300.000000000000000,72000.000000000000000,72900.000000000000000,78300.000000000000000,108900.000000000000000,118800.000000000000000,122400.000000000000000,109800.000000000000000,80100.000000000000000,40768.000000000000000,81536.000000000000000,20175,SEWARD
398489,443023,2017500042290005001,446932.114880907465704,3600.000000000000000,,,,,,,,900.000000000000000,900.000000000000000,,,,,,20175,SEWARD
398490,443025,2017500008120002009,10063.697658359171328,3600.000000000000000,12600.000000000000000,13500.000000000000000,13500.000000000000000,13500.000000000000000,14400.000000000000000,11700.000000000000000,12600.000000000000000,14400.000000000000000,13500.000000000000000,14400.000000000000000,12600.000000000000000,14400.000000000000000,25088.000000000000000,21952.000000000000000,20175,SEWARD
398491,443025,2017500008120002009,6224.747704442193935,3600.000000000000000,12600.000000000000000,13500.000000000000000,13500.000000000000000,13500.000000000000000,14400.000000000000000,11700.000000000000000,12600.000000000000000,14400.000000000000000,13500.000000000000000,14400.000000000000000,12600.000000000000000,14400.000000000000000,25088.000000000000000,21952.000000000000000,20175,SEWARD
398492,443028,2017500012490001001,6341602.421409921720624,2700.000000000000000,9900.000000000000000,,,1800.000000000000000,,,,,3600.000000000000000,900.000000000000000,11700.000000000000000,4500.000000000000000,6272.000000000000000,3136.000000000000000,20175,SEWARD
398493,443029,2017500012360002001,271258.971990485442802,,,,,,,,,,,,9900.000000000000000,2700.000000000000000,,,20175,SEWARD
398494,443030,2017500012360001001,743807.993945094873197,,900.000000000000000,,,,,,,,,,8100.000000000000000,2700.000000000000000,,,20175,SEWARD
398495,443031,2017500034740003001,4348.586653262223990,4500.000000000000000,900.000000000000000,5400.000000000000000,,900.000000000000000,2700.000000000000000,5400.000000000000000,5400.000000000000000,5400.000000000000000,5400.000000000000000,5400.000000000000000,1800.000000000000000,5400.000000000000000,,,20175,SEWARD
398496,443032,2017500003860002001,121564.246030068519758,50400.000000000000000,54900.000000000000000,20700.000000000000000,30600.000000000000000,25200.000000000000000,32400.000000000000000,7200.000000000000000,9000.000000000000000,35100.000000000000000,18000.000000000000000,27000.000000000000000,37800.000000000000000,36900.000000000000000,18816.000000000000000,37632.000000000000000,20175,SEWARD
398497,443034,2017500009610002002,24861.564398460050143,,,,,,,,900.000000000000000,,,1800.000000000000000,1800.000000000000000,,,,20175,SEWARD
398498,443035,2017500012930004001,66812.809066247180454,4500.000000000000000,900.000000000000000,,,,,,,,,,,,,,20175,SEWARD
398499,443036,2017500012930001001,168619.205848187935771,11700.000000000000000,,,,,,,,,,,3600.000000000000000,,,,20175,SEWARD
398500,443037,2017500012930002001,25566.775945288714865,2700.000000000000000,,,,,,,,,,900.000000000000000,900.000000000000000,,,,20175,SEWARD
398501,443038,2017500012890001001,1859406.652456437470391,1800.000000000000000,,,,,,,,2700.000000000000000,,2700.000000000000000,36000.000000000000000,20700.000000000000000,,,20175,SEWARD
398502,443039,2017500012930003001,48057.921365048954613,,,,,,,,,1800.000000000000000,,,,,,,20175,SEWARD
398503,443040,2017500041720014001,41707.562491124655935,,,,,,,,,,,,,,,,20175,SEWARD
398504,443041,2017500041720009001,522096.635684176813811,,,,,,,,,,,,,,,,20175,SEWARD
398505,443042,2017500041720010001,12304.974818633616451,,,,,,,,,,,,,,,,20175,SEWARD
398506,443043,2017500041720013001,1267052.286544037749991,900.000000000000000,,,,,,,,,900.000000000000000,,,900.000000000000000,,,20175,SEWARD
398507,443044,2017500041720004001,376715.636928795662243,,,,,1800.000000000000000,,,,,,,,,,,20175,SEWARD
398508,443045,2017500041720002001,3464558.059297319035977,21600.000000000000000,55800.000000000000000,26100.000000000000000,1800.000000000000000,128700.000000000000000,111600.000000000000000,,269100.000000000000000,18900.000000000000000,14400.000000000000000,45000.000000000000000,3600.000000000000000,88200.000000000000000,34496.000000000000000,,20175,SEWARD
398509,443048,2017500040060014001,6862.808723011208713,,,,,,,,,,900.000000000000000,,900.000000000000000,,,,20175,SEWARD
398510,443049,2017500012220001001,623717.188151089940220,,,,,,,,,,,,,,,15680.000000000000000,20175,SEWARD
398511,443051,2017500000620006001,509332.706276285054628,,,,,,,,,1800.000000000000000,,,,900.000000000000000,3136.000000000000000,6272.000000000000000,20175,SEWARD
398512,443054,2017502011930001001,1274292.543658357113600,123300.000000000000000,604800.000000000000000,,900.000000000000000,3600.000000000000000,,900.000000000000000,1800.000000000000000,66600.000000000000000,1800.000000000000000,,3600.000000000000000,900.000000000000000,6272.000000000000000,,20175,SEWARD
398513,443057,2017500000900002001,301469.965024040895514,,,,,,,,,,,,,,,,20175,SEWARD
398514,443060,2017500035680008001,5002.625903671219930,,,,,,,,,,,,,,,,20175,SEWARD
398515,443061,2017500009930001001,1255032.670221399748698,95400.000000000000000,900.000000000000000,2700.000000000000000,199800.000000000000000,3600.000000000000000,900.000000000000000,1800.000000000000000,46800.000000000000000,22500.000000000000000,900.000000000000000,51300.000000000000000,10800.000000000000000,3600.000000000000000,3136.000000000000000,3136.000000000000000,20175,SEWARD
398516,443063,2017500038190003001,17507.341397368385515,900.000000000000000,1800.000000000000000,,2700.000000000000000,,,,,,,,,,,,20175,SEWARD
398517,443064,2017500038190002001,1217229.505446439376101,1800.000000000000000,900.000000000000000,,,,,,1800.000000000000000,,,900.000000000000000,,900.000000000000000,3136.000000000000000,,20175,SEWARD
398518,443065,2017500011940002001,127214.815153554038261,2700.000000000000000,2700.000000000000000,,,1800.000000000000000,900.000000000000000,900.000000000000000,,,1800.000000000000000,,,,,,20175,SEWARD
398519,443068,2017500011940001001,365587.752184022509027,1800.000000000000000,900.000000000000000,,900.000000000000000,,900.000000000000000,900.000000000000000,,3600.000000000000000,2700.000000000000000,2700.000000000000000,1800.000000000000000,3600.000000000000000,3136.000000000000000,9408.000000000000000,20175,SEWARD
398520,443069,2017500038760003001,195742.090409412368899,,900.000000000000000,,,,,,,,,,,,,,20175,SEWARD
398521,443070,2017500012530001002,117570.918629001011141,10800.000000000000000,900.000000000000000,,4500.000000000000000,,,,900.000000000000000,11700.000000000000000,900.000000000000000,,,,,,20175,SEWARD
398522,443072,2017500000680002001,13035.035978891377454,,,,,,,,,,,,2700.000000000000000,,,,20175,SEWARD
398523,443074,2017500006400006001,8152.237262014564294,,,,,,,,,,,,,,,,20175,SEWARD
398524,443075,2017500006400003001,138221.023082375410013,,900.000000000000000,,,5400.000000000000000,,,,,,,,,,,20175,SEWARD
398525,443078,2017500043300004001,22099.092859155403858,4500.000000000000000,,,6300.000000000000000,2700.000000000000000,,,,900.000000000000000,,,,,,,20175,SEWARD
398526,443080,2017500007160009001,53914.571095798826718,,,,,5400.000000000000000,,,,,,,,9000.000000000000000,,,20175,SEWARD
398527,443081,2017500042850002008,4765.804496748423844,,,1800.000000000000000,1800.000000000000000,,,,,,3600.000000000000000,,,,,,20175,SEWARD
398528,443082,2017500001240005001,9577.100161407302949,,,,,,,,,,,,,,,,20175,SEWARD
398529,443083,2017500000210002001,305993.912093364226166,,,,,,,,,,,,,,,,20175,SEWARD
398530,443084,2017500000960002001,3449308.942558175418526,6300.000000000000000,,1800.000000000000000,,,,,900.000000000000000,,,900.000000000000000,1800.000000000000000,5400.000000000000000,3136.000000000000000,,20175,SEWARD
398531,443085,2017500033080003001,154212.220390689588385,7200.000000000000000,9900.000000000000000,11700.000000000000000,2700.000000000000000,1800.000000000000000,4500.000000000000000,1800.000000000000000,3600.000000000000000,6300.000000000000000,5400.000000000000000,2700.000000000000000,2700.000000000000000,,,,20175,SEWARD
398532,443086,2017500011720006001,466188.023674861760810,,,,,,,,,,,,4500.000000000000000,2700.000000000000000,,,20175,SEWARD
398533,443087,2017500011670003001,421540.606665572675411,1800.000000000000000,,,900.000000000000000,,,,,,,,1800.000000000000000,,,,20175,SEWARD
398534,443088,2017500011670002001,259680.060870923800394,,,,,,,,900.000000000000000,,,4500.000000000000000,,,,,20175,SEWARD
398535,443089,2017500011670004001,63675.139134130869934,,,,,,,,,,,,,,,,20175,SEWARD
398536,443090,2017500012070004001,191411.635736428812379,,,,,,,,,,,2700.000000000000000,8100.000000000000000,,,,20175,SEWARD
398537,443091,2017500012070001001,233343.928908559115371,,,,,,,,,,,,,,,,20175,SEWARD
398538,443092,2017500012070003001,2477481.665008818730712,1800.000000000000000,900.000000000000000,,,,,,,,900.000000000000000,5400.000000000000000,7200.000000000000000,1800.000000000000000,,3136.000000000000000,20175,SEWARD
398539,443093,2017500012070002001,285640.620996119163465,1800.000000000000000,900.000000000000000,,,,,,,,,3600.000000000000000,3600.000000000000000,900.000000000000000,,,20175,SEWARD
398540,443094,2017500011020004001,315295.346968680911232,,,,,,,,,,,,,,,,20175,SEWARD
398541,443095,2017500011020003001,42265.369116429974383,,,,,,,,,,,,,,,,20175,SEWARD
398542,443096,2017520189240010001,79994.498409383944818,,,,,,,,,,,,,,,,20175,SEWARD
398543,443097,2017500011080002001,68437.208534289951785,,,,,,,,,,,,,,,,20175,SEWARD
398544,443098,2017500011080001001,517639.333447418524884,,,,,,,,,,,,2700.000000000000000,,,,20175,SEWARD
398545,443099,2017500011070001001,331496.571645896532573,,,,,,,,,,,,,,,,20175,SEWARD
398546,443100,2017500002180008001,654898.724351857672445,,,,,,,,,,,,,,,,20175,SEWARD
398547,443101,2017500011620001001,657026.428560453816317,,,,,,,,,,,,900.000000000000000,,,,20175,SEWARD
398548,443102,2017500011770001001,331778.886072621564381,,,,,,,,,,,,,,,,20175,SEWARD
398549,443103,2017500000500002001,491820.905628065986093,,,,,,,,,,,,,,,,20175,SEWARD
398550,443104,2017500011060001001,624228.100978022441268,,,,,,,,,,,900.000000000000000,,,,,20175,SEWARD
398551,443105,2017500011630010001,301965.333217929641251,,,,,,,,,,,,,,,,20175,SEWARD
398552,443106,2017500011000001001,1768229.699672640999779,2700.000000000000000,,3600.000000000000000,,,,,,1800.000000000000000,,900.000000000000000,,,,6272.000000000000000,20175,SEWARD
398553,443107,2017500000010002001,421010.131227448990103,900.000000000000000,,,,,,,,,,,,,,18816.000000000000000,20175,SEWARD
398554,443108,2017500011780001001,651295.080568640143611,,,,,,,,900.000000000000000,,,,,,,,20175,SEWARD
398555,443109,2017500011300001001,620278.443068772554398,,,,,,,,,,,,,,,,20175,SEWARD
398556,443110,2017500011300002001,31839.226012443450600,,,,,,,,,,,,,,,,20175,SEWARD
398557,443111,2017500041560013001,37700.569340703623311,6300.000000000000000,,900.000000000000000,1800.000000000000000,900.000000000000000,,900.000000000000000,,9900.000000000000000,18000.000000000000000,18900.000000000000000,21600.000000000000000,18000.000000000000000,15680.000000000000000,9408.000000000000000,20175,SEWARD
398558,443112,2017500041560006001,106240.174993076623650,,,,,,,,,,,,,,,,20175,SEWARD
398559,443113,2017500011140001001,832760.889120430219918,900.000000000000000,1800.000000000000000,,,3600.000000000000000,,,,,,,,,,,20175,SEWARD
398560,443114,2017500011110001001,1514495.683818238321692,,,,,,,,,,,,,,,15680.000000000000000,20175,SEWARD
398561,443115,2017500011130001001,486390.811416182375979,900.000000000000000,,,,1800.000000000000000,,,,,,,,,,,20175,SEWARD
398562,443116,2017500011610007001,389918.860892128956039,,,,,900.000000000000000,,,,900.000000000000000,,,,,,21952.000000000000000,20175,SEWARD
398563,443117,2017500011090001001,165539.836865782854147,,,,,,,,,,,,,,,,20175,SEWARD
398564,443118,2017500011030002001,456514.195308687805664,,,,,,,,,,,,,,,,20175,SEWARD
398565,443119,2017500011030003001,409677.426805503549986,,,,,,,,,,,,,,,,20175,SEWARD
398566,443120,2017500011040002001,5201.679381573081628,,,,,,,,,,,,,,,,20175,SEWARD
398567,443121,2017500011030001001,7612521.041063442826271,1800.000000000000000,,3600.000000000000000,2700.000000000000000,,,900.000000000000000,900.000000000000000,900.000000000000000,,,5400.000000000000000,1800.000000000000000,,,20175,SEWARD
398568,443122,2017500011100001001,662945.288251106860116,,,,,,,,,,,,,,,,20175,SEWARD
398569,443123,2017500011030004001,1962078.069148895330727,8100.000000000000000,5400.000000000000000,3600.000000000000000,3600.000000000000000,3600.000000000000000,6300.000000000000000,4500.000000000000000,2700.000000000000000,,1800.000000000000000,2700.000000000000000,2700.000000000000000,5400.000000000000000,,,20175,SEWARD
398570,443124,2017500004720006001,15401.788602460645052,,,,,,,,,,,,,,,,20175,SEWARD
398571,443125,2017502008180001001,1268940.461757698329166,515700.000000000000000,539100.000000000000000,511200.000000000000000,1098900.000000000000000,983700.000000000000000,992700.000000000000000,996300.000000000000000,963000.000000000000000,979200.000000000000000,982800.000000000000000,982800.000000000000000,1008900.000000000000000,969300.000000000000000,956480.000000000000000,1006656.000000000000000,20175,SEWARD
398572,443126,2017500003280004001,304164.419504377117846,,,,,,,,,,,,,,,,20175,SEWARD
398573,443127,2017500036940006001,28968.725799872707285,6300.000000000000000,1800.000000000000000,,2700.000000000000000,2700.000000000000000,3600.000000000000000,,1800.000000000000000,,,,,,,,20175,SEWARD
398574,443128,2017502008190002001,13499.390519652679359,3600.000000000000000,3600.000000000000000,2700.000000000000000,,2700.000000000000000,2700.000000000000000,2700.000000000000000,2700.000000000000000,1800.000000000000000,1800.000000000000000,1800.000000000000000,2700.000000000000000,2700.000000000000000,3136.000000000000000,,20175,SEWARD
398575,443129,2017520081100001001,629188.510387841262855,528300.000000000000000,526500.000000000000000,503100.000000000000000,7200.000000000000000,512100.000000000000000,510300.000000000000000,511200.000000000000000,491400.000000000000000,500400.000000000000000,504000.000000000000000,515700.000000000000000,509400.000000000000000,503100.000000000000000,504896.000000000000000,517440.000000000000000,20175,SEWARD
398576,443131,2017520081110001001,628978.486851176247001,18000.000000000000000,520200.000000000000000,10800.000000000000000,524700.000000000000000,527400.000000000000000,527400.000000000000000,526500.000000000000000,498600.000000000000000,508500.000000000000000,522000.000000000000000,518400.000000000000000,524700.000000000000000,514800.000000000000000,533120.000000000000000,586432.000000000000000,20175,SEWARD
398577,443132,2017500035130002001,7264.693039697940549,,,,900.000000000000000,,,,,,5400.000000000000000,5400.000000000000000,1800.000000000000000,2700.000000000000000,15680.000000000000000,3136.000000000000000,20175,SEWARD
398578,443133,2017500035130003001,25433.430103450835304,7200.000000000000000,,3600.000000000000000,1800.000000000000000,900.000000000000000,,,,900.000000000000000,,1800.000000000000000,,,,,20175,SEWARD
398579,443134,2017500005010007001,88687.026336356808315,2700.000000000000000,2700.000000000000000,900.000000000000000,900.000000000000000,,,,,,900.000000000000000,3600.000000000000000,2700.000000000000000,900.000000000000000,,,20175,SEWARD
398580,443135,2017500004710002001,4211.280220989806367,5400.000000000000000,3600.000000000000000,5400.000000000000000,5400.000000000000000,5400.000000000000000,900.000000000000000,5400.000000000000000,5400.000000000000000,,5400.000000000000000,5400.000000000000000,5400.000000000000000,5400.000000000000000,3136.000000000000000,3136.000000000000000,20175,SEWARD
398581,443136,2017500004710004001,4250.669398502795957,900.000000000000000,1800.000000000000000,900.000000000000000,1800.000000000000000,,900.000000000000000,900.000000000000000,,900.000000000000000,900.000000000000000,1800.000000000000000,,1800.000000000000000,3136.000000000000000,3136.000000000000000,20175,SEWARD
398582,443137,2017500004710005001,38347.779431051501888,15300.000000000000000,6300.000000000000000,7200.000000000000000,16200.000000000000000,,1800.000000000000000,,,900.000000000000000,,,,,,,20175,SEWARD
398583,443138,2017500036950005001,136011.424179639929207,,,,,,,,,,,,,,,,20175,SEWARD
398584,443139,2017500011750001001,600972.069424289977178,,,,,,,,,,,,,,,,20175,SEWARD
398585,443140,2017500011750002001,1317481.615712100174278,,,,,,,,,,,,,,,,20175,SEWARD
398586,443141,2017500036940014001,1064403.383141581667587,,900.000000000000000,,,,,,,,,,,,,6272.000000000000000,20175,SEWARD
398587,443143,2017500011040001001,7570033.785094361752272,3600.000000000000000,,,,5400.000000000000000,,,,900.000000000000000,,,,900.000000000000000,,31360.000000000000000,20175,SEWARD
398588,443144,2017500011800001001,608393.315147503628395,,,,,,,,,,,,,,,21952.000000000000000,20175,SEWARD
398589,443145,2017500003440002001,537601.793168495059945,7200.000000000000000,,900.000000000000000,,,900.000000000000000,,,,,,,,,6272.000000000000000,20175,SEWARD
402482,449295,2017520189350001008,8479.778540248511490,1800.000000000000000,1800.000000000000000,1800.000000000000000,1800.000000000000000,1800.000000000000000,900.000000000000000,,900.000000000000000,1800.000000000000000,1800.000000000000000,900.000000000000000,2700.000000000000000,5400.000000000000000,9408.000000000000000,3136.000000000000000,20175,SEWARD
402484,449309,2017500036500001006,36750.188765922946914,,7200.000000000000000,,,,,,,,,900.000000000000000,900.000000000000000,,,,20175,SEWARD
402485,449315,2017500033080001007,31634.751354149375402,900.000000000000000,900.000000000000000,,,900.000000000000000,,,,,1800.000000000000000,,2700.000000000000000,900.000000000000000,,3136.000000000000000,20175,SEWARD
402486,449318,2017500003450001006,33041.326515354223375,29700.000000000000000,,,32400.000000000000000,,,,1800.000000000000000,28800.000000000000000,,30600.000000000000000,,,21952.000000000000000,,20175,SEWARD
1027839,1207101,2017520189770010002,46122.678693052032031,43200.000000000000000,42300.000000000000000,25200.000000000000000,42300.000000000000000,36000.000000000000000,39600.000000000000000,41400.000000000000000,29700.000000000000000,36900.000000000000000,28800.000000000000000,32400.000000000000000,27000.000000000000000,,31360.000000000000000,34496.000000000000000,20175,SEWARD
1027846,1207108,2017500008890002001,494937.373525455652270,489600.000000000000000,7200.000000000000000,5400.000000000000000,900.000000000000000,,,,,,,9000.000000000000000,900.000000000000000,,,,20175,SEWARD
1027874,1207162,2017500003670004001,30646.723405517688661,6300.000000000000000,2700.000000000000000,900.000000000000000,900.000000000000000,5400.000000000000000,,1800.000000000000000,,,,9000.000000000000000,,6300.000000000000000,,3136.000000000000000,20175,SEWARD
1027875,1207165,2017500005650001004,224504.870368734555086,2700.000000000000000,5400.000000000000000,2700.000000000000000,218700.000000000000000,13500.000000000000000,208800.000000000000000,,,212400.000000000000000,27900.000000000000000,213300.000000000000000,,216900.000000000000000,,,20175,SEWARD
1027876,1207167,2017500036150001003,508028.696104311151430,476100.000000000000000,2700.000000000000000,473400.000000000000000,2700.000000000000000,492300.000000000000000,,459900.000000000000000,89100.000000000000000,497700.000000000000000,900.000000000000000,481500.000000000000000,,480600.000000000000000,,426496.000000000000000,20175,SEWARD
1027877,1207169,2017500005880003001,25548.223541838255187,900.000000000000000,1800.000000000000000,2700.000000000000000,,11700.000000000000000,,,,,,,,,,,20175,SEWARD
1027878,1207170,2017500042260001001,20014.082435518652346,2700.000000000000000,13500.000000000000000,12600.000000000000000,18000.000000000000000,900.000000000000000,,,,18000.000000000000000,6300.000000000000000,16200.000000000000000,,,,,20175,SEWARD
1027879,1207171,2017500003660001001,506126.552266723709181,11700.000000000000000,504000.000000000000000,,497700.000000000000000,,499500.000000000000000,,487800.000000000000000,,495900.000000000000000,,492300.000000000000000,,470400.000000000000000,,20175,SEWARD
1027880,1207172,2017500003670002001,34752.715447795424552,,,,,900.000000000000000,,,,,,900.000000000000000,,1800.000000000000000,,,20175,SEWARD
1027881,1207173,2017500010210001002,875206.033141856896691,,,,,,,,,,,900.000000000000000,10800.000000000000000,9000.000000000000000,,420224.000000000000000,20175,SEWARD
1027882,1207174,2017500002600001003,297650.695209441997577,,,,274500.000000000000000,271800.000000000000000,,,6300.000000000000000,,,,1800.000000000000000,,,,20175,SEWARD
1027883,1207175,2017500040890001001,651118.723816045443527,,5400.000000000000000,1800.000000000000000,4500.000000000000000,7200.000000000000000,,,37800.000000000000000,1800.000000000000000,900.000000000000000,,,2700.000000000000000,,25088.000000000000000,20175,SEWARD
1027884,1207176,2017500039040003003,713538.922974781715311,27000.000000000000000,707400.000000000000000,696600.000000000000000,704700.000000000000000,696600.000000000000000,2700.000000000000000,653400.000000000000000,144900.000000000000000,60300.000000000000000,572400.000000000000000,18000.000000000000000,104400.000000000000000,713700.000000000000000,,652288.000000000000000,20175,SEWARD
1027885,1207177,2017500033510001001,559840.040995930088684,95400.000000000000000,6300.000000000000000,13500.000000000000000,9900.000000000000000,452700.000000000000000,,,900.000000000000000,54900.000000000000000,,,195300.000000000000000,900.000000000000000,,122304.000000000000000,20175,SEWARD
1027886,1207178,2017500003980001001,164076.949834883533185,3600.000000000000000,9900.000000000000000,,5400.000000000000000,4500.000000000000000,,,8100.000000000000000,,,,,,,,20175,SEWARD
1027887,1207179,2017500001310001004,31716.008148339300533,2700.000000000000000,4500.000000000000000,,5400.000000000000000,,,,2700.000000000000000,,4500.000000000000000,900.000000000000000,,5400.000000000000000,,,20175,SEWARD
1027888,1207180,2017500033450008001,329888.553851278673392,165600.000000000000000,282600.000000000000000,,7200.000000000000000,,,,,,,,1800.000000000000000,121500.000000000000000,,,20175,SEWARD
1027889,1207181,2017500038840001013,508758.139770707522985,,498600.000000000000000,496800.000000000000000,900.000000000000000,,477900.000000000000000,492300.000000000000000,,,498600.000000000000000,487800.000000000000000,,,464128.000000000000000,464128.000000000000000,20175,SEWARD
1027890,1207182,2017500040770001001,632312.787165621295571,501300.000000000000000,296100.000000000000000,490500.000000000000000,501300.000000000000000,495900.000000000000000,406800.000000000000000,,,498600.000000000000000,,,,,78400.000000000000000,,20175,SEWARD
1027891,1207184,2017500009150003002,403671.152309327735566,18000.000000000000000,27900.000000000000000,,1800.000000000000000,,1800.000000000000000,,,900.000000000000000,12600.000000000000000,,,9000.000000000000000,3136.000000000000000,,20175,SEWARD
1027892,1207185,2017500007140001002,510449.085716572531965,900.000000000000000,110700.000000000000000,900.000000000000000,5400.000000000000000,,390600.000000000000000,8100.000000000000000,900.000000000000000,482400.000000000000000,,473400.000000000000000,,494100.000000000000000,,,20175,SEWARD
1027893,1207188,2017500035280001001,92991.540533018429414,,,,,,,,,,,,23400.000000000000000,,,3136.000000000000000,20175,SEWARD
1027894,1207190,2017500035120001006,386774.237572113110218,900.000000000000000,366300.000000000000000,5400.000000000000000,305100.000000000000000,,288000.000000000000000,,306900.000000000000000,,307800.000000000000000,229500.000000000000000,329400.000000000000000,239400.000000000000000,323008.000000000000000,288512.000000000000000,20175,SEWARD
1027895,1207192,2017500003660002001,35561.759890028944938,,1800.000000000000000,,2700.000000000000000,,900.000000000000000,,,,4500.000000000000000,,900.000000000000000,,3136.000000000000000,,20175,SEWARD
1027896,1207193,2017500003660003001,29288.474765807703079,900.000000000000000,900.000000000000000,,,,,,,,900.000000000000000,,,,,,20175,SEWARD
1027897,1207196,2017500041900001004,121963.332982899606577,900.000000000000000,38700.000000000000000,2700.000000000000000,18900.000000000000000,,,,,,,,,,,,20175,SEWARD
1027898,1207198,2017500033850001007,513542.486561589583289,495000.000000000000000,375300.000000000000000,21600.000000000000000,20700.000000000000000,,,,437400.000000000000000,488700.000000000000000,,,356400.000000000000000,482400.000000000000000,363776.000000000000000,482944.000000000000000,20175,SEWARD
1027899,1207199,2017500040450001005,489354.453926384041552,,,,13500.000000000000000,477000.000000000000000,,,900.000000000000000,145800.000000000000000,462600.000000000000000,,900.000000000000000,,385728.000000000000000,445312.000000000000000,20175,SEWARD
1027900,1207202,2017500001540001011,320241.276559896592516,144900.000000000000000,1800.000000000000000,2700.000000000000000,296100.000000000000000,2700.000000000000000,,,132300.000000000000000,,,,123300.000000000000000,900.000000000000000,6272.000000000000000,,20175,SEWARD
1027901,1207203,2017500038840001014,7242.589916895226452,,,,,,,,,,,900.000000000000000,,,,3136.000000000000000,20175,SEWARD
1027902,1207205,2017500003670001001,496980.712914565228857,491400.000000000000000,485100.000000000000000,483300.000000000000000,,491400.000000000000000,,488700.000000000000000,,470700.000000000000000,,484200.000000000000000,,492300.000000000000000,,476672.000000000000000,20175,SEWARD
1027903,1207207,2017500008540001002,485805.327680807327852,480600.000000000000000,43200.000000000000000,3600.000000000000000,476100.000000000000000,900.000000000000000,,8100.000000000000000,6300.000000000000000,15300.000000000000000,900.000000000000000,7200.000000000000000,35100.000000000000000,,439040.000000000000000,84672.000000000000000,20175,SEWARD
1027904,1207208,2017500006990010005,503984.025091586925555,499500.000000000000000,499500.000000000000000,495000.000000000000000,495000.000000000000000,497700.000000000000000,497700.000000000000000,211500.000000000000000,3600.000000000000000,498600.000000000000000,498600.000000000000000,493200.000000000000000,43200.000000000000000,499500.000000000000000,489216.000000000000000,479808.000000000000000,20175,SEWARD
1027905,1207210,2017500038440001008,458070.154497095034458,290700.000000000000000,11700.000000000000000,,442800.000000000000000,301500.000000000000000,,900.000000000000000,3600.000000000000000,,9000.000000000000000,,451800.000000000000000,454500.000000000000000,432768.000000000000000,435904.000000000000000,20175,SEWARD
1027906,1207213,2017500000450005002,505726.510772457637358,,273600.000000000000000,,486000.000000000000000,,439200.000000000000000,,477900.000000000000000,477000.000000000000000,,487800.000000000000000,,477000.000000000000000,,410816.000000000000000,20175,SEWARD
1047813,1229956,2017520189320004001,83022.690634175291052,24300.000000000000000,21600.000000000000000,20700.000000000000000,18900.000000000000000,25200.000000000000000,22500.000000000000000,28800.000000000000000,15300.000000000000000,16200.000000000000000,21600.000000000000000,28800.000000000000000,1800.000000000000000,900.000000000000000,,,20175,SEWARD
1047837,1229982,2017520189790021001,30449.415128644170181,,,,,,,,,,1800.000000000000000,,,900.000000000000000,,12544.000000000000000,20175,SEWARD
1047857,1230003,2017520189680002001,24289.916633432709204,,,,,,,,,,,,,,,,20175,SEWARD
1047898,1230044,2017520189620012001,10142.585777178406715,900.000000000000000,900.000000000000000,900.000000000000000,900.000000000000000,,,,,,900.000000000000000,900.000000000000000,,,,,20175,SEWARD
1047974,1230123,2017520189100004002,13619.398440960900189,,1800.000000000000000,,,,,,,,,,,,,,20175,SEWARD
1048033,1230185,2017500042470001002,32082.174920236342587,,12600.000000000000000,4500.000000000000000,8100.000000000000000,,900.000000000000000,900.000000000000000,1800.000000000000000,2700.000000000000000,,,7200.000000000000000,,9408.000000000000000,3136.000000000000000,20175,SEWARD
1048134,1230293,2017520189510001002,463860.715616802102886,462600.000000000000000,462600.000000000000000,459900.000000000000000,461700.000000000000000,461700.000000000000000,458100.000000000000000,460800.000000000000000,462600.000000000000000,462600.000000000000000,458100.000000000000000,452700.000000000000000,317700.000000000000000,459000.000000000000000,460992.000000000000000,401408.000000000000000,20175,SEWARD
1048214,1230375,2017520189180001003,126670.234050692626624,7200.000000000000000,900.000000000000000,,5400.000000000000000,,1800.000000000000000,,,,,6300.000000000000000,900.000000000000000,7200.000000000000000,3136.000000000000000,15680.000000000000000,20175,SEWARD
1048222,1230383,2017500040420003001,33547.366494973328372,1800.000000000000000,,,5400.000000000000000,6300.000000000000000,5400.000000000000000,,,,1800.000000000000000,4500.000000000000000,6300.000000000000000,3600.000000000000000,3136.000000000000000,3136.000000000000000,20175,SEWARD
1048223,1230384,2017500035960001001,35569.512275194894755,5400.000000000000000,31500.000000000000000,9900.000000000000000,24300.000000000000000,,,2700.000000000000000,4500.000000000000000,,900.000000000000000,900.000000000000000,1800.000000000000000,900.000000000000000,,,20175,SEWARD
1048224,1230385,2017500005070001001,140124.330555944325170,131400.000000000000000,900.000000000000000,130500.000000000000000,131400.000000000000000,,900.000000000000000,,,14400.000000000000000,126000.000000000000000,113400.000000000000000,119700.000000000000000,900.000000000000000,119168.000000000000000,,20175,SEWARD
1048225,1230386,2017500039070001001,162212.078127976652468,,,,,,,,,,,,,,,,20175,SEWARD
1048226,1230387,2017500003560001001,509402.848677503643557,498600.000000000000000,503100.000000000000000,501300.000000000000000,500400.000000000000000,495900.000000000000000,468900.000000000000000,504900.000000000000000,490500.000000000000000,492300.000000000000000,491400.000000000000000,475200.000000000000000,497700.000000000000000,487800.000000000000000,464128.000000000000000,464128.000000000000000,20175,SEWARD
1048227,1230388,2017500000980001001,132053.373355615418404,5400.000000000000000,6300.000000000000000,,900.000000000000000,900.000000000000000,,,,,,2700.000000000000000,,,,,20175,SEWARD
1048228,1230389,2017500000940004001,30122.277550689752388,,8100.000000000000000,,,1800.000000000000000,1800.000000000000000,1800.000000000000000,6300.000000000000000,5400.000000000000000,1800.000000000000000,5400.000000000000000,1800.000000000000000,6300.000000000000000,,3136.000000000000000,20175,SEWARD
1048229,1230390,2017500001260013001,30042.697088857774361,6300.000000000000000,,900.000000000000000,900.000000000000000,900.000000000000000,,,2700.000000000000000,4500.000000000000000,900.000000000000000,2700.000000000000000,,3600.000000000000000,3136.000000000000000,15680.000000000000000,20175,SEWARD
1048230,1230391,2017500001170009001,30295.486343109088921,900.000000000000000,1800.000000000000000,,,,2700.000000000000000,,,,900.000000000000000,5400.000000000000000,,,,3136.000000000000000,20175,SEWARD
1048231,1230392,2017500004010001001,507141.222211045038421,93600.000000000000000,384300.000000000000000,316800.000000000000000,377100.000000000000000,269100.000000000000000,270000.000000000000000,3600.000000000000000,,467100.000000000000000,486000.000000000000000,480600.000000000000000,482400.000000000000000,4500.000000000000000,454720.000000000000000,460992.000000000000000,20175,SEWARD
1048232,1230393,2017500004710003001,131014.167177999595879,101700.000000000000000,35100.000000000000000,64800.000000000000000,130500.000000000000000,,32400.000000000000000,27900.000000000000000,,36900.000000000000000,34200.000000000000000,33300.000000000000000,16200.000000000000000,29700.000000000000000,31360.000000000000000,72128.000000000000000,20175,SEWARD
1048234,1230395,2017500000160019001,31801.575130999179237,,,,,,,1800.000000000000000,1800.000000000000000,,6300.000000000000000,,2700.000000000000000,900.000000000000000,,,20175,SEWARD
1048235,1230396,2017500008880003001,31565.134493188739725,900.000000000000000,,900.000000000000000,1800.000000000000000,3600.000000000000000,,1800.000000000000000,1800.000000000000000,,2700.000000000000000,,4500.000000000000000,,,,20175,SEWARD
1048236,1230397,2017500040820004001,306857.724641205277294,288900.000000000000000,2700.000000000000000,,290700.000000000000000,900.000000000000000,,,,,,,,,,3136.000000000000000,20175,SEWARD
1048237,1230398,2017500008700001001,215538.453205437457655,2700.000000000000000,4500.000000000000000,900.000000000000000,,4500.000000000000000,,,,,7200.000000000000000,,,,28224.000000000000000,,20175,SEWARD
1048238,1230399,2017500006090001001,635848.571753650903702,51300.000000000000000,43200.000000000000000,39600.000000000000000,500400.000000000000000,900.000000000000000,4500.000000000000000,29700.000000000000000,,,,1800.000000000000000,,,,,20175,SEWARD
1048240,1230401,2017500041110004001,20394.556506646851631,,,,,,,,,,,,,,,,20175,SEWARD
1048241,1230402,2017500035890001002,462788.400045786635019,450000.000000000000000,455400.000000000000000,1800.000000000000000,447300.000000000000000,,900.000000000000000,425700.000000000000000,900.000000000000000,443700.000000000000000,450000.000000000000000,433800.000000000000000,37800.000000000000000,449100.000000000000000,426496.000000000000000,423360.000000000000000,20175,SEWARD
1048242,1230403,2017500009610002001,27079.627989192307723,6300.000000000000000,8100.000000000000000,3600.000000000000000,,,900.000000000000000,,4500.000000000000000,1800.000000000000000,,,3600.000000000000000,2700.000000000000000,,,20175,SEWARD
1048243,1230404,2017500002470004002,27896.833450919821189,,18000.000000000000000,26100.000000000000000,,900.000000000000000,20700.000000000000000,2700.000000000000000,,,3600.000000000000000,5400.000000000000000,,,15680.000000000000000,18816.000000000000000,20175,SEWARD
1048244,1230405,2017500003800004001,22440.820044599728135,1800.000000000000000,,,,,,,,,,,,,,,20175,SEWARD
1048245,1230406,2017500038480004001,41205.711225943639874,9900.000000000000000,9000.000000000000000,5400.000000000000000,7200.000000000000000,10800.000000000000000,6300.000000000000000,7200.000000000000000,9000.000000000000000,4500.000000000000000,900.000000000000000,9000.000000000000000,,14400.000000000000000,3136.000000000000000,6272.000000000000000,20175,SEWARD
1048246,1230407,2017500003890001001,42443.012389158422593,1800.000000000000000,8100.000000000000000,1800.000000000000000,3600.000000000000000,1800.000000000000000,900.000000000000000,,,3600.000000000000000,4500.000000000000000,1800.000000000000000,2700.000000000000000,2700.000000000000000,3136.000000000000000,,20175,SEWARD
1048247,1230408,2017500038650001002,86206.588743075990351,5400.000000000000000,900.000000000000000,,82800.000000000000000,1800.000000000000000,2700.000000000000000,,,1800.000000000000000,8100.000000000000000,900.000000000000000,5400.000000000000000,21600.000000000000000,,12544.000000000000000,20175,SEWARD
1048248,1230409,2017500042590004001,219983.148462486511562,9000.000000000000000,,,3600.000000000000000,,,,,2700.000000000000000,,1800.000000000000000,9000.000000000000000,,,,20175,SEWARD
1048249,1230410,2017500000550001001,314671.623530978453346,,,,,,,,,,,,,,,,20175,SEWARD
1048250,1230411,2017500000220001001,124270.471614439462428,119700.000000000000000,,900.000000000000000,,,,,,,,4500.000000000000000,900.000000000000000,,,,20175,SEWARD
1048251,1230412,2017500040460005001,33804.290776643239951,3600.000000000000000,,900.000000000000000,,5400.000000000000000,,,4500.000000000000000,4500.000000000000000,3600.000000000000000,6300.000000000000000,2700.000000000000000,1800.000000000000000,6272.000000000000000,9408.000000000000000,20175,SEWARD
1048252,1230413,2017500003330002001,17781.388926271603850,1800.000000000000000,4500.000000000000000,900.000000000000000,4500.000000000000000,1800.000000000000000,,1800.000000000000000,,1800.000000000000000,900.000000000000000,9900.000000000000000,,,,,20175,SEWARD
1048253,1230414,2017500004730005001,121365.156997635203879,117900.000000000000000,2700.000000000000000,4500.000000000000000,111600.000000000000000,4500.000000000000000,5400.000000000000000,,,6300.000000000000000,900.000000000000000,8100.000000000000000,1800.000000000000000,900.000000000000000,,31360.000000000000000,20175,SEWARD
1048254,1230415,2017500009800001001,34799.260048897820525,6300.000000000000000,20700.000000000000000,4500.000000000000000,900.000000000000000,900.000000000000000,23400.000000000000000,,,,,,,,,,20175,SEWARD
1048255,1230416,2017500007580001001,110751.899606280145235,39600.000000000000000,3600.000000000000000,,,74700.000000000000000,900.000000000000000,,3600.000000000000000,73800.000000000000000,9900.000000000000000,,79200.000000000000000,,56448.000000000000000,,20175,SEWARD
1048256,1230417,2017500001150011001,57055.822425718055456,900.000000000000000,,,,900.000000000000000,900.000000000000000,,900.000000000000000,2700.000000000000000,2700.000000000000000,6300.000000000000000,8100.000000000000000,3600.000000000000000,9408.000000000000000,6272.000000000000000,20175,SEWARD
1048257,1230418,2017500008860001001,55247.928993110086594,,,,,,,,,,,,,,,,20175,SEWARD
1048258,1230419,2017500003060001001,977835.894916720688343,900.000000000000000,,,900.000000000000000,2700.000000000000000,,,900.000000000000000,,1800.000000000000000,1800.000000000000000,,1800.000000000000000,,34496.000000000000000,20175,SEWARD
1048259,1230421,2017500042290003001,41233.990330832340987,,,900.000000000000000,,,,,,,,,900.000000000000000,,,,20175,SEWARD
1048260,1230422,2017500004360005001,33641.657946140825516,4500.000000000000000,4500.000000000000000,2700.000000000000000,5400.000000000000000,5400.000000000000000,,,900.000000000000000,5400.000000000000000,1800.000000000000000,9900.000000000000000,5400.000000000000000,10800.000000000000000,6272.000000000000000,18816.000000000000000,20175,SEWARD
1048261,1230423,2017500003200033001,62365.214711519285629,1800.000000000000000,6300.000000000000000,,2700.000000000000000,,,,,900.000000000000000,,900.000000000000000,,,,,20175,SEWARD
1048262,1230424,2017500000800003001,156693.627169996412704,1800.000000000000000,,,900.000000000000000,,,900.000000000000000,,1800.000000000000000,,,,,,,20175,SEWARD
1048263,1230425,2017500007980001001,117665.208989004342584,67500.000000000000000,109800.000000000000000,79200.000000000000000,76500.000000000000000,76500.000000000000000,56700.000000000000000,9900.000000000000000,14400.000000000000000,12600.000000000000000,11700.000000000000000,92700.000000000000000,900.000000000000000,46800.000000000000000,90944.000000000000000,12544.000000000000000,20175,SEWARD
1048264,1230426,2017500039580017001,35351.093717390060192,1800.000000000000000,1800.000000000000000,3600.000000000000000,3600.000000000000000,7200.000000000000000,7200.000000000000000,3600.000000000000000,,4500.000000000000000,,12600.000000000000000,8100.000000000000000,,,,20175,SEWARD
1048265,1230427,2017500034840003001,127004.635469120548805,900.000000000000000,,,,,,,,900.000000000000000,,,,,,,20175,SEWARD
1048266,1230428,2017500033200001001,150087.685793315758929,1800.000000000000000,141300.000000000000000,,5400.000000000000000,,,,,,2700.000000000000000,11700.000000000000000,,11700.000000000000000,6272.000000000000000,25088.000000000000000,20175,SEWARD
1048267,1230429,2017500042840001001,317094.004783479846083,,,,,,,,,2700.000000000000000,,900.000000000000000,,,,6272.000000000000000,20175,SEWARD
1048268,1230430,2017500009130001001,39620.512318152628723,4500.000000000000000,,900.000000000000000,1800.000000000000000,,,,,,1800.000000000000000,,16200.000000000000000,,3136.000000000000000,12544.000000000000000,20175,SEWARD
1048269,1230431,2017500040950001001,515188.480330140620936,20700.000000000000000,488700.000000000000000,322200.000000000000000,,243000.000000000000000,189000.000000000000000,232200.000000000000000,241200.000000000000000,235800.000000000000000,489600.000000000000000,361800.000000000000000,224100.000000000000000,320400.000000000000000,,,20175,SEWARD
1048270,1230432,2017500012750001001,72902.874961857029120,,,,,,,,,,,,,,,,20175,SEWARD
1048271,1230433,2017500007270001001,32543.554771746297774,19800.000000000000000,21600.000000000000000,7200.000000000000000,,,,,1800.000000000000000,,,,4500.000000000000000,1800.000000000000000,15680.000000000000000,9408.000000000000000,20175,SEWARD
1048272,1230434,2017500039830003001,33673.184118586716068,900.000000000000000,1800.000000000000000,,900.000000000000000,,,,1800.000000000000000,5400.000000000000000,3600.000000000000000,900.000000000000000,6300.000000000000000,900.000000000000000,3136.000000000000000,,20175,SEWARD
1048273,1230435,2017500009620001001,25448.505763643250248,2700.000000000000000,,,1800.000000000000000,,,,900.000000000000000,1800.000000000000000,900.000000000000000,900.000000000000000,900.000000000000000,,,3136.000000000000000,20175,SEWARD
1048274,1230436,2017500000970001002,34267.996969155879924,4500.000000000000000,6300.000000000000000,,3600.000000000000000,,1800.000000000000000,900.000000000000000,1800.000000000000000,,,900.000000000000000,,,3136.000000000000000,,20175,SEWARD
1048275,1230437,2017500033310001001,513607.025976556818932,25200.000000000000000,24300.000000000000000,2700.000000000000000,18900.000000000000000,293400.000000000000000,,900.000000000000000,,,,356400.000000000000000,355500.000000000000000,1800.000000000000000,482944.000000000000000,72128.000000000000000,20175,SEWARD
1048276,1230438,2017500040430003001,34862.719207197951619,7200.000000000000000,10800.000000000000000,900.000000000000000,,,,9000.000000000000000,10800.000000000000000,1800.000000000000000,,3600.000000000000000,10800.000000000000000,4500.000000000000000,6272.000000000000000,,20175,SEWARD
1048277,1230439,2017500000830002001,336865.861901991593186,3600.000000000000000,,,900.000000000000000,2700.000000000000000,900.000000000000000,,,8100.000000000000000,,,1800.000000000000000,,,,20175,SEWARD
1048278,1230440,2017500009080001001,2488870.613045479636639,106200.000000000000000,25200.000000000000000,24300.000000000000000,63900.000000000000000,819000.000000000000000,23400.000000000000000,308700.000000000000000,945900.000000000000000,36000.000000000000000,351900.000000000000000,900.000000000000000,5400.000000000000000,280800.000000000000000,150528.000000000000000,291648.000000000000000,20175,SEWARD
1048279,1230441,2017500000160006001,30204.456461361525726,,900.000000000000000,1800.000000000000000,6300.000000000000000,1800.000000000000000,,,,,6300.000000000000000,900.000000000000000,2700.000000000000000,900.000000000000000,,,20175,SEWARD
1048280,1230442,2017500003450001001,38145.280415732602705,2700.000000000000000,5400.000000000000000,2700.000000000000000,3600.000000000000000,4500.000000000000000,,,7200.000000000000000,29700.000000000000000,,39600.000000000000000,1800.000000000000000,,9408.000000000000000,3136.000000000000000,20175,SEWARD
1048281,1230443,2017500037620001001,568536.634544564411044,207900.000000000000000,6300.000000000000000,900.000000000000000,499500.000000000000000,465300.000000000000000,408600.000000000000000,456300.000000000000000,457200.000000000000000,477000.000000000000000,465300.000000000000000,458100.000000000000000,491400.000000000000000,450900.000000000000000,,12544.000000000000000,20175,SEWARD
1048282,1230445,2017500042850002001,597368.741232964443043,132300.000000000000000,120600.000000000000000,63900.000000000000000,94500.000000000000000,9900.000000000000000,63000.000000000000000,16200.000000000000000,9900.000000000000000,37800.000000000000000,75600.000000000000000,22500.000000000000000,68400.000000000000000,53100.000000000000000,18816.000000000000000,257152.000000000000000,20175,SEWARD
1048283,1230446,2017500009820001003,33078.327568299791892,900.000000000000000,900.000000000000000,,6300.000000000000000,,900.000000000000000,,2700.000000000000000,17100.000000000000000,4500.000000000000000,,,8100.000000000000000,,,20175,SEWARD
1048284,1230447,2017500001840001002,32782.697093354348908,4500.000000000000000,24300.000000000000000,,4500.000000000000000,,,,900.000000000000000,6300.000000000000000,,,,2700.000000000000000,,6272.000000000000000,20175,SEWARD
1048285,1230448,2017500000470001001,641258.642530551762320,5400.000000000000000,900.000000000000000,900.000000000000000,1800.000000000000000,,,,,,,,,,,,20175,SEWARD
1048286,1230449,2017500003890001004,63655.313825106088188,2700.000000000000000,14400.000000000000000,1800.000000000000000,3600.000000000000000,900.000000000000000,900.000000000000000,,900.000000000000000,900.000000000000000,8100.000000000000000,15300.000000000000000,,11700.000000000000000,,6272.000000000000000,20175,SEWARD
1048287,1230450,2017500042810001001,27375.809096585839143,1800.000000000000000,3600.000000000000000,,900.000000000000000,2700.000000000000000,,1800.000000000000000,2700.000000000000000,900.000000000000000,1800.000000000000000,1800.000000000000000,3600.000000000000000,10800.000000000000000,3136.000000000000000,12544.000000000000000,20175,SEWARD
1048288,1230451,2017500003250011001,67812.122963189889560,5400.000000000000000,5400.000000000000000,6300.000000000000000,5400.000000000000000,3600.000000000000000,3600.000000000000000,3600.000000000000000,5400.000000000000000,2700.000000000000000,5400.000000000000000,9000.000000000000000,4500.000000000000000,7200.000000000000000,3136.000000000000000,28224.000000000000000,20175,SEWARD
1048289,1230452,2017500007020002002,524205.174287563713733,24300.000000000000000,8100.000000000000000,2700.000000000000000,4500.000000000000000,24300.000000000000000,2700.000000000000000,2700.000000000000000,,,1800.000000000000000,,,20700.000000000000000,,,20175,SEWARD
1048290,1230453,2017500009770009001,32417.057421308756602,900.000000000000000,2700.000000000000000,1800.000000000000000,1800.000000000000000,3600.000000000000000,2700.000000000000000,1800.000000000000000,900.000000000000000,1800.000000000000000,1800.000000000000000,7200.000000000000000,2700.000000000000000,5400.000000000000000,6272.000000000000000,,20175,SEWARD
1048291,1230454,2017500039830005001,34305.138538761952077,,,,900.000000000000000,,,,,900.000000000000000,4500.000000000000000,3600.000000000000000,1800.000000000000000,4500.000000000000000,,,20175,SEWARD
1048292,1230455,2017500040450005001,34234.890169843856711,900.000000000000000,,,1800.000000000000000,8100.000000000000000,,,900.000000000000000,5400.000000000000000,2700.000000000000000,,,,3136.000000000000000,6272.000000000000000,20175,SEWARD
1048293,1230456,2017500039730007001,35871.285882492236851,2700.000000000000000,,,900.000000000000000,1800.000000000000000,,,1800.000000000000000,,1800.000000000000000,,1800.000000000000000,,6272.000000000000000,,20175,SEWARD
1048294,1230457,2017500037860007001,31068.190969195904472,1800.000000000000000,,,1800.000000000000000,5400.000000000000000,,,,,,3600.000000000000000,900.000000000000000,5400.000000000000000,,6272.000000000000000,20175,SEWARD
1048295,1230458,2017500042840001002,308947.652224791119806,,1800.000000000000000,,,,1800.000000000000000,,,,,,,,,,20175,SEWARD
1048296,1230459,2017500000090004001,34933.208786825111019,,,,,,,,,900.000000000000000,,,,1800.000000000000000,,,20175,SEWARD
1048297,1230460,2017500041020005001,365218.853230338892899,56700.000000000000000,167400.000000000000000,129600.000000000000000,135900.000000000000000,15300.000000000000000,10800.000000000000000,7200.000000000000000,125100.000000000000000,138600.000000000000000,132300.000000000000000,27000.000000000000000,114300.000000000000000,125100.000000000000000,122304.000000000000000,,20175,SEWARD
1048298,1230462,2017500005800001001,316184.391706263297237,,18000.000000000000000,1800.000000000000000,900.000000000000000,2700.000000000000000,,,,900.000000000000000,4500.000000000000000,,3600.000000000000000,,,,20175,SEWARD
1048299,1230463,2017500038650002001,34695.787822768907063,,900.000000000000000,,18900.000000000000000,,900.000000000000000,,,,,2700.000000000000000,4500.000000000000000,6300.000000000000000,3136.000000000000000,15680.000000000000000,20175,SEWARD
1048300,1230464,2017500007340004001,338253.172069506021217,,293400.000000000000000,,330300.000000000000000,2700.000000000000000,,297000.000000000000000,900.000000000000000,121500.000000000000000,304200.000000000000000,95400.000000000000000,15300.000000000000000,33300.000000000000000,,18816.000000000000000,20175,SEWARD
1048301,1230465,2017500001540001003,56380.290049876784906,51300.000000000000000,,,6300.000000000000000,,,,,,5400.000000000000000,5400.000000000000000,2700.000000000000000,,,15680.000000000000000,20175,SEWARD
1048302,1230466,2017500002480001001,1267525.557191669708118,544500.000000000000000,11700.000000000000000,41400.000000000000000,247500.000000000000000,616500.000000000000000,235800.000000000000000,,24300.000000000000000,,1800.000000000000000,3600.000000000000000,,900.000000000000000,,12544.000000000000000,20175,SEWARD
1048303,1230467,2017500003900001001,33190.273080013852450,30600.000000000000000,,,31500.000000000000000,4500.000000000000000,,,,,,,1800.000000000000000,18000.000000000000000,3136.000000000000000,,20175,SEWARD
1048304,1230468,2017500040820001001,625676.432079060468823,598500.000000000000000,,1800.000000000000000,900.000000000000000,,,,,,,,,,,,20175,SEWARD
1048305,1230469,2017500041530002001,31435.014440585840930,,900.000000000000000,1800.000000000000000,900.000000000000000,,,900.000000000000000,,900.000000000000000,,,3600.000000000000000,1800.000000000000000,,3136.000000000000000,20175,SEWARD
1048306,1230470,2017500003900002001,260571.854279666120419,258300.000000000000000,257400.000000000000000,258300.000000000000000,258300.000000000000000,257400.000000000000000,257400.000000000000000,256500.000000000000000,255600.000000000000000,,,256500.000000000000000,255600.000000000000000,,,266560.000000000000000,20175,SEWARD
1048307,1230472,2017500039260001001,519892.860362820967566,1800.000000000000000,,,,,,,,,,,,,,,20175,SEWARD
1048308,1230474,2017500002890001002,31737.424436995715951,7200.000000000000000,29700.000000000000000,2700.000000000000000,5400.000000000000000,29700.000000000000000,,900.000000000000000,5400.000000000000000,28800.000000000000000,7200.000000000000000,28800.000000000000000,2700.000000000000000,2700.000000000000000,3136.000000000000000,12544.000000000000000,20175,SEWARD
1048309,1230475,2017500003240005005,24707.493949597537721,,,,,,,,,2700.000000000000000,,,,,,,20175,SEWARD
1048310,1230476,2017500040690002001,98537.146038001577836,9000.000000000000000,18000.000000000000000,8100.000000000000000,89100.000000000000000,1800.000000000000000,,,,9000.000000000000000,6300.000000000000000,1800.000000000000000,2700.000000000000000,4500.000000000000000,,,20175,SEWARD
1048311,1230477,2017500006300003001,304705.761053987313062,,,,,,,,,,,,,,,,20175,SEWARD
1048312,1230478,2017500004250006001,32700.091142908069742,2700.000000000000000,900.000000000000000,2700.000000000000000,,6300.000000000000000,3600.000000000000000,,1800.000000000000000,,4500.000000000000000,8100.000000000000000,9000.000000000000000,,,,20175,SEWARD
1048313,1230479,2017500038980001001,836497.485678823664784,186300.000000000000000,493200.000000000000000,,10800.000000000000000,214200.000000000000000,377100.000000000000000,900.000000000000000,900.000000000000000,189900.000000000000000,183600.000000000000000,183600.000000000000000,4500.000000000000000,5400.000000000000000,,,20175,SEWARD
1048314,1230480,2017500040300001001,29386.223684662891174,,,,,,,,,,,,,,,,20175,SEWARD
1048315,1230481,2017500004330006001,80470.422720709189889,25200.000000000000000,4500.000000000000000,17100.000000000000000,3600.000000000000000,21600.000000000000000,31500.000000000000000,2700.000000000000000,1800.000000000000000,2700.000000000000000,6300.000000000000000,4500.000000000000000,9900.000000000000000,4500.000000000000000,6272.000000000000000,3136.000000000000000,20175,SEWARD
1048316,1230482,2017500033490001001,242793.259477558225626,234900.000000000000000,2700.000000000000000,225000.000000000000000,16200.000000000000000,225000.000000000000000,,216000.000000000000000,,215100.000000000000000,,228600.000000000000000,,224100.000000000000000,,,20175,SEWARD
1048317,1230484,2017500003200006001,29804.408650331970421,2700.000000000000000,,,2700.000000000000000,,,,,,,2700.000000000000000,,,,,20175,SEWARD
1048318,1230485,2017500002290004001,31593.885423846815684,27900.000000000000000,,,,5400.000000000000000,,900.000000000000000,,,,7200.000000000000000,,7200.000000000000000,3136.000000000000000,,20175,SEWARD
1048319,1230486,2017500000040001001,30518.521892575765378,,1800.000000000000000,900.000000000000000,900.000000000000000,1800.000000000000000,,,,,9000.000000000000000,900.000000000000000,5400.000000000000000,1800.000000000000000,,,20175,SEWARD
1048320,1230487,2017500001370001003,525164.119916314724833,,500400.000000000000000,900.000000000000000,495900.000000000000000,,495000.000000000000000,,490500.000000000000000,489600.000000000000000,,490500.000000000000000,7200.000000000000000,502200.000000000000000,,464128.000000000000000,20175,SEWARD
1048321,1230488,2017500008860002001,45884.281243933226506,,,,,,,,,,,,,,,,20175,SEWARD
1048322,1230490,2017500042310009001,490832.197080677608028,477900.000000000000000,490500.000000000000000,452700.000000000000000,489600.000000000000000,443700.000000000000000,14400.000000000000000,450900.000000000000000,488700.000000000000000,488700.000000000000000,486900.000000000000000,478800.000000000000000,489600.000000000000000,478800.000000000000000,489216.000000000000000,429632.000000000000000,20175,SEWARD
1048323,1230491,2017500004610001002,499702.993918406951707,498600.000000000000000,492300.000000000000000,493200.000000000000000,499500.000000000000000,484200.000000000000000,475200.000000000000000,476100.000000000000000,490500.000000000000000,,488700.000000000000000,477000.000000000000000,476100.000000000000000,478800.000000000000000,442176.000000000000000,460992.000000000000000,20175,SEWARD
1048324,1230492,2017500004910002001,530779.909275373909622,,1800.000000000000000,1800.000000000000000,,498600.000000000000000,489600.000000000000000,473400.000000000000000,502200.000000000000000,504900.000000000000000,501300.000000000000000,498600.000000000000000,485100.000000000000000,506700.000000000000000,,473536.000000000000000,20175,SEWARD
1048325,1230493,2017500035360001001,243979.400959901162423,233100.000000000000000,243000.000000000000000,,236700.000000000000000,242100.000000000000000,221400.000000000000000,225900.000000000000000,240300.000000000000000,231300.000000000000000,27000.000000000000000,236700.000000000000000,82800.000000000000000,237600.000000000000000,213248.000000000000000,225792.000000000000000,20175,SEWARD
1048326,1230494,2017500005010005001,1023332.728525315993465,27900.000000000000000,32400.000000000000000,9000.000000000000000,8100.000000000000000,1800.000000000000000,21600.000000000000000,,,,,10800.000000000000000,88200.000000000000000,,,,20175,SEWARD
1048327,1230495,2017500008930001001,459539.625209982390516,,,,,,,,,,,,,,,,20175,SEWARD
1048328,1230496,2017500003240001002,214822.686459157674108,,3600.000000000000000,,,,,900.000000000000000,26100.000000000000000,,,900.000000000000000,,3600.000000000000000,6272.000000000000000,,20175,SEWARD
1048329,1230497,2017500004710013001,119998.809306572336936,17100.000000000000000,111600.000000000000000,10800.000000000000000,115200.000000000000000,,5400.000000000000000,2700.000000000000000,1800.000000000000000,,,900.000000000000000,8100.000000000000000,3600.000000000000000,6272.000000000000000,,20175,SEWARD
1048330,1230498,2017500002860001001,106636.808534016949125,,100800.000000000000000,,105300.000000000000000,,,,,1800.000000000000000,,22500.000000000000000,,,,,20175,SEWARD
1048331,1230499,2017500039890008001,34244.940391673502745,4500.000000000000000,5400.000000000000000,,4500.000000000000000,6300.000000000000000,3600.000000000000000,5400.000000000000000,900.000000000000000,2700.000000000000000,9900.000000000000000,5400.000000000000000,6300.000000000000000,1800.000000000000000,,9408.000000000000000,20175,SEWARD
1048332,1230500,2017500008890005001,36338.214605887267680,,,900.000000000000000,,,,,,,,900.000000000000000,,,,,20175,SEWARD
1048333,1230501,2017500035970001001,123645.357807480788324,19800.000000000000000,102600.000000000000000,,108000.000000000000000,,61200.000000000000000,56700.000000000000000,63000.000000000000000,42300.000000000000000,63900.000000000000000,72000.000000000000000,,73800.000000000000000,50176.000000000000000,25088.000000000000000,20175,SEWARD
1048334,1230502,2017500001040005001,31428.070218857381406,9000.000000000000000,9000.000000000000000,4500.000000000000000,9000.000000000000000,,,9000.000000000000000,6300.000000000000000,1800.000000000000000,9900.000000000000000,13500.000000000000000,8100.000000000000000,7200.000000000000000,,6272.000000000000000,20175,SEWARD
1048335,1230503,2017500002460001002,30637.390347779630247,900.000000000000000,22500.000000000000000,27000.000000000000000,900.000000000000000,1800.000000000000000,30600.000000000000000,,,3600.000000000000000,1800.000000000000000,,3600.000000000000000,900.000000000000000,,18816.000000000000000,20175,SEWARD
1048336,1230504,2017500009100001002,346842.401478053943720,19800.000000000000000,1800.000000000000000,2700.000000000000000,26100.000000000000000,3600.000000000000000,900.000000000000000,1800.000000000000000,5400.000000000000000,3600.000000000000000,,2700.000000000000000,2700.000000000000000,1800.000000000000000,3136.000000000000000,3136.000000000000000,20175,SEWARD
1048337,1230505,2017500000300001001,164182.420509552379372,3600.000000000000000,152100.000000000000000,108000.000000000000000,3600.000000000000000,11700.000000000000000,,900.000000000000000,8100.000000000000000,2700.000000000000000,1800.000000000000000,156600.000000000000000,,,,,20175,SEWARD
1048338,1230506,2017500006350001002,216244.089796920190565,165600.000000000000000,176400.000000000000000,166500.000000000000000,171900.000000000000000,162000.000000000000000,137700.000000000000000,138600.000000000000000,146700.000000000000000,134100.000000000000000,45900.000000000000000,6300.000000000000000,17100.000000000000000,3600.000000000000000,,,20175,SEWARD
1048339,1230507,2017500039890005001,46359.423729476606240,3600.000000000000000,3600.000000000000000,1800.000000000000000,2700.000000000000000,2700.000000000000000,,900.000000000000000,1800.000000000000000,900.000000000000000,4500.000000000000000,4500.000000000000000,9900.000000000000000,4500.000000000000000,,,20175,SEWARD
1048340,1230508,2017500039350002001,499424.556809706671629,494100.000000000000000,492300.000000000000000,484200.000000000000000,493200.000000000000000,493200.000000000000000,491400.000000000000000,7200.000000000000000,485100.000000000000000,291600.000000000000000,489600.000000000000000,487800.000000000000000,493200.000000000000000,21600.000000000000000,486080.000000000000000,454720.000000000000000,20175,SEWARD
1048341,1230509,2017500002230007001,33948.873683501755295,7200.000000000000000,,1800.000000000000000,,3600.000000000000000,,1800.000000000000000,,2700.000000000000000,,9000.000000000000000,,7200.000000000000000,,12544.000000000000000,20175,SEWARD
1048342,1230510,2017500000220006002,61402.434189358136791,2700.000000000000000,,,,,900.000000000000000,900.000000000000000,,900.000000000000000,,,7200.000000000000000,,,,20175,SEWARD
1048343,1230511,2017500035190001001,290749.329500438005198,32400.000000000000000,33300.000000000000000,900.000000000000000,3600.000000000000000,900.000000000000000,6300.000000000000000,3600.000000000000000,3600.000000000000000,,,900.000000000000000,,3600.000000000000000,,,20175,SEWARD
1048344,1230512,2017500000940016001,5169.605085233008140,900.000000000000000,900.000000000000000,900.000000000000000,900.000000000000000,900.000000000000000,,,,,,,,,,,20175,SEWARD
1048345,1230513,2017500008100001001,226715.182980384182883,1800.000000000000000,,,5400.000000000000000,,,,1800.000000000000000,900.000000000000000,,,,4500.000000000000000,,,20175,SEWARD
1048346,1230514,2017500003080001004,23363.294115481996414,,,,1800.000000000000000,,,,,4500.000000000000000,,1800.000000000000000,,,12544.000000000000000,,20175,SEWARD
1048347,1230515,2017500002240002001,25394.480471320581273,900.000000000000000,,,,,,,,,,2700.000000000000000,,,3136.000000000000000,,20175,SEWARD
1048348,1230516,2017500033320007001,31737.291142083606246,3600.000000000000000,3600.000000000000000,900.000000000000000,900.000000000000000,900.000000000000000,,900.000000000000000,,900.000000000000000,,,,,,9408.000000000000000,20175,SEWARD
1048349,1230517,2017500004400001001,1254952.366244291421026,1030500.000000000000000,1054800.000000000000000,990000.000000000000000,1050300.000000000000000,1013400.000000000000000,976500.000000000000000,4500.000000000000000,1184400.000000000000000,1215000.000000000000000,1219500.000000000000000,1219500.000000000000000,1220400.000000000000000,1226700.000000000000000,1176000.000000000000000,1182272.000000000000000,20175,SEWARD
1048350,1230518,2017500042430001001,106195.478379106629291,,1800.000000000000000,,3600.000000000000000,,,,,9900.000000000000000,,1800.000000000000000,,900.000000000000000,,,20175,SEWARD
1048351,1230519,2017500009130004001,33179.881558613182278,900.000000000000000,,,,,,,,1800.000000000000000,,,900.000000000000000,,3136.000000000000000,,20175,SEWARD
1048352,1230520,2017500009690004001,50212.484308359737042,5400.000000000000000,,900.000000000000000,,2700.000000000000000,,,900.000000000000000,,1800.000000000000000,1800.000000000000000,,7200.000000000000000,,,20175,SEWARD
1048353,1230521,2017500042460001001,25416.805617469850404,9900.000000000000000,900.000000000000000,,13500.000000000000000,3600.000000000000000,,,,,,,,,,,20175,SEWARD
1048354,1230522,2017500009600001002,225287.575760324834846,7200.000000000000000,3600.000000000000000,,53100.000000000000000,11700.000000000000000,11700.000000000000000,900.000000000000000,1800.000000000000000,,4500.000000000000000,7200.000000000000000,,76500.000000000000000,,,20175,SEWARD
1048355,1230523,2017500008920002001,412788.378085327451117,4500.000000000000000,900.000000000000000,,,,,,,,,,,,,,20175,SEWARD
1048356,1230524,2017500004730005002,495702.369469030643813,495000.000000000000000,494100.000000000000000,2700.000000000000000,494100.000000000000000,490500.000000000000000,494100.000000000000000,13500.000000000000000,477900.000000000000000,488700.000000000000000,311400.000000000000000,487800.000000000000000,485100.000000000000000,46800.000000000000000,448448.000000000000000,470400.000000000000000,20175,SEWARD
1048357,1230525,2017500004330001002,496385.988923216587864,487800.000000000000000,80100.000000000000000,159300.000000000000000,900.000000000000000,27900.000000000000000,476100.000000000000000,2700.000000000000000,480600.000000000000000,,245700.000000000000000,45900.000000000000000,1800.000000000000000,478800.000000000000000,21952.000000000000000,464128.000000000000000,20175,SEWARD
1048358,1230526,2017500005450002001,211227.184411809750600,100800.000000000000000,18000.000000000000000,900.000000000000000,17100.000000000000000,1800.000000000000000,,,,,900.000000000000000,,2700.000000000000000,,,,20175,SEWARD
1048359,1230527,2017500040450001003,33489.249000982032157,,,1800.000000000000000,2700.000000000000000,1800.000000000000000,,,,900.000000000000000,,,,,,,20175,SEWARD
1048360,1230528,2017500038600002001,487564.080290292273276,,,,,,90900.000000000000000,,18000.000000000000000,,17100.000000000000000,26100.000000000000000,900.000000000000000,,,,20175,SEWARD
1048361,1230529,2017500041930001002,26953.642944765972061,19800.000000000000000,26100.000000000000000,16200.000000000000000,18000.000000000000000,7200.000000000000000,,,,9900.000000000000000,2700.000000000000000,7200.000000000000000,8100.000000000000000,7200.000000000000000,9408.000000000000000,9408.000000000000000,20175,SEWARD
1048362,1230530,2017500000140001001,156952.911512386344839,3600.000000000000000,900.000000000000000,,,4500.000000000000000,,,,,,6300.000000000000000,,,,9408.000000000000000,20175,SEWARD
1048363,1230531,2017500000220001002,350638.225521999120247,314100.000000000000000,,,,,,,,,,315900.000000000000000,306900.000000000000000,,,,20175,SEWARD
1048364,1230533,2017500000090008001,33891.105490499241569,,2700.000000000000000,900.000000000000000,,,900.000000000000000,,,,1800.000000000000000,900.000000000000000,5400.000000000000000,,,18816.000000000000000,20175,SEWARD
1048365,1230534,2017500003470001002,593155.849961096188053,,541800.000000000000000,500400.000000000000000,197100.000000000000000,,3600.000000000000000,484200.000000000000000,1800.000000000000000,54000.000000000000000,512100.000000000000000,53100.000000000000000,1800.000000000000000,247500.000000000000000,31360.000000000000000,504896.000000000000000,20175,SEWARD
1048366,1230535,2017500002140001001,634249.722322834306397,579600.000000000000000,600300.000000000000000,592200.000000000000000,3600.000000000000000,17100.000000000000000,1800.000000000000000,,900.000000000000000,1800.000000000000000,5400.000000000000000,2700.000000000000000,18000.000000000000000,12600.000000000000000,,6272.000000000000000,20175,SEWARD
1048367,1230537,2017500003710001005,133211.601841199764749,129600.000000000000000,3600.000000000000000,,127800.000000000000000,115200.000000000000000,,,,,,,1800.000000000000000,1800.000000000000000,,25088.000000000000000,20175,SEWARD
1048368,1230538,2017500033380001002,38002.983529689670831,27900.000000000000000,900.000000000000000,,1800.000000000000000,7200.000000000000000,,,1800.000000000000000,12600.000000000000000,2700.000000000000000,1800.000000000000000,,,,,20175,SEWARD
1048369,1230539,2017500004330027001,30453.338226522730110,,,,900.000000000000000,,,900.000000000000000,,,900.000000000000000,,,,,,20175,SEWARD
1048370,1230541,2017500037620001002,35188.550118403429224,2700.000000000000000,9000.000000000000000,5400.000000000000000,3600.000000000000000,13500.000000000000000,15300.000000000000000,8100.000000000000000,6300.000000000000000,20700.000000000000000,11700.000000000000000,9900.000000000000000,6300.000000000000000,1800.000000000000000,,,20175,SEWARD
1048371,1230542,2017500033480001003,289410.926524975628126,7200.000000000000000,278100.000000000000000,5400.000000000000000,261900.000000000000000,274500.000000000000000,265500.000000000000000,,271800.000000000000000,,264600.000000000000000,,275400.000000000000000,,,,20175,SEWARD
1048372,1230543,2017500002370006001,34145.551306178327650,,,,,,,,,,,,,2700.000000000000000,,,20175,SEWARD
1048373,1230544,2017500012050002001,112538.892591707466636,,,,,,,,,,,900.000000000000000,,,,,20175,SEWARD
1048374,1230545,2017500000870009001,32554.936933076431160,8100.000000000000000,8100.000000000000000,3600.000000000000000,7200.000000000000000,3600.000000000000000,2700.000000000000000,900.000000000000000,1800.000000000000000,3600.000000000000000,1800.000000000000000,4500.000000000000000,11700.000000000000000,7200.000000000000000,6272.000000000000000,,20175,SEWARD
1048375,1230546,2017500041250002001,27718.317750039950624,900.000000000000000,900.000000000000000,,5400.000000000000000,,,2700.000000000000000,,,,,,,,,20175,SEWARD
1048376,1230547,2017500003300001002,213730.031129763839999,,202500.000000000000000,3600.000000000000000,,,,,3600.000000000000000,,,51300.000000000000000,,,,,20175,SEWARD
1048377,1230548,2017500010010001001,646675.240343748475425,567900.000000000000000,1800.000000000000000,1800.000000000000000,46800.000000000000000,1800.000000000000000,,,8100.000000000000000,6300.000000000000000,,900.000000000000000,3600.000000000000000,4500.000000000000000,,,20175,SEWARD
1048378,1230549,2017500001170012001,29623.261609317210969,,,,,,,,,,,900.000000000000000,,,,,20175,SEWARD
1048379,1230550,2017500041790001002,500629.362038528721314,492300.000000000000000,492300.000000000000000,43200.000000000000000,495000.000000000000000,489600.000000000000000,471600.000000000000000,477000.000000000000000,470700.000000000000000,,494100.000000000000000,478800.000000000000000,,486000.000000000000000,451584.000000000000000,28224.000000000000000,20175,SEWARD
1048380,1230551,2017500042110001001,1239251.436089355964214,10800.000000000000000,,,,1800.000000000000000,,,,,2700.000000000000000,,900.000000000000000,200700.000000000000000,,,20175,SEWARD
1048381,1230552,2017500005760001002,393220.283068855351303,900.000000000000000,1800.000000000000000,,,900.000000000000000,,,,,,,,42300.000000000000000,12544.000000000000000,,20175,SEWARD
1048382,1230553,2017500001650002001,161296.292672289389884,,,,,,,,,,,,,,,,20175,SEWARD
1048383,1230554,2017500000710001002,365428.775475385016762,9000.000000000000000,3600.000000000000000,,3600.000000000000000,291600.000000000000000,9000.000000000000000,3600.000000000000000,900.000000000000000,,,257400.000000000000000,,,,18816.000000000000000,20175,SEWARD
1048384,1230555,2017500033320001001,513092.784455315733794,500400.000000000000000,496800.000000000000000,493200.000000000000000,480600.000000000000000,492300.000000000000000,474300.000000000000000,483300.000000000000000,477000.000000000000000,478800.000000000000000,495900.000000000000000,479700.000000000000000,477900.000000000000000,477900.000000000000000,,486080.000000000000000,20175,SEWARD
1048385,1230556,2017500003820001001,1304335.069256778340787,3600.000000000000000,4500.000000000000000,900.000000000000000,,3600.000000000000000,,,1800.000000000000000,,900.000000000000000,2700.000000000000000,1800.000000000000000,2700.000000000000000,9408.000000000000000,15680.000000000000000,20175,SEWARD
1048386,1230557,2017500009050001005,33831.686380368773825,5400.000000000000000,22500.000000000000000,,2700.000000000000000,,,7200.000000000000000,900.000000000000000,,,,,,,,20175,SEWARD
1048387,1230558,2017500007270004001,25249.524237850902864,23400.000000000000000,23400.000000000000000,18900.000000000000000,,3600.000000000000000,,,900.000000000000000,,2700.000000000000000,,13500.000000000000000,18000.000000000000000,9408.000000000000000,15680.000000000000000,20175,SEWARD
1048388,1230559,2017500000940005001,21980.112825171410805,900.000000000000000,,,,,,,900.000000000000000,900.000000000000000,13500.000000000000000,,,1800.000000000000000,,,20175,SEWARD
1048389,1230560,2017500002940004002,37657.285384736183914,34200.000000000000000,6300.000000000000000,4500.000000000000000,35100.000000000000000,36000.000000000000000,2700.000000000000000,6300.000000000000000,9000.000000000000000,7200.000000000000000,4500.000000000000000,9900.000000000000000,25200.000000000000000,,6272.000000000000000,,20175,SEWARD
1048390,1230561,2017500042120004001,147475.891316880501108,8100.000000000000000,,,4500.000000000000000,,,,,,,,,,,,20175,SEWARD
1048391,1230562,2017500004230003002,29791.381095237575209,2700.000000000000000,,,900.000000000000000,,,,,,,,,,,3136.000000000000000,20175,SEWARD
1048392,1230563,2017500008260001002,125391.292007279247628,,123300.000000000000000,120600.000000000000000,900.000000000000000,124200.000000000000000,118800.000000000000000,12600.000000000000000,124200.000000000000000,21600.000000000000000,123300.000000000000000,9000.000000000000000,117000.000000000000000,123300.000000000000000,119168.000000000000000,12544.000000000000000,20175,SEWARD
1048393,1230564,2017500033800001001,578240.978848609142005,540900.000000000000000,,900.000000000000000,24300.000000000000000,,,,,,,3600.000000000000000,,,,,20175,SEWARD
1048394,1230565,2017500033850001004,516209.356405251310207,26100.000000000000000,9900.000000000000000,280800.000000000000000,9900.000000000000000,252900.000000000000000,446400.000000000000000,263700.000000000000000,21600.000000000000000,,350100.000000000000000,900.000000000000000,,7200.000000000000000,310464.000000000000000,344960.000000000000000,20175,SEWARD
1048395,1230566,2017500010260001001,358342.673846524849068,900.000000000000000,,,,,,,,,1800.000000000000000,,900.000000000000000,,,,20175,SEWARD
1048396,1230567,2017500038730001001,338213.442066598334350,1800.000000000000000,74700.000000000000000,,5400.000000000000000,900.000000000000000,,,,40500.000000000000000,,53100.000000000000000,,5400.000000000000000,9408.000000000000000,,20175,SEWARD
1048397,1230568,2017500001310001003,35800.380058431990619,4500.000000000000000,5400.000000000000000,2700.000000000000000,9900.000000000000000,3600.000000000000000,,,,900.000000000000000,5400.000000000000000,1800.000000000000000,900.000000000000000,5400.000000000000000,3136.000000000000000,,20175,SEWARD
1048398,1230569,2017500033640001003,32211.437570171707193,,34200.000000000000000,,900.000000000000000,3600.000000000000000,,900.000000000000000,,4500.000000000000000,,900.000000000000000,,,,,20175,SEWARD
1048399,1230570,2017500033170001001,35826.444368404794659,4500.000000000000000,,,1800.000000000000000,900.000000000000000,2700.000000000000000,,,9000.000000000000000,,,,2700.000000000000000,,,20175,SEWARD
1048400,1230571,2017500000180001002,396613.484563449048437,366300.000000000000000,11700.000000000000000,,391500.000000000000000,1800.000000000000000,,,,265500.000000000000000,12600.000000000000000,261000.000000000000000,323100.000000000000000,321300.000000000000000,,,20175,SEWARD
1048401,1230572,2017500003250001002,500646.512658490741160,488700.000000000000000,,,,483300.000000000000000,481500.000000000000000,479700.000000000000000,,475200.000000000000000,,2700.000000000000000,484200.000000000000000,900.000000000000000,473536.000000000000000,15680.000000000000000,20175,SEWARD
1048402,1230573,2017500003810001001,297524.005268636334222,4500.000000000000000,,,,,,,,,,,,,,,20175,SEWARD
1048404,1230575,2017500008520001003,25470.642153738324851,,,13500.000000000000000,,,900.000000000000000,,,,,,,9000.000000000000000,,,20175,SEWARD
1048405,1230576,2017500009770007001,497642.220147918094881,494100.000000000000000,9000.000000000000000,492300.000000000000000,1800.000000000000000,492300.000000000000000,495000.000000000000000,34200.000000000000000,495000.000000000000000,48600.000000000000000,492300.000000000000000,37800.000000000000000,493200.000000000000000,489600.000000000000000,470400.000000000000000,65856.000000000000000,20175,SEWARD
1048406,1230577,2017500003440001001,144891.385984071006533,143100.000000000000000,142200.000000000000000,16200.000000000000000,139500.000000000000000,2700.000000000000000,8100.000000000000000,,,,,,,,,,20175,SEWARD
1048407,1230578,2017500009710001002,136212.726166698994348,14400.000000000000000,,,4500.000000000000000,,,,,,,91800.000000000000000,,88200.000000000000000,3136.000000000000000,,20175,SEWARD
1048408,1230579,2017500008320003001,21202.691167303899419,3600.000000000000000,19800.000000000000000,5400.000000000000000,19800.000000000000000,900.000000000000000,3600.000000000000000,1800.000000000000000,900.000000000000000,,900.000000000000000,14400.000000000000000,,1800.000000000000000,9408.000000000000000,,20175,SEWARD
1048409,1230580,2017500006010001002,653477.734119055909105,9000.000000000000000,40500.000000000000000,8100.000000000000000,900.000000000000000,60300.000000000000000,,,,,,900.000000000000000,,900.000000000000000,,,20175,SEWARD
1048410,1230584,2017500035980001002,501831.180188779719174,,,,,,,,,,,57600.000000000000000,,117900.000000000000000,429632.000000000000000,,20175,SEWARD
1048411,1230585,2017500034450001004,68866.772246263746638,3600.000000000000000,17100.000000000000000,10800.000000000000000,17100.000000000000000,,900.000000000000000,,900.000000000000000,,,,,,,,20175,SEWARD
1048412,1230586,2017500039040001003,988126.274449590477161,804600.000000000000000,341100.000000000000000,927000.000000000000000,926100.000000000000000,927900.000000000000000,266400.000000000000000,30600.000000000000000,500400.000000000000000,61200.000000000000000,898200.000000000000000,240300.000000000000000,700200.000000000000000,255600.000000000000000,727552.000000000000000,62720.000000000000000,20175,SEWARD
1048413,1230587,2017500007420001002,438712.089304580469616,4500.000000000000000,74700.000000000000000,,79200.000000000000000,9000.000000000000000,,900.000000000000000,900.000000000000000,5400.000000000000000,,1800.000000000000000,11700.000000000000000,8100.000000000000000,,9408.000000000000000,20175,SEWARD
1048414,1230588,2017500004180002003,34044.930117072552093,28800.000000000000000,,,2700.000000000000000,,,,,,,,,,,,20175,SEWARD
1048415,1230589,2017500000100002001,172501.073679207853274,,900.000000000000000,,,,,,,,,,,,3136.000000000000000,,20175,SEWARD
1048416,1230590,2017500007260001002,455517.637394248798955,78300.000000000000000,236700.000000000000000,230400.000000000000000,213300.000000000000000,234900.000000000000000,223200.000000000000000,216900.000000000000000,230400.000000000000000,36000.000000000000000,1800.000000000000000,110700.000000000000000,365400.000000000000000,351900.000000000000000,,,20175,SEWARD
1048417,1230591,2017500039550002001,33657.762452032249712,,900.000000000000000,900.000000000000000,,6300.000000000000000,4500.000000000000000,,6300.000000000000000,,900.000000000000000,,,2700.000000000000000,,,20175,SEWARD
1048418,1230592,2017500002940001001,214466.091859471780481,211500.000000000000000,210600.000000000000000,208800.000000000000000,,211500.000000000000000,206100.000000000000000,203400.000000000000000,210600.000000000000000,206100.000000000000000,208800.000000000000000,206100.000000000000000,211500.000000000000000,172800.000000000000000,194432.000000000000000,191296.000000000000000,20175,SEWARD
1048419,1230593,2017500042290003002,126461.735576083374326,11700.000000000000000,900.000000000000000,3600.000000000000000,6300.000000000000000,,,,2700.000000000000000,2700.000000000000000,25200.000000000000000,,900.000000000000000,,,,20175,SEWARD
1048420,1230594,2017500039820008001,41851.958212571043987,9000.000000000000000,6300.000000000000000,7200.000000000000000,5400.000000000000000,9000.000000000000000,9000.000000000000000,7200.000000000000000,6300.000000000000000,10800.000000000000000,8100.000000000000000,17100.000000000000000,5400.000000000000000,10800.000000000000000,6272.000000000000000,18816.000000000000000,20175,SEWARD
1048421,1230595,2017500002610001001,142843.061303220369155,,,,,,,,,,,,,,,,20175,SEWARD
1048422,1230596,2017500000650008001,68967.933167858267552,3600.000000000000000,900.000000000000000,,1800.000000000000000,900.000000000000000,900.000000000000000,7200.000000000000000,2700.000000000000000,,5400.000000000000000,,,,,,20175,SEWARD
1048423,1230597,2017500043300001001,37676.631662441541266,14400.000000000000000,,,1800.000000000000000,,,,,,,,,,,,20175,SEWARD
1048424,1230598,2017500040810001001,980118.487339923391119,294300.000000000000000,23400.000000000000000,2700.000000000000000,922500.000000000000000,900.000000000000000,900.000000000000000,,,,,6300.000000000000000,,,,18816.000000000000000,20175,SEWARD
1048425,1230599,2017500004840001001,638749.295959732611664,1800.000000000000000,,1800.000000000000000,578700.000000000000000,9900.000000000000000,9000.000000000000000,,1800.000000000000000,,,,2700.000000000000000,900.000000000000000,,,20175,SEWARD
1048426,1230600,2017500004470001001,618111.303778277128004,116100.000000000000000,,,9000.000000000000000,,,,,,78300.000000000000000,,,,,,20175,SEWARD
1048427,1230601,2017500001210005001,24416.786894967208355,900.000000000000000,900.000000000000000,,,,,,,,,1800.000000000000000,900.000000000000000,,,,20175,SEWARD
1048428,1230602,2017500002370004001,25429.411975377992349,,,,,,,,,,,,,,3136.000000000000000,3136.000000000000000,20175,SEWARD
1048429,1230603,2017500033170001002,30651.881739668693626,4500.000000000000000,4500.000000000000000,,5400.000000000000000,,,,2700.000000000000000,,,5400.000000000000000,,8100.000000000000000,,3136.000000000000000,20175,SEWARD
1048430,1230604,2017500002460001003,32333.416241705541324,2700.000000000000000,13500.000000000000000,30600.000000000000000,2700.000000000000000,9000.000000000000000,27000.000000000000000,2700.000000000000000,6300.000000000000000,5400.000000000000000,13500.000000000000000,12600.000000000000000,1800.000000000000000,1800.000000000000000,,6272.000000000000000,20175,SEWARD
1048431,1230605,2017500033750003002,123430.323249468492577,113400.000000000000000,,900.000000000000000,104400.000000000000000,34200.000000000000000,900.000000000000000,,,10800.000000000000000,,5400.000000000000000,2700.000000000000000,73800.000000000000000,,9408.000000000000000,20175,SEWARD
1048432,1230606,2017500042580003001,219815.744199672248214,43200.000000000000000,200700.000000000000000,5400.000000000000000,205200.000000000000000,123300.000000000000000,130500.000000000000000,120600.000000000000000,138600.000000000000000,,2700.000000000000000,2700.000000000000000,,,9408.000000000000000,,20175,SEWARD
1048433,1230607,2017500006950001001,331340.820936559117399,,,,,,,,,,,6300.000000000000000,,71100.000000000000000,,,20175,SEWARD
1048434,1230608,2017500002410001001,257338.979558756982442,233100.000000000000000,,,6300.000000000000000,,,,,,,,,,,12544.000000000000000,20175,SEWARD
1048435,1230609,2017500033380004002,22996.928729235987703,4500.000000000000000,900.000000000000000,900.000000000000000,2700.000000000000000,5400.000000000000000,,900.000000000000000,,9000.000000000000000,1800.000000000000000,1800.000000000000000,8100.000000000000000,5400.000000000000000,6272.000000000000000,,20175,SEWARD
1048436,1230610,2017500034990001003,40594.753910774707037,20700.000000000000000,21600.000000000000000,28800.000000000000000,25200.000000000000000,17100.000000000000000,1800.000000000000000,12600.000000000000000,12600.000000000000000,22500.000000000000000,9900.000000000000000,20700.000000000000000,11700.000000000000000,5400.000000000000000,6272.000000000000000,9408.000000000000000,20175,SEWARD
1048437,1230611,2017500012850002001,89065.175996722507989,,,,,,,,,,,,,,,,20175,SEWARD
1048438,1230612,2017500006750001006,35594.044038491469109,11700.000000000000000,9900.000000000000000,4500.000000000000000,2700.000000000000000,,,2700.000000000000000,900.000000000000000,,900.000000000000000,5400.000000000000000,,8100.000000000000000,,,20175,SEWARD
1048439,1230613,2017500007920001002,474274.873676670889836,1800.000000000000000,446400.000000000000000,900.000000000000000,900.000000000000000,15300.000000000000000,,,12600.000000000000000,5400.000000000000000,,900.000000000000000,900.000000000000000,,,3136.000000000000000,20175,SEWARD
1048440,1230614,2017500000180001003,201295.855135069112293,175500.000000000000000,1800.000000000000000,,200700.000000000000000,1800.000000000000000,,,,187200.000000000000000,2700.000000000000000,135900.000000000000000,126000.000000000000000,174600.000000000000000,,,20175,SEWARD
1048441,1230615,2017500036210002001,26485.625327766512783,900.000000000000000,,,2700.000000000000000,2700.000000000000000,,,900.000000000000000,,,,,3600.000000000000000,15680.000000000000000,,20175,SEWARD
1048442,1230616,2017500008230001001,509208.427701674634591,133200.000000000000000,69300.000000000000000,490500.000000000000000,12600.000000000000000,4500.000000000000000,497700.000000000000000,470700.000000000000000,505800.000000000000000,502200.000000000000000,504000.000000000000000,504900.000000000000000,499500.000000000000000,491400.000000000000000,460992.000000000000000,476672.000000000000000,20175,SEWARD
1048443,1230617,2017500039480004001,29434.119524501373235,4500.000000000000000,,1800.000000000000000,,4500.000000000000000,,,4500.000000000000000,,,5400.000000000000000,,900.000000000000000,,3136.000000000000000,20175,SEWARD
1048445,1230619,2017500000970001004,33824.853995266581478,3600.000000000000000,4500.000000000000000,,900.000000000000000,,10800.000000000000000,,900.000000000000000,,,,,,,,20175,SEWARD
1048446,1230620,2017500006640001002,327866.947780157264788,,1800.000000000000000,,,,,,,,,,,900.000000000000000,,,20175,SEWARD
1048447,1230621,2017500037980002001,307117.570696870679967,,,,,,1800.000000000000000,,900.000000000000000,,,,,,,,20175,SEWARD
1048448,1230622,2017500009240001006,32669.274931641837611,900.000000000000000,,,3600.000000000000000,,1800.000000000000000,,,,,3600.000000000000000,,6300.000000000000000,,,20175,SEWARD
1048449,1230623,2017500004090001004,39366.634630767766794,1800.000000000000000,3600.000000000000000,900.000000000000000,3600.000000000000000,,,900.000000000000000,4500.000000000000000,1800.000000000000000,6300.000000000000000,,,1800.000000000000000,,,20175,SEWARD
1048450,1230624,2017500034960003001,578373.946932657621801,1800.000000000000000,3600.000000000000000,,,,,,,,900.000000000000000,900.000000000000000,,,,,20175,SEWARD
1048451,1230625,2017500004280001004,659097.416612110915594,29700.000000000000000,3600.000000000000000,477000.000000000000000,45000.000000000000000,377100.000000000000000,429300.000000000000000,37800.000000000000000,483300.000000000000000,405900.000000000000000,205200.000000000000000,513900.000000000000000,414900.000000000000000,371700.000000000000000,589568.000000000000000,,20175,SEWARD
1048452,1230626,2017500041770002008,31465.879497048950725,,,1800.000000000000000,,,,,,,900.000000000000000,900.000000000000000,,1800.000000000000000,,,20175,SEWARD
1048453,1230627,2017500039980007001,6080.024689440215298,900.000000000000000,,,900.000000000000000,,,,,,1800.000000000000000,2700.000000000000000,,,,,20175,SEWARD
1048454,1230628,2017500038660001001,194740.605256602430018,9900.000000000000000,,900.000000000000000,1800.000000000000000,9000.000000000000000,3600.000000000000000,,,,,,,,,,20175,SEWARD
1048455,1230629,2017500009590002001,67456.537835818322492,3600.000000000000000,,,4500.000000000000000,,2700.000000000000000,1800.000000000000000,900.000000000000000,,5400.000000000000000,,,,,,20175,SEWARD
1048456,1230630,2017500000240001001,628744.793705293443054,,,,900.000000000000000,,,,,,,1800.000000000000000,,900.000000000000000,3136.000000000000000,,20175,SEWARD
1048457,1230631,2017500039800003001,30094.253540666250046,2700.000000000000000,1800.000000000000000,900.000000000000000,,,,900.000000000000000,900.000000000000000,,900.000000000000000,900.000000000000000,,,,,20175,SEWARD
1048458,1230632,2017500042120002001,53858.926356847863644,,,,,,,,,,,,,,,,20175,SEWARD
1048459,1230633,2017500004080001002,1485687.964944180799648,1459800.000000000000000,1465200.000000000000000,1437300.000000000000000,1450800.000000000000000,1439100.000000000000000,1439100.000000000000000,1415700.000000000000000,1436400.000000000000000,1451700.000000000000000,1439100.000000000000000,1425600.000000000000000,1448100.000000000000000,1436400.000000000000000,1445696.000000000000000,1404928.000000000000000,20175,SEWARD
1048460,1230634,2017500001370010001,48774.861039596653427,2700.000000000000000,2700.000000000000000,2700.000000000000000,1800.000000000000000,2700.000000000000000,2700.000000000000000,2700.000000000000000,1800.000000000000000,3600.000000000000000,2700.000000000000000,2700.000000000000000,5400.000000000000000,1800.000000000000000,6272.000000000000000,,20175,SEWARD
1048461,1230635,2017500041530003001,64267.234389948578610,10800.000000000000000,8100.000000000000000,9900.000000000000000,2700.000000000000000,1800.000000000000000,1800.000000000000000,11700.000000000000000,4500.000000000000000,3600.000000000000000,4500.000000000000000,1800.000000000000000,900.000000000000000,1800.000000000000000,,,20175,SEWARD
1048462,1230636,2017500041570003001,32096.096710716330563,2700.000000000000000,4500.000000000000000,1800.000000000000000,3600.000000000000000,,900.000000000000000,3600.000000000000000,,5400.000000000000000,2700.000000000000000,1800.000000000000000,,,,,20175,SEWARD
1048463,1230637,2017500001540001009,518632.297757565393113,510300.000000000000000,,512100.000000000000000,1800.000000000000000,504900.000000000000000,,464400.000000000000000,,488700.000000000000000,,514800.000000000000000,,511200.000000000000000,,454720.000000000000000,20175,SEWARD
1048464,1230638,2017500002240012002,13178.592946857959760,14400.000000000000000,,900.000000000000000,,12600.000000000000000,900.000000000000000,6300.000000000000000,,11700.000000000000000,,12600.000000000000000,2700.000000000000000,,3136.000000000000000,9408.000000000000000,20175,SEWARD
1048465,1230639,2017500041560002001,34050.539686469746812,1800.000000000000000,,,,,,,900.000000000000000,1800.000000000000000,9000.000000000000000,11700.000000000000000,8100.000000000000000,2700.000000000000000,,21952.000000000000000,20175,SEWARD
1048466,1230640,2017500005640001004,239439.468749289575499,239400.000000000000000,3600.000000000000000,237600.000000000000000,,241200.000000000000000,227700.000000000000000,217800.000000000000000,234000.000000000000000,220500.000000000000000,240300.000000000000000,235800.000000000000000,241200.000000000000000,239400.000000000000000,222656.000000000000000,228928.000000000000000,20175,SEWARD
1048467,1230641,2017500033750003003,341492.821148496179376,9900.000000000000000,333900.000000000000000,6300.000000000000000,333900.000000000000000,318600.000000000000000,,331200.000000000000000,14400.000000000000000,334800.000000000000000,,334800.000000000000000,,334800.000000000000000,,313600.000000000000000,20175,SEWARD
1048468,1230642,2017500042970003001,312733.762310966616496,,,900.000000000000000,,,,,,1800.000000000000000,4500.000000000000000,5400.000000000000000,3600.000000000000000,1800.000000000000000,,,20175,SEWARD
1048470,1230644,2017500033480001005,306234.435986488300841,125100.000000000000000,178200.000000000000000,3600.000000000000000,293400.000000000000000,171900.000000000000000,163800.000000000000000,,171900.000000000000000,,173700.000000000000000,900.000000000000000,195300.000000000000000,,,,20175,SEWARD
1048471,1230645,2017500040990002014,12944.783219398988876,,1800.000000000000000,,,,,,,,,900.000000000000000,,,,,20175,SEWARD
1048472,1230646,2017500003940001001,395935.368314209161326,3600.000000000000000,,,900.000000000000000,,,,,11700.000000000000000,,,,,,65856.000000000000000,20175,SEWARD
1048473,1230647,2017500009180004001,1052921.464403511723503,,,,,,,,,,,,14400.000000000000000,,,6272.000000000000000,20175,SEWARD
1048474,1230648,2017500004230003003,32381.774299845885253,,,,18900.000000000000000,,,,,,,,,,,,20175,SEWARD
1048475,1230649,2017500006710001002,915048.280637851683423,489600.000000000000000,9000.000000000000000,900.000000000000000,63900.000000000000000,1800.000000000000000,,,17100.000000000000000,81000.000000000000000,14400.000000000000000,1800.000000000000000,18900.000000000000000,291600.000000000000000,,,20175,SEWARD
1048476,1230650,2017500006700005001,31847.442365668717684,,4500.000000000000000,,5400.000000000000000,,2700.000000000000000,,,5400.000000000000000,2700.000000000000000,,,4500.000000000000000,,,20175,SEWARD
1048477,1230651,2017500041510002001,21988.137583776362590,,,,,,,,,,,,,3600.000000000000000,3136.000000000000000,,20175,SEWARD
1048478,1230652,2017500002850001002,203138.653093317116145,,,,182700.000000000000000,,,,,181800.000000000000000,142200.000000000000000,,,,,6272.000000000000000,20175,SEWARD
1048479,1230653,2017500039600003001,29690.452168453608465,,3600.000000000000000,,,5400.000000000000000,,,,,900.000000000000000,4500.000000000000000,,900.000000000000000,,3136.000000000000000,20175,SEWARD
1048480,1230654,2017500041140004001,14551.580990363623641,17100.000000000000000,1800.000000000000000,,17100.000000000000000,13500.000000000000000,,,,2700.000000000000000,900.000000000000000,2700.000000000000000,2700.000000000000000,6300.000000000000000,,3136.000000000000000,20175,SEWARD
1048481,1230655,2017500009260006001,34247.027066036593169,,4500.000000000000000,,3600.000000000000000,,,,3600.000000000000000,,3600.000000000000000,14400.000000000000000,11700.000000000000000,5400.000000000000000,3136.000000000000000,9408.000000000000000,20175,SEWARD
1048482,1230656,2017500039440001001,77602.031941443710821,5400.000000000000000,5400.000000000000000,,6300.000000000000000,,,,,,,,,,,,20175,SEWARD
1048483,1230657,2017500035510004015,21921.790524278243538,17100.000000000000000,,,14400.000000000000000,,,,,,,,1800.000000000000000,9000.000000000000000,,,20175,SEWARD
1048484,1230658,2017500000240003001,624181.167876636143774,8100.000000000000000,6300.000000000000000,4500.000000000000000,9000.000000000000000,8100.000000000000000,8100.000000000000000,4500.000000000000000,8100.000000000000000,3600.000000000000000,7200.000000000000000,16200.000000000000000,3600.000000000000000,7200.000000000000000,,18816.000000000000000,20175,SEWARD
1048486,1230660,2017500003630001001,507796.495530849904753,,495900.000000000000000,,,484200.000000000000000,,490500.000000000000000,,491400.000000000000000,65700.000000000000000,495900.000000000000000,16200.000000000000000,27000.000000000000000,486080.000000000000000,6272.000000000000000,20175,SEWARD
1048487,1230661,2017500001020002001,314217.027134234842379,2700.000000000000000,2700.000000000000000,,,2700.000000000000000,,,,900.000000000000000,900.000000000000000,13500.000000000000000,,,,,20175,SEWARD
1048488,1230662,2017500002290001001,498015.137858918053098,485100.000000000000000,12600.000000000000000,490500.000000000000000,,485100.000000000000000,,482400.000000000000000,,485100.000000000000000,,486000.000000000000000,,14400.000000000000000,451584.000000000000000,9408.000000000000000,20175,SEWARD
1048489,1230663,2017500004880001002,31049.597436139752972,1800.000000000000000,,,,4500.000000000000000,,,,6300.000000000000000,4500.000000000000000,1800.000000000000000,1800.000000000000000,3600.000000000000000,,3136.000000000000000,20175,SEWARD
1048490,1230664,2017500003200023001,7283.923658580133633,,,,,,,,,,,,,,,,20175,SEWARD
1048491,1230665,2017500038270001001,642812.843808118486777,900.000000000000000,,,,2700.000000000000000,,,,1800.000000000000000,,1800.000000000000000,2700.000000000000000,,,,20175,SEWARD
1048492,1230666,2017500003220001001,624528.766875814297237,,,2700.000000000000000,,,,,,900.000000000000000,,,,,,3136.000000000000000,20175,SEWARD
1048493,1230667,2017500000220006005,513558.795187000534497,4500.000000000000000,,,,,,,,,486900.000000000000000,483300.000000000000000,,,482944.000000000000000,442176.000000000000000,20175,SEWARD
1048494,1230668,2017500002460001004,69582.614733710070141,2700.000000000000000,28800.000000000000000,62100.000000000000000,1800.000000000000000,3600.000000000000000,54000.000000000000000,,2700.000000000000000,2700.000000000000000,4500.000000000000000,,900.000000000000000,14400.000000000000000,,3136.000000000000000,20175,SEWARD
1048495,1230669,2017500040230001001,510297.335442692681681,498600.000000000000000,501300.000000000000000,,500400.000000000000000,478800.000000000000000,32400.000000000000000,451800.000000000000000,34200.000000000000000,477000.000000000000000,474300.000000000000000,471600.000000000000000,495000.000000000000000,494100.000000000000000,460992.000000000000000,464128.000000000000000,20175,SEWARD
1048496,1230670,2017500043160001004,29438.081533706619666,1800.000000000000000,,,25200.000000000000000,,,,900.000000000000000,,,,,,,,20175,SEWARD
1048497,1230671,2017500009220001008,31753.740139559980889,,,900.000000000000000,27900.000000000000000,900.000000000000000,4500.000000000000000,,,2700.000000000000000,4500.000000000000000,10800.000000000000000,,900.000000000000000,6272.000000000000000,,20175,SEWARD
1048498,1230672,2017500003430002004,21306.292518318841758,23400.000000000000000,23400.000000000000000,,23400.000000000000000,20700.000000000000000,5400.000000000000000,,1800.000000000000000,23400.000000000000000,4500.000000000000000,22500.000000000000000,22500.000000000000000,900.000000000000000,,,20175,SEWARD
1048499,1230673,2017500039800005001,33247.522603774654272,4500.000000000000000,3600.000000000000000,900.000000000000000,,,,3600.000000000000000,900.000000000000000,,9000.000000000000000,5400.000000000000000,,,,3136.000000000000000,20175,SEWARD
1048500,1230674,2017500001470002001,26673.917167061608779,1800.000000000000000,3600.000000000000000,1800.000000000000000,5400.000000000000000,1800.000000000000000,900.000000000000000,1800.000000000000000,,,900.000000000000000,8100.000000000000000,1800.000000000000000,900.000000000000000,,3136.000000000000000,20175,SEWARD
1048501,1230675,2017500000450004001,512649.509327426145319,491400.000000000000000,,486900.000000000000000,,495900.000000000000000,,484200.000000000000000,,,492300.000000000000000,,484200.000000000000000,1800.000000000000000,470400.000000000000000,,20175,SEWARD
1048502,1230676,2017500009260004001,32647.934281191886839,,900.000000000000000,,2700.000000000000000,,,,4500.000000000000000,,900.000000000000000,3600.000000000000000,5400.000000000000000,900.000000000000000,6272.000000000000000,,20175,SEWARD
1048503,1230677,2017500037630001003,17079.876416861388861,18000.000000000000000,,,16200.000000000000000,,2700.000000000000000,9900.000000000000000,,12600.000000000000000,900.000000000000000,3600.000000000000000,4500.000000000000000,2700.000000000000000,,12544.000000000000000,20175,SEWARD
1048504,1230678,2017500005650001007,22029.530881466089340,900.000000000000000,6300.000000000000000,1800.000000000000000,12600.000000000000000,3600.000000000000000,7200.000000000000000,,,12600.000000000000000,,9000.000000000000000,,12600.000000000000000,,,20175,SEWARD
1048505,1230679,2017500008370001003,15168.560403241413951,13500.000000000000000,,,3600.000000000000000,9900.000000000000000,10800.000000000000000,,,,,,1800.000000000000000,2700.000000000000000,,,20175,SEWARD
1048506,1230680,2017500008900001002,315571.642099252087064,5400.000000000000000,162000.000000000000000,28800.000000000000000,8100.000000000000000,,,900.000000000000000,,2700.000000000000000,6300.000000000000000,58500.000000000000000,216000.000000000000000,241200.000000000000000,,,20175,SEWARD
1048507,1230681,2017500010250002008,73084.211133474920643,,3600.000000000000000,900.000000000000000,14400.000000000000000,22500.000000000000000,,,,,,,,,6272.000000000000000,,20175,SEWARD
1048508,1230682,2017500000330001004,36449.120449872119934,9000.000000000000000,5400.000000000000000,2700.000000000000000,17100.000000000000000,9000.000000000000000,,,,,8100.000000000000000,9000.000000000000000,900.000000000000000,14400.000000000000000,9408.000000000000000,,20175,SEWARD
1048509,1230683,2017500005450002003,200700.411925963446265,180900.000000000000000,10800.000000000000000,,42300.000000000000000,2700.000000000000000,,5400.000000000000000,,1800.000000000000000,900.000000000000000,,23400.000000000000000,900.000000000000000,,,20175,SEWARD
1048511,1230685,2017500002580001002,35588.501029250066495,5400.000000000000000,,,,900.000000000000000,,,,4500.000000000000000,,,,,,,20175,SEWARD
1048512,1230686,2017500040230006001,26406.262171729180409,900.000000000000000,1800.000000000000000,,1800.000000000000000,900.000000000000000,900.000000000000000,2700.000000000000000,900.000000000000000,,900.000000000000000,6300.000000000000000,900.000000000000000,3600.000000000000000,,,20175,SEWARD
1048513,1230687,2017500041380002001,34376.377154964597139,6300.000000000000000,6300.000000000000000,2700.000000000000000,8100.000000000000000,5400.000000000000000,1800.000000000000000,,900.000000000000000,,,,8100.000000000000000,9900.000000000000000,6272.000000000000000,3136.000000000000000,20175,SEWARD
1048514,1230688,2017500037860003001,19739.410635823976918,,,,,,,,,,,,900.000000000000000,,,,20175,SEWARD
1048515,1230690,2017500004660001001,635938.609907111502253,577800.000000000000000,604800.000000000000000,900.000000000000000,9900.000000000000000,900.000000000000000,,,900.000000000000000,1800.000000000000000,29700.000000000000000,4500.000000000000000,,900.000000000000000,533120.000000000000000,,20175,SEWARD
1048516,1230691,2017500006610002003,245624.763118954113452,6300.000000000000000,18900.000000000000000,,,,900.000000000000000,,,,,200700.000000000000000,,,,,20175,SEWARD
1048518,1230693,2017500038820001001,508650.384758863248862,497700.000000000000000,497700.000000000000000,107100.000000000000000,498600.000000000000000,502200.000000000000000,476100.000000000000000,,499500.000000000000000,495900.000000000000000,490500.000000000000000,484200.000000000000000,501300.000000000000000,490500.000000000000000,464128.000000000000000,464128.000000000000000,20175,SEWARD
1048519,1230694,2017500008580001001,640406.888638119678944,,,1800.000000000000000,,,,,,,,,,2700.000000000000000,,,20175,SEWARD
1048520,1230695,2017500033660001003,23023.364458764284791,2700.000000000000000,19800.000000000000000,,1800.000000000000000,900.000000000000000,1800.000000000000000,,900.000000000000000,,,,,,,,20175,SEWARD
1048521,1230696,2017500001760001001,246814.908459586498793,243000.000000000000000,243000.000000000000000,240300.000000000000000,242100.000000000000000,231300.000000000000000,221400.000000000000000,229500.000000000000000,237600.000000000000000,239400.000000000000000,242100.000000000000000,242100.000000000000000,234900.000000000000000,240300.000000000000000,232064.000000000000000,244608.000000000000000,20175,SEWARD
1048522,1230697,2017500000010001001,256290.190698827238521,21600.000000000000000,219600.000000000000000,1800.000000000000000,900.000000000000000,,,,18900.000000000000000,1800.000000000000000,9900.000000000000000,,,,18816.000000000000000,,20175,SEWARD
1048523,1230698,2017500002030001004,506047.705082864034921,486000.000000000000000,67500.000000000000000,464400.000000000000000,,490500.000000000000000,491400.000000000000000,477900.000000000000000,24300.000000000000000,14400.000000000000000,344700.000000000000000,246600.000000000000000,262800.000000000000000,1800.000000000000000,464128.000000000000000,435904.000000000000000,20175,SEWARD
1048524,1230699,2017500002210001004,34956.356891581774107,29700.000000000000000,32400.000000000000000,11700.000000000000000,11700.000000000000000,30600.000000000000000,,,13500.000000000000000,2700.000000000000000,1800.000000000000000,2700.000000000000000,,4500.000000000000000,6272.000000000000000,,20175,SEWARD
1048525,1230700,2017500000720001002,385079.081398961658124,101700.000000000000000,173700.000000000000000,,36900.000000000000000,1800.000000000000000,,,86400.000000000000000,20700.000000000000000,12600.000000000000000,1800.000000000000000,,3600.000000000000000,200704.000000000000000,,20175,SEWARD
1048526,1230701,2017500010310001001,162182.784151416039094,900.000000000000000,900.000000000000000,,,,,,,,,,,,,,20175,SEWARD
1048527,1230702,2017500001540004001,68551.413885778762051,6300.000000000000000,1800.000000000000000,2700.000000000000000,900.000000000000000,3600.000000000000000,,1800.000000000000000,,,2700.000000000000000,8100.000000000000000,,4500.000000000000000,,9408.000000000000000,20175,SEWARD
1048528,1230703,2017500008520001007,49398.349104681881727,900.000000000000000,15300.000000000000000,37800.000000000000000,900.000000000000000,2700.000000000000000,8100.000000000000000,900.000000000000000,900.000000000000000,4500.000000000000000,4500.000000000000000,5400.000000000000000,7200.000000000000000,35100.000000000000000,15680.000000000000000,12544.000000000000000,20175,SEWARD
1048529,1230704,2017500008440001002,304028.305927153967787,87300.000000000000000,,,9900.000000000000000,,,,900.000000000000000,,,,,,,,20175,SEWARD
1048530,1230705,2017500033320006001,33973.016743835236412,4500.000000000000000,3600.000000000000000,2700.000000000000000,1800.000000000000000,2700.000000000000000,2700.000000000000000,3600.000000000000000,900.000000000000000,900.000000000000000,3600.000000000000000,2700.000000000000000,1800.000000000000000,3600.000000000000000,,12544.000000000000000,20175,SEWARD
1048531,1230706,2017500008890010001,36937.596770476149686,900.000000000000000,,,,,,900.000000000000000,,,,,900.000000000000000,,,,20175,SEWARD
1048532,1230707,2017500037720001001,494340.358339713537134,,25200.000000000000000,487800.000000000000000,9000.000000000000000,,,,4500.000000000000000,,,162000.000000000000000,495000.000000000000000,,,,20175,SEWARD
1048533,1230708,2017500034290001003,116006.369976962218061,,,,,,,,,,,,,,,56448.000000000000000,20175,SEWARD
1048534,1230709,2017500038440001003,46956.327556059193739,900.000000000000000,,900.000000000000000,2700.000000000000000,1800.000000000000000,,900.000000000000000,,,900.000000000000000,,7200.000000000000000,18900.000000000000000,15680.000000000000000,21952.000000000000000,20175,SEWARD
1048535,1230710,2017500004410001004,34304.521826912379765,1800.000000000000000,900.000000000000000,,3600.000000000000000,,6300.000000000000000,,3600.000000000000000,,10800.000000000000000,,900.000000000000000,,,3136.000000000000000,20175,SEWARD
1048536,1230711,2017500003460001004,505154.691603578336071,496800.000000000000000,27900.000000000000000,490500.000000000000000,9900.000000000000000,2700.000000000000000,2700.000000000000000,,,504900.000000000000000,30600.000000000000000,507600.000000000000000,167400.000000000000000,482400.000000000000000,423360.000000000000000,,20175,SEWARD
1048537,1230712,2017500009840002001,36601.285778278972430,8100.000000000000000,,,1800.000000000000000,5400.000000000000000,,900.000000000000000,,,,7200.000000000000000,,4500.000000000000000,,,20175,SEWARD
1048538,1230713,2017500039550005001,31161.055124633843661,1800.000000000000000,,900.000000000000000,,1800.000000000000000,900.000000000000000,900.000000000000000,1800.000000000000000,,1800.000000000000000,3600.000000000000000,3600.000000000000000,1800.000000000000000,,,20175,SEWARD
1048539,1230714,2017500007640001001,666827.382314544636756,,1800.000000000000000,,,,,,900.000000000000000,,900.000000000000000,,1800.000000000000000,,,,20175,SEWARD
1048540,1230715,2017500042030001007,77039.510871753693209,22500.000000000000000,20700.000000000000000,15300.000000000000000,2700.000000000000000,24300.000000000000000,19800.000000000000000,14400.000000000000000,19800.000000000000000,19800.000000000000000,24300.000000000000000,18000.000000000000000,,28800.000000000000000,43904.000000000000000,28224.000000000000000,20175,SEWARD
1048541,1230716,2017500035520001001,136560.491398883052170,,140400.000000000000000,,140400.000000000000000,,138600.000000000000000,,140400.000000000000000,,138600.000000000000000,137700.000000000000000,6300.000000000000000,,,,20175,SEWARD
1048542,1230717,2017500035180004001,58087.160173531316104,7200.000000000000000,4500.000000000000000,4500.000000000000000,1800.000000000000000,6300.000000000000000,,3600.000000000000000,,6300.000000000000000,,3600.000000000000000,12600.000000000000000,11700.000000000000000,3136.000000000000000,15680.000000000000000,20175,SEWARD
1048543,1230718,2017500042640001001,272286.520556732430123,,,,,,,,,,,,,,,,20175,SEWARD
1048544,1230720,2017500039980005001,7558.395735078591315,2700.000000000000000,3600.000000000000000,1800.000000000000000,1800.000000000000000,1800.000000000000000,900.000000000000000,1800.000000000000000,,900.000000000000000,,2700.000000000000000,,,,,20175,SEWARD
1048545,1230721,2017500009790005001,32711.809442108129588,900.000000000000000,,,,,,,900.000000000000000,,,6300.000000000000000,,4500.000000000000000,,9408.000000000000000,20175,SEWARD
1048546,1230722,2017500011160001002,66880.776949479666655,64800.000000000000000,60300.000000000000000,54000.000000000000000,66600.000000000000000,65700.000000000000000,64800.000000000000000,63000.000000000000000,64800.000000000000000,62100.000000000000000,64800.000000000000000,65700.000000000000000,63000.000000000000000,60300.000000000000000,56448.000000000000000,59584.000000000000000,20175,SEWARD
1048547,1230723,2017500036390001002,175885.904097171995090,3600.000000000000000,9900.000000000000000,,,10800.000000000000000,,3600.000000000000000,1800.000000000000000,,,36900.000000000000000,900.000000000000000,,,68992.000000000000000,20175,SEWARD
1048548,1230724,2017500002620001001,34067.170750634482829,16200.000000000000000,,2700.000000000000000,,3600.000000000000000,,900.000000000000000,,9000.000000000000000,2700.000000000000000,,14400.000000000000000,900.000000000000000,12544.000000000000000,,20175,SEWARD
1048549,1230725,2017500040320004001,66778.129705129918875,4500.000000000000000,2700.000000000000000,,2700.000000000000000,,,,,,,,7200.000000000000000,,,,20175,SEWARD
1048550,1230726,2017500035870002001,99546.893131947741495,2700.000000000000000,,,900.000000000000000,,,,,,,,,,,,20175,SEWARD
1048551,1230727,2017500002180005003,96170.456461961541208,92700.000000000000000,,91800.000000000000000,,92700.000000000000000,92700.000000000000000,92700.000000000000000,92700.000000000000000,92700.000000000000000,92700.000000000000000,91800.000000000000000,92700.000000000000000,89100.000000000000000,81536.000000000000000,87808.000000000000000,20175,SEWARD
1048552,1230728,2017500003550001001,645104.955815577297471,12600.000000000000000,,900.000000000000000,22500.000000000000000,77400.000000000000000,,,,,,,,,,,20175,SEWARD
1048553,1230729,2017500034850007001,156652.789268642780371,,3600.000000000000000,,6300.000000000000000,,35100.000000000000000,,,,25200.000000000000000,5400.000000000000000,7200.000000000000000,18900.000000000000000,,31360.000000000000000,20175,SEWARD
1048554,1230730,2017500035940001005,24839.316843195101683,3600.000000000000000,3600.000000000000000,1800.000000000000000,22500.000000000000000,1800.000000000000000,,,900.000000000000000,1800.000000000000000,7200.000000000000000,2700.000000000000000,,900.000000000000000,12544.000000000000000,6272.000000000000000,20175,SEWARD
1048555,1230731,2017500001260006001,27572.329605239083321,6300.000000000000000,,3600.000000000000000,900.000000000000000,2700.000000000000000,,,900.000000000000000,1800.000000000000000,3600.000000000000000,6300.000000000000000,4500.000000000000000,,3136.000000000000000,6272.000000000000000,20175,SEWARD
1048556,1230732,2017500041360002003,138229.963952194608282,3600.000000000000000,1800.000000000000000,,,20700.000000000000000,,,,17100.000000000000000,,22500.000000000000000,35100.000000000000000,8100.000000000000000,6272.000000000000000,31360.000000000000000,20175,SEWARD
1048557,1230733,2017500033380001003,34517.482249547043466,7200.000000000000000,2700.000000000000000,2700.000000000000000,2700.000000000000000,1800.000000000000000,900.000000000000000,1800.000000000000000,2700.000000000000000,12600.000000000000000,900.000000000000000,900.000000000000000,900.000000000000000,900.000000000000000,,,20175,SEWARD
1048558,1230735,2017500040420002001,34657.781657332023315,1800.000000000000000,,,900.000000000000000,1800.000000000000000,1800.000000000000000,,,1800.000000000000000,900.000000000000000,2700.000000000000000,9900.000000000000000,2700.000000000000000,9408.000000000000000,,20175,SEWARD
1048559,1230736,2017500005950001001,115573.838021574658342,,,,,,,,,,,,,,,,20175,SEWARD
1048560,1230737,2017500007270004004,25996.481173972748365,17100.000000000000000,15300.000000000000000,9000.000000000000000,900.000000000000000,1800.000000000000000,,900.000000000000000,2700.000000000000000,900.000000000000000,900.000000000000000,900.000000000000000,,3600.000000000000000,9408.000000000000000,3136.000000000000000,20175,SEWARD
1048561,1230738,2017500036150001005,146241.806727751943981,21600.000000000000000,,6300.000000000000000,8100.000000000000000,,,900.000000000000000,,9000.000000000000000,900.000000000000000,2700.000000000000000,,900.000000000000000,,,20175,SEWARD
1048562,1230739,2017500006250003003,223352.679078360204585,,2700.000000000000000,,7200.000000000000000,,,900.000000000000000,,,,,,900.000000000000000,,,20175,SEWARD
1048563,1230740,2017500008920001001,34878.911144653684460,,,,,,,,,,,900.000000000000000,,,,,20175,SEWARD
1048564,1230741,2017500005730001003,186507.815348544740118,3600.000000000000000,900.000000000000000,,2700.000000000000000,9900.000000000000000,,900.000000000000000,,,3600.000000000000000,3600.000000000000000,,,,28224.000000000000000,20175,SEWARD
1048565,1230742,2017500036130002001,20869.934804145093949,,18000.000000000000000,,,15300.000000000000000,,,9900.000000000000000,,18900.000000000000000,9000.000000000000000,13500.000000000000000,8100.000000000000000,18816.000000000000000,,20175,SEWARD
1048566,1230743,2017500036530001001,628342.034162589348853,2700.000000000000000,,,,,,,,,,,,,,6272.000000000000000,20175,SEWARD
1048567,1230744,2017500010280004001,39229.829148151671689,,,,,,,,,,,,,,,,20175,SEWARD
1048568,1230745,2017500041280001001,537203.679170072311535,,526500.000000000000000,4500.000000000000000,4500.000000000000000,3600.000000000000000,456300.000000000000000,,530100.000000000000000,18000.000000000000000,,521100.000000000000000,519300.000000000000000,,,,20175,SEWARD
1048569,1230746,2017500036100001003,31054.099593318282132,1800.000000000000000,9900.000000000000000,3600.000000000000000,16200.000000000000000,900.000000000000000,1800.000000000000000,900.000000000000000,1800.000000000000000,8100.000000000000000,1800.000000000000000,2700.000000000000000,1800.000000000000000,2700.000000000000000,,,20175,SEWARD
1048570,1230747,2017500005530003001,227738.550358153908746,1800.000000000000000,9900.000000000000000,,,,,,,900.000000000000000,,,,,,,20175,SEWARD
1048571,1230748,2017500009180003001,22113.586530402000790,,,,,,,,,,,,,,,,20175,SEWARD
1048572,1230749,2017500038840001011,21568.719018423402304,,,,900.000000000000000,,,,1800.000000000000000,,1800.000000000000000,,,,,,20175,SEWARD
1048573,1230750,2017500039980015001,22771.590270969300036,1800.000000000000000,,,900.000000000000000,900.000000000000000,900.000000000000000,900.000000000000000,,900.000000000000000,900.000000000000000,900.000000000000000,,900.000000000000000,,,20175,SEWARD
1048574,1230751,2017500040310001001,507592.836705718073063,496800.000000000000000,432000.000000000000000,501300.000000000000000,27000.000000000000000,504900.000000000000000,53100.000000000000000,490500.000000000000000,504900.000000000000000,,495900.000000000000000,44100.000000000000000,,495000.000000000000000,,467264.000000000000000,20175,SEWARD
1048577,1230754,2017500034100001014,503217.644097693962976,74700.000000000000000,6300.000000000000000,489600.000000000000000,495000.000000000000000,2700.000000000000000,,473400.000000000000000,490500.000000000000000,,,495000.000000000000000,493200.000000000000000,,,454720.000000000000000,20175,SEWARD
1048578,1230755,2017500040640001019,33742.820150693172764,3600.000000000000000,,1800.000000000000000,,2700.000000000000000,,900.000000000000000,,11700.000000000000000,,1800.000000000000000,,,3136.000000000000000,,20175,SEWARD
1048579,1230756,2017500009680004001,31954.901761777593492,900.000000000000000,6300.000000000000000,4500.000000000000000,3600.000000000000000,,5400.000000000000000,5400.000000000000000,6300.000000000000000,3600.000000000000000,,2700.000000000000000,8100.000000000000000,9000.000000000000000,3136.000000000000000,,20175,SEWARD
1048580,1230757,2017500000770001001,155544.313090778683545,114300.000000000000000,90900.000000000000000,,,,,,900.000000000000000,900.000000000000000,,900.000000000000000,15300.000000000000000,1800.000000000000000,,,20175,SEWARD
1048581,1230758,2017500001370001008,24199.820092465412017,,,1800.000000000000000,,,1800.000000000000000,,,,,,20700.000000000000000,,9408.000000000000000,,20175,SEWARD
1048582,1230759,2017500007980001004,175717.108747710532043,142200.000000000000000,160200.000000000000000,144000.000000000000000,142200.000000000000000,129600.000000000000000,148500.000000000000000,7200.000000000000000,27900.000000000000000,5400.000000000000000,7200.000000000000000,152100.000000000000000,7200.000000000000000,54900.000000000000000,156800.000000000000000,6272.000000000000000,20175,SEWARD
1048583,1230760,2017500002230009001,32595.277684015494742,,4500.000000000000000,,2700.000000000000000,,3600.000000000000000,,3600.000000000000000,,3600.000000000000000,,4500.000000000000000,,,,20175,SEWARD
1048584,1230761,2017500003330002005,24907.161679712698970,1800.000000000000000,4500.000000000000000,,6300.000000000000000,900.000000000000000,,,,1800.000000000000000,,900.000000000000000,,,,,20175,SEWARD
1048585,1230762,2017500002030001005,31599.562622169542010,,1800.000000000000000,,,,,,,,900.000000000000000,,,,,,20175,SEWARD
1048586,1230763,2017500004570001001,317579.812405179720372,,,,,900.000000000000000,,,,,,,,,,,20175,SEWARD
1048587,1230764,2017500002680005001,322880.455835543922149,247500.000000000000000,251100.000000000000000,237600.000000000000000,248400.000000000000000,241200.000000000000000,240300.000000000000000,238500.000000000000000,238500.000000000000000,233100.000000000000000,248400.000000000000000,297900.000000000000000,298800.000000000000000,299700.000000000000000,285376.000000000000000,272832.000000000000000,20175,SEWARD
1048588,1230765,2017500039820015001,28881.741156734868127,,,,,,,,,,,,,900.000000000000000,3136.000000000000000,15680.000000000000000,20175,SEWARD
1048589,1230766,2017500006100001002,333192.407367686333600,4500.000000000000000,1800.000000000000000,900.000000000000000,8100.000000000000000,7200.000000000000000,1800.000000000000000,36000.000000000000000,,,,7200.000000000000000,,,,,20175,SEWARD
1048590,1230767,2017500036940011001,252953.069987847091397,,,,,,,,,,,,,,,,20175,SEWARD
1048591,1230768,2017500039630004001,32470.164782842301065,1800.000000000000000,5400.000000000000000,7200.000000000000000,4500.000000000000000,4500.000000000000000,1800.000000000000000,4500.000000000000000,,,,7200.000000000000000,,,3136.000000000000000,,20175,SEWARD
1048592,1230769,2017500004250007002,207038.690651420416543,,,,,,,,1800.000000000000000,,2700.000000000000000,900.000000000000000,,,,,20175,SEWARD
1048594,1230771,2017500000910003001,266307.088110965734813,,,,,,,,,,,,,,,,20175,SEWARD
1048595,1230772,2017500009790002001,35389.255160099164641,900.000000000000000,,,,,,1800.000000000000000,900.000000000000000,,,,4500.000000000000000,,,,20175,SEWARD
1048596,1230773,2017500003900001005,36316.608622858657327,1800.000000000000000,30600.000000000000000,,30600.000000000000000,34200.000000000000000,,,,,,,,1800.000000000000000,,,20175,SEWARD
1048597,1230774,2017500008790001004,174039.746407513768645,54900.000000000000000,147600.000000000000000,48600.000000000000000,30600.000000000000000,12600.000000000000000,,,6300.000000000000000,900.000000000000000,11700.000000000000000,,,18000.000000000000000,,,20175,SEWARD
1048598,1230775,2017500040730001003,430201.456013703660574,,401400.000000000000000,5400.000000000000000,9000.000000000000000,2700.000000000000000,,900.000000000000000,,,,,,,,,20175,SEWARD
1048599,1230776,2017500039570006001,30936.646110476685863,2700.000000000000000,3600.000000000000000,900.000000000000000,,900.000000000000000,3600.000000000000000,900.000000000000000,1800.000000000000000,1800.000000000000000,900.000000000000000,900.000000000000000,900.000000000000000,1800.000000000000000,6272.000000000000000,,20175,SEWARD
1048600,1230777,2017500001760001003,24104.406382323330035,10800.000000000000000,9000.000000000000000,7200.000000000000000,13500.000000000000000,,,,,8100.000000000000000,1800.000000000000000,6300.000000000000000,1800.000000000000000,2700.000000000000000,,6272.000000000000000,20175,SEWARD
1048601,1230778,2017500000150005001,32814.771002986584790,3600.000000000000000,3600.000000000000000,,,2700.000000000000000,,2700.000000000000000,2700.000000000000000,,12600.000000000000000,10800.000000000000000,3600.000000000000000,4500.000000000000000,,6272.000000000000000,20175,SEWARD
1048602,1230779,2017500000940006001,13437.150944145316316,2700.000000000000000,,,,,,,2700.000000000000000,8100.000000000000000,10800.000000000000000,900.000000000000000,,,,,20175,SEWARD
1048603,1230780,2017500040060011001,33976.186219302115205,,,,,,,,,6300.000000000000000,,3600.000000000000000,1800.000000000000000,900.000000000000000,,,20175,SEWARD
1048604,1230781,2017500038850002001,173508.206258515769150,6300.000000000000000,,1800.000000000000000,8100.000000000000000,900.000000000000000,,2700.000000000000000,3600.000000000000000,1800.000000000000000,1800.000000000000000,4500.000000000000000,,,12544.000000000000000,,20175,SEWARD
1048605,1230782,2017500005640001005,470113.463587722100783,109800.000000000000000,276300.000000000000000,4500.000000000000000,18900.000000000000000,169200.000000000000000,,,1800.000000000000000,12600.000000000000000,7200.000000000000000,900.000000000000000,2700.000000000000000,73800.000000000000000,3136.000000000000000,6272.000000000000000,20175,SEWARD
1048606,1230783,2017500001620001005,503780.823730256932322,5400.000000000000000,495900.000000000000000,,486900.000000000000000,2700.000000000000000,466200.000000000000000,,495000.000000000000000,475200.000000000000000,488700.000000000000000,,,484200.000000000000000,385728.000000000000000,451584.000000000000000,20175,SEWARD
1048607,1230784,2017500039410006001,32968.169876880885568,1800.000000000000000,900.000000000000000,,1800.000000000000000,,900.000000000000000,900.000000000000000,1800.000000000000000,1800.000000000000000,1800.000000000000000,3600.000000000000000,6300.000000000000000,900.000000000000000,3136.000000000000000,3136.000000000000000,20175,SEWARD
1048608,1230785,2017500003200001001,506443.373421285767108,505800.000000000000000,3600.000000000000000,466200.000000000000000,22500.000000000000000,,,469800.000000000000000,,470700.000000000000000,54900.000000000000000,477000.000000000000000,,,451584.000000000000000,40768.000000000000000,20175,SEWARD
1048609,1230786,2017500003430001003,25669.127209754598880,28800.000000000000000,28800.000000000000000,,28800.000000000000000,26100.000000000000000,900.000000000000000,,900.000000000000000,28800.000000000000000,,28800.000000000000000,27900.000000000000000,,3136.000000000000000,,20175,SEWARD
1048610,1230787,2017500033080001006,34499.902450819434307,900.000000000000000,5400.000000000000000,2700.000000000000000,6300.000000000000000,,900.000000000000000,,,900.000000000000000,4500.000000000000000,,3600.000000000000000,,,,20175,SEWARD
1048611,1230788,2017500009950003001,438039.814778847852722,,,,,,,,,,,,,,,,20175,SEWARD
1048612,1230789,2017500002250005001,32327.413067523597419,3600.000000000000000,2700.000000000000000,,1800.000000000000000,,6300.000000000000000,,2700.000000000000000,,1800.000000000000000,,4500.000000000000000,,,,20175,SEWARD
1048613,1230790,2017500036130006001,6626.571536314991135,,,,,900.000000000000000,900.000000000000000,900.000000000000000,,,,1800.000000000000000,900.000000000000000,,,,20175,SEWARD
1048614,1230791,2017500003200016001,65850.170117336630938,,900.000000000000000,,2700.000000000000000,,,,,900.000000000000000,900.000000000000000,3600.000000000000000,900.000000000000000,900.000000000000000,,9408.000000000000000,20175,SEWARD
1048615,1230793,2017500003970011001,35053.590019248622411,4500.000000000000000,1800.000000000000000,3600.000000000000000,900.000000000000000,3600.000000000000000,,3600.000000000000000,,2700.000000000000000,,9900.000000000000000,13500.000000000000000,900.000000000000000,,,20175,SEWARD
1048616,1230795,2017500004900001005,27626.468685217627353,900.000000000000000,,,,900.000000000000000,,,,1800.000000000000000,,900.000000000000000,,1800.000000000000000,,,20175,SEWARD
1048617,1230796,2017500004710001004,367266.313574164232705,362700.000000000000000,332100.000000000000000,362700.000000000000000,363600.000000000000000,360000.000000000000000,34200.000000000000000,355500.000000000000000,361800.000000000000000,,359100.000000000000000,353700.000000000000000,357300.000000000000000,362700.000000000000000,354368.000000000000000,351232.000000000000000,20175,SEWARD
1048618,1230797,2017500009200001003,573461.255054607638158,,7200.000000000000000,900.000000000000000,,27000.000000000000000,,,1800.000000000000000,,,900.000000000000000,,,37632.000000000000000,,20175,SEWARD
1048619,1230798,2017500001150006001,38803.480361202149652,1800.000000000000000,900.000000000000000,,1800.000000000000000,5400.000000000000000,2700.000000000000000,3600.000000000000000,3600.000000000000000,8100.000000000000000,2700.000000000000000,3600.000000000000000,5400.000000000000000,4500.000000000000000,9408.000000000000000,9408.000000000000000,20175,SEWARD
1048620,1230799,2017500042120010001,68834.701608569026575,3600.000000000000000,2700.000000000000000,,900.000000000000000,900.000000000000000,,,,,,,,,,,20175,SEWARD
1048621,1230800,2017500003780001008,518810.561158477794379,396000.000000000000000,511200.000000000000000,501300.000000000000000,501300.000000000000000,55800.000000000000000,488700.000000000000000,495000.000000000000000,486900.000000000000000,503100.000000000000000,332100.000000000000000,453600.000000000000000,505800.000000000000000,489600.000000000000000,379456.000000000000000,492352.000000000000000,20175,SEWARD
1048622,1230801,2017500035890001004,13508.582981798999754,3600.000000000000000,7200.000000000000000,900.000000000000000,,,,,,1800.000000000000000,2700.000000000000000,2700.000000000000000,,,,3136.000000000000000,20175,SEWARD
1048623,1230802,2017500008890008001,23519.161549850665324,,,,,,,,,,,,,,,,20175,SEWARD
1048624,1230803,2017500003490001002,496541.924566160945687,485100.000000000000000,496800.000000000000000,478800.000000000000000,495000.000000000000000,486900.000000000000000,480600.000000000000000,467100.000000000000000,485100.000000000000000,484200.000000000000000,,231300.000000000000000,1800.000000000000000,59400.000000000000000,40768.000000000000000,,20175,SEWARD
1048625,1230804,2017500003800005001,30281.024422993876215,900.000000000000000,,2700.000000000000000,,2700.000000000000000,,900.000000000000000,,900.000000000000000,,2700.000000000000000,,5400.000000000000000,,12544.000000000000000,20175,SEWARD
1048626,1230805,2017500008890015001,40089.588336549852102,900.000000000000000,,,,,,,,,,900.000000000000000,3600.000000000000000,,,,20175,SEWARD
1048627,1230806,2017500006930001001,747523.204021814977750,,,,,,,,,,,,,,,,20175,SEWARD
1048628,1230807,2017500039910002001,22566.489297530148178,1800.000000000000000,1800.000000000000000,900.000000000000000,900.000000000000000,1800.000000000000000,1800.000000000000000,1800.000000000000000,,,,900.000000000000000,900.000000000000000,4500.000000000000000,6272.000000000000000,,20175,SEWARD
1048629,1230808,2017500006990009001,100721.058140915993135,12600.000000000000000,11700.000000000000000,9900.000000000000000,13500.000000000000000,11700.000000000000000,4500.000000000000000,5400.000000000000000,6300.000000000000000,1800.000000000000000,17100.000000000000000,18900.000000000000000,2700.000000000000000,10800.000000000000000,,3136.000000000000000,20175,SEWARD
1048630,1230809,2017500001150012002,29160.480688030762394,,,,,2700.000000000000000,,,,,,,,,,,20175,SEWARD
1048631,1230810,2017500002070001005,28806.131866588832054,17100.000000000000000,12600.000000000000000,5400.000000000000000,26100.000000000000000,,,,,8100.000000000000000,2700.000000000000000,900.000000000000000,900.000000000000000,5400.000000000000000,,12544.000000000000000,20175,SEWARD
1048632,1230811,2017500007800001001,638254.448557478259318,70200.000000000000000,225000.000000000000000,156600.000000000000000,1800.000000000000000,40500.000000000000000,189000.000000000000000,,275400.000000000000000,77400.000000000000000,1800.000000000000000,377100.000000000000000,523800.000000000000000,598500.000000000000000,451584.000000000000000,580160.000000000000000,20175,SEWARD
1048633,1230812,2017500042380003001,32184.242738821107196,900.000000000000000,1800.000000000000000,900.000000000000000,900.000000000000000,,,,,,,,,,,,20175,SEWARD
1048634,1230813,2017500039570013001,36883.173626896466885,2700.000000000000000,4500.000000000000000,900.000000000000000,,900.000000000000000,900.000000000000000,,2700.000000000000000,900.000000000000000,1800.000000000000000,6300.000000000000000,9900.000000000000000,11700.000000000000000,3136.000000000000000,9408.000000000000000,20175,SEWARD
1048635,1230815,2017500038480003001,27617.123742773172125,900.000000000000000,900.000000000000000,900.000000000000000,900.000000000000000,3600.000000000000000,2700.000000000000000,900.000000000000000,900.000000000000000,5400.000000000000000,1800.000000000000000,3600.000000000000000,1800.000000000000000,7200.000000000000000,9408.000000000000000,3136.000000000000000,20175,SEWARD
1048636,1230816,2017500039930003001,12918.944019701846628,,4500.000000000000000,,,,,,,,,,,,,,20175,SEWARD
1048637,1230817,2017500042610002001,301698.372101081651635,295200.000000000000000,295200.000000000000000,295200.000000000000000,295200.000000000000000,294300.000000000000000,287100.000000000000000,289800.000000000000000,295200.000000000000000,293400.000000000000000,,,,286200.000000000000000,282240.000000000000000,269696.000000000000000,20175,SEWARD
1048638,1230818,2017500039030003001,141244.546488001447869,5400.000000000000000,4500.000000000000000,,1800.000000000000000,900.000000000000000,4500.000000000000000,3600.000000000000000,5400.000000000000000,2700.000000000000000,900.000000000000000,2700.000000000000000,,,6272.000000000000000,3136.000000000000000,20175,SEWARD
1048639,1230819,2017500005060002005,456662.389425043016672,355500.000000000000000,63000.000000000000000,432000.000000000000000,437400.000000000000000,,396900.000000000000000,428400.000000000000000,423900.000000000000000,427500.000000000000000,434700.000000000000000,,432000.000000000000000,,417088.000000000000000,413952.000000000000000,20175,SEWARD
1048640,1230820,2017500000920004001,197720.173276688641636,,,,,,,,,,,,,,,,20175,SEWARD
1048641,1230821,2017500010120005002,30014.309817683137226,21600.000000000000000,9000.000000000000000,,12600.000000000000000,,,,,,,3600.000000000000000,,6300.000000000000000,,,20175,SEWARD
1048642,1230822,2017500007610002001,128296.384590221103281,9000.000000000000000,1800.000000000000000,4500.000000000000000,9900.000000000000000,13500.000000000000000,,4500.000000000000000,,3600.000000000000000,16200.000000000000000,34200.000000000000000,4500.000000000000000,2700.000000000000000,3136.000000000000000,9408.000000000000000,20175,SEWARD
1048643,1230823,2017500036220005001,32461.586033710529591,900.000000000000000,6300.000000000000000,2700.000000000000000,,,8100.000000000000000,4500.000000000000000,,,5400.000000000000000,9000.000000000000000,11700.000000000000000,,,15680.000000000000000,20175,SEWARD
1048644,1230824,2017500038460001007,515205.262070305412635,22500.000000000000000,504000.000000000000000,7200.000000000000000,498600.000000000000000,503100.000000000000000,490500.000000000000000,490500.000000000000000,489600.000000000000000,503100.000000000000000,498600.000000000000000,482400.000000000000000,495900.000000000000000,,470400.000000000000000,464128.000000000000000,20175,SEWARD
1048645,1230825,2017500003250017001,5297.878262417055339,,2700.000000000000000,900.000000000000000,1800.000000000000000,,,,900.000000000000000,,900.000000000000000,2700.000000000000000,,1800.000000000000000,,3136.000000000000000,20175,SEWARD
1048646,1230826,2017500000990001002,250067.011580461548874,2700.000000000000000,2700.000000000000000,,,,,,,,,3600.000000000000000,,,,3136.000000000000000,20175,SEWARD
1048647,1230827,2017500034740002002,213662.147477107675513,208800.000000000000000,18000.000000000000000,208800.000000000000000,2700.000000000000000,199800.000000000000000,206100.000000000000000,118800.000000000000000,204300.000000000000000,210600.000000000000000,210600.000000000000000,196200.000000000000000,71100.000000000000000,207000.000000000000000,213248.000000000000000,210112.000000000000000,20175,SEWARD
1048648,1230828,2017500041770002014,8230.738672121455238,,,,,,,,,,,,900.000000000000000,1800.000000000000000,,,20175,SEWARD
1048649,1230829,2017500035270001001,114608.732766904926393,,,,,,,,,,,,12600.000000000000000,,,,20175,SEWARD
1048650,1230830,2017500006000002001,1274619.403165934141725,6300.000000000000000,1800.000000000000000,,,4500.000000000000000,,,,,,,,,,,20175,SEWARD
1048651,1230831,2017500005610001007,142373.041593893489335,900.000000000000000,4500.000000000000000,,43200.000000000000000,20700.000000000000000,10800.000000000000000,,,900.000000000000000,2700.000000000000000,900.000000000000000,6300.000000000000000,,15680.000000000000000,,20175,SEWARD
1048652,1230832,2017500006240001003,324535.929453691700473,41400.000000000000000,202500.000000000000000,83700.000000000000000,,12600.000000000000000,,,900.000000000000000,32400.000000000000000,6300.000000000000000,208800.000000000000000,250200.000000000000000,121500.000000000000000,275968.000000000000000,238336.000000000000000,20175,SEWARD
1048653,1230833,2017500003490001003,281288.648886640148703,217800.000000000000000,274500.000000000000000,183600.000000000000000,238500.000000000000000,255600.000000000000000,180900.000000000000000,162900.000000000000000,201600.000000000000000,184500.000000000000000,,3600.000000000000000,2700.000000000000000,,,3136.000000000000000,20175,SEWARD
1052637,1235621,2017500011700001001,557734.260689449612983,,,,,,,,,,,,4500.000000000000000,,,,20175,SEWARD
1052638,1235622,2017500011700004001,12729.531565151601171,,,,,,,,,,,,900.000000000000000,900.000000000000000,,,20175,SEWARD
1052639,1235623,2017502008130003001,7076.585724347853102,900.000000000000000,7200.000000000000000,6300.000000000000000,,8100.000000000000000,9000.000000000000000,7200.000000000000000,9000.000000000000000,7200.000000000000000,7200.000000000000000,9000.000000000000000,9000.000000000000000,9000.000000000000000,9408.000000000000000,9408.000000000000000,20175,SEWARD
1052640,1235624,2017502008140002001,12376.685958225691138,,,,,,,,,,,,,900.000000000000000,,,20175,SEWARD
1052641,1235625,2017502008150004001,20319.788779474311013,,22500.000000000000000,20700.000000000000000,,20700.000000000000000,21600.000000000000000,20700.000000000000000,18900.000000000000000,18900.000000000000000,21600.000000000000000,20700.000000000000000,22500.000000000000000,19800.000000000000000,21952.000000000000000,21952.000000000000000,20175,SEWARD
1052642,1235626,2017502008160005001,193143.082079186540795,6300.000000000000000,54000.000000000000000,47700.000000000000000,900.000000000000000,58500.000000000000000,58500.000000000000000,55800.000000000000000,58500.000000000000000,47700.000000000000000,62100.000000000000000,63900.000000000000000,58500.000000000000000,53100.000000000000000,56448.000000000000000,68992.000000000000000,20175,SEWARD
1052643,1235627,2017502008170001001,976632.277163851889782,34200.000000000000000,817200.000000000000000,808200.000000000000000,3600.000000000000000,818100.000000000000000,812700.000000000000000,800100.000000000000000,796500.000000000000000,781200.000000000000000,809100.000000000000000,828900.000000000000000,815400.000000000000000,794700.000000000000000,771456.000000000000000,812224.000000000000000,20175,SEWARD
1052644,1235631,2017500004990002001,7046.757768326947371,,,,,,,,,,,,,,,,20175,SEWARD
1052645,1235632,2017500004990003001,6094.214792838156427,900.000000000000000,,,,,,,,,,900.000000000000000,,,,,20175,SEWARD
1052646,1235633,2017500005060003001,9143.203312401681615,,900.000000000000000,,,,900.000000000000000,,,,,900.000000000000000,900.000000000000000,,,,20175,SEWARD
1052647,1235634,2017520081120001001,1286944.599993610288948,,3600.000000000000000,,,2700.000000000000000,,,900.000000000000000,900.000000000000000,900.000000000000000,,,2700.000000000000000,3136.000000000000000,3136.000000000000000,20175,SEWARD
1052648,1235635,2017500003780003001,5543.731270312425295,,,,,,,,,,,,,,,,20175,SEWARD
1052649,1235636,2017500003780004001,40337.058047169979545,5400.000000000000000,2700.000000000000000,4500.000000000000000,900.000000000000000,5400.000000000000000,4500.000000000000000,,1800.000000000000000,1800.000000000000000,900.000000000000000,4500.000000000000000,900.000000000000000,,,6272.000000000000000,20175,SEWARD
1052650,1235637,2017500004710007001,4267.439516913354964,900.000000000000000,900.000000000000000,4500.000000000000000,2700.000000000000000,4500.000000000000000,4500.000000000000000,2700.000000000000000,,,,,,,,,20175,SEWARD
1052651,1235638,2017500034330006001,4635.681562223842775,,,,,,,,,,,,,,,,20175,SEWARD
1052652,1235640,2017500005070002001,5022.864540005213712,3600.000000000000000,4500.000000000000000,900.000000000000000,2700.000000000000000,,1800.000000000000000,900.000000000000000,1800.000000000000000,900.000000000000000,2700.000000000000000,1800.000000000000000,900.000000000000000,2700.000000000000000,,,20175,SEWARD
1052653,1235641,2017500034110003001,7204.913595397496465,,900.000000000000000,,,,,,,,1800.000000000000000,,900.000000000000000,,3136.000000000000000,3136.000000000000000,20175,SEWARD
1052654,1235642,2017500034110004001,4384.019255181287008,,2700.000000000000000,,,,,,,,,,,,,,20175,SEWARD
1052655,1235644,2017500003710002001,8303.109222333308935,2700.000000000000000,,,900.000000000000000,,,,,,,,,,,,20175,SEWARD
1052656,1235645,2017500036010003001,19132.702621073793125,1800.000000000000000,3600.000000000000000,900.000000000000000,,,,,,,,,900.000000000000000,,,,20175,SEWARD
1052657,1235646,2017500004350002001,35160.504155569418799,2700.000000000000000,900.000000000000000,,900.000000000000000,,,,,,,,,,,3136.000000000000000,20175,SEWARD
1052658,1235647,2017500002930002001,10386.703467278641256,900.000000000000000,900.000000000000000,,,900.000000000000000,,,,,,,,,,,20175,SEWARD
1052659,1235648,2017500042380006001,4304.609732147591785,,,,,,,,,,,,,,,,20175,SEWARD
1052660,1235649,2017500004130003001,5433.039571315895955,5400.000000000000000,,,,900.000000000000000,,,,2700.000000000000000,900.000000000000000,,900.000000000000000,,,,20175,SEWARD
1052661,1235650,2017500042840002001,6391.868914938410853,1800.000000000000000,,,,,900.000000000000000,,,,,,,,,,20175,SEWARD
1052662,1235651,2017502011950001001,646646.362427300424315,,,,,,,,,,,2700.000000000000000,900.000000000000000,,9408.000000000000000,,20175,SEWARD
1052663,1235652,2017500002030002001,21065.976350232591358,,,,,,,,,,,,,,,12544.000000000000000,20175,SEWARD
1052664,1235654,2017502011960002001,17485.247854323424690,9000.000000000000000,,8100.000000000000000,,1800.000000000000000,,,,9000.000000000000000,,5400.000000000000000,,5400.000000000000000,3136.000000000000000,12544.000000000000000,20175,SEWARD
1052665,1235655,2017500000980003001,175078.573176912177587,1800.000000000000000,,,,1800.000000000000000,,,,,,1800.000000000000000,,900.000000000000000,,,20175,SEWARD
1052666,1235656,2017500000980002001,8814.924394248322642,1800.000000000000000,1800.000000000000000,,,1800.000000000000000,,,,,,,,,,,20175,SEWARD
1052667,1235657,2017500000310002001,7785.834798251978100,900.000000000000000,,,,,,,,,900.000000000000000,,,,,,20175,SEWARD
1052668,1235658,2017500000840004001,4542.672907797823427,,5400.000000000000000,3600.000000000000000,5400.000000000000000,4500.000000000000000,,,,5400.000000000000000,4500.000000000000000,3600.000000000000000,,,,6272.000000000000000,20175,SEWARD
1052669,1235659,2017500001420001001,625530.892688382300548,173700.000000000000000,186300.000000000000000,110700.000000000000000,13500.000000000000000,462600.000000000000000,281700.000000000000000,123300.000000000000000,,,,1800.000000000000000,24300.000000000000000,13500.000000000000000,,15680.000000000000000,20175,SEWARD
1052670,1235660,2017500001380004001,9298.979326557684544,,,,,,,,,,,,,900.000000000000000,,,20175,SEWARD
1052671,1235661,2017500001380005001,51343.828841914284567,1800.000000000000000,900.000000000000000,8100.000000000000000,8100.000000000000000,,7200.000000000000000,1800.000000000000000,1800.000000000000000,,12600.000000000000000,8100.000000000000000,3600.000000000000000,1800.000000000000000,,,20175,SEWARD
1052672,1235662,2017500011180001001,623859.405956096714363,,,,,,,,,,900.000000000000000,,,,,,20175,SEWARD
1052673,1235663,2017500001390006001,12924.822646750919375,,900.000000000000000,,,,,,,,,900.000000000000000,1800.000000000000000,,,,20175,SEWARD
1052674,1235664,2017500012090002001,11804119.928718283772469,5400.000000000000000,2700.000000000000000,1800.000000000000000,2700.000000000000000,,,,,6300.000000000000000,900.000000000000000,4500.000000000000000,43200.000000000000000,,,,20175,SEWARD
1052675,1235665,2017500042660007001,4279754.196481439284980,900.000000000000000,,,,,,,,1800.000000000000000,,2700.000000000000000,,,,,20175,SEWARD
1052676,1235666,2017500037370003001,743442.589332744595595,,,,,,1800.000000000000000,1800.000000000000000,,1800.000000000000000,2700.000000000000000,1800.000000000000000,2700.000000000000000,5400.000000000000000,,,20175,SEWARD
1052677,1235667,2017520189340002001,26050.838648603272304,900.000000000000000,2700.000000000000000,,,,,,,,,,900.000000000000000,2700.000000000000000,3136.000000000000000,3136.000000000000000,20175,SEWARD
1052678,1235668,2017500006820002001,5788.588761350116329,,1800.000000000000000,,900.000000000000000,1800.000000000000000,,,,,,,,900.000000000000000,,,20175,SEWARD
1052679,1235669,2017500006370014001,13117.556175706631620,,,,,,,,,,900.000000000000000,900.000000000000000,900.000000000000000,,,,20175,SEWARD
1052680,1235670,2017500006370011001,56793.593213265296072,5400.000000000000000,5400.000000000000000,900.000000000000000,6300.000000000000000,8100.000000000000000,1800.000000000000000,1800.000000000000000,900.000000000000000,1800.000000000000000,,900.000000000000000,1800.000000000000000,3600.000000000000000,,,20175,SEWARD
1052681,1235671,2017500005420002001,22910.660844490597810,2700.000000000000000,1800.000000000000000,,,,,,,,,,,900.000000000000000,,,20175,SEWARD
1052682,1235672,2017500005420003001,560226.325624132528901,900.000000000000000,900.000000000000000,,,1800.000000000000000,,,,,,,,,,,20175,SEWARD
1052683,1235673,2017500006100002001,6767.730136453845262,,,,,,,,,,,,,,,,20175,SEWARD
1052684,1235674,2017500041630002001,9608.517294300989306,6300.000000000000000,,,6300.000000000000000,,,,,,900.000000000000000,,,2700.000000000000000,,,20175,SEWARD
1052685,1235675,2017500033760002001,8424.105076997031574,,,,,,,,900.000000000000000,,,,,,,,20175,SEWARD
1052686,1235676,2017500033760001005,152151.096482041117270,1800.000000000000000,900.000000000000000,,1800.000000000000000,,,,19800.000000000000000,,900.000000000000000,,,2700.000000000000000,,6272.000000000000000,20175,SEWARD
1052687,1235677,2017500007050004001,27559.417428619577549,,,,900.000000000000000,,,,,,,,,,,,20175,SEWARD
1052688,1235678,2017500007050005001,24229.866043104437267,2700.000000000000000,,,,,,,,,,,,,,,20175,SEWARD
1052689,1235679,2017500006160002001,11905.519852630999594,,2700.000000000000000,900.000000000000000,1800.000000000000000,,,,,1800.000000000000000,900.000000000000000,900.000000000000000,,,,,20175,SEWARD
1052690,1235680,2017500006160003001,43201.532462427298015,,,,,,,,,,,,,,,,20175,SEWARD
1052691,1235681,2017500005940002001,632817.741937780054286,61200.000000000000000,27900.000000000000000,21600.000000000000000,58500.000000000000000,27900.000000000000000,3600.000000000000000,5400.000000000000000,8100.000000000000000,20700.000000000000000,18000.000000000000000,3600.000000000000000,9000.000000000000000,4500.000000000000000,,3136.000000000000000,20175,SEWARD
1052692,1235682,2017500005980001001,364518.147095557069406,5400.000000000000000,,,,900.000000000000000,,,,,,,,,,,20175,SEWARD
1052693,1235683,2017500005980002001,26369.120601656417421,,,,,,,,,,,,,,,,20175,SEWARD
1052694,1235684,2017500012050003001,8683.511082217311923,,,,,,,,,,,,900.000000000000000,,,,20175,SEWARD
1052695,1235685,2017500012050004001,396831.615829504269641,,,,,,,,,,,,3600.000000000000000,900.000000000000000,,,20175,SEWARD
1052696,1235686,2017500007870004001,152535.080106848181458,,,,,,,,,,,,,,,,20175,SEWARD
1052697,1235687,2017540007310001001,320856.486969573248643,,,,,,,,,,,,,,,,20175,SEWARD
1052698,1235688,2017500035710002001,327562.722516596433707,,,,,,,,,,,,,,,,20175,SEWARD
1052699,1235689,2017500035720002001,16243.147445488446465,,,,,,,,,,,,,,,,20175,SEWARD
1052700,1235690,2017540007320001001,541047.617087356513366,,,,,,,,,,,,,900.000000000000000,,3136.000000000000000,20175,SEWARD
1052701,1235691,2017500012740001001,688395.543542020721361,,,,,,,,,,,,1800.000000000000000,,,,20175,SEWARD
1052702,1235692,2017500033310010001,212656.180341098341160,,,,,,,,,,,,,,,6272.000000000000000,20175,SEWARD
1052703,1235693,2017540007330001001,2607027.083462089765817,7200.000000000000000,1800.000000000000000,3600.000000000000000,2700.000000000000000,7200.000000000000000,,900.000000000000000,14400.000000000000000,900.000000000000000,5400.000000000000000,900.000000000000000,,83700.000000000000000,,,20175,SEWARD
1052704,1235694,2017500041760004001,663649.995717224082910,,900.000000000000000,,,,,,,,,,,2700.000000000000000,,,20175,SEWARD
1052705,1235699,2017500009370010001,4293.901322312214688,2700.000000000000000,,,1800.000000000000000,,2700.000000000000000,,1800.000000000000000,2700.000000000000000,2700.000000000000000,1800.000000000000000,2700.000000000000000,2700.000000000000000,3136.000000000000000,,20175,SEWARD
1052706,1235700,2017500036210003001,10805.223427609211285,,,,,,,,,,,,,,3136.000000000000000,,20175,SEWARD
1052707,1235701,2017500040270003001,5292.184757548971902,1800.000000000000000,,,900.000000000000000,2700.000000000000000,,900.000000000000000,900.000000000000000,3600.000000000000000,2700.000000000000000,3600.000000000000000,900.000000000000000,3600.000000000000000,,,20175,SEWARD
1052708,1235702,2017500009670008001,32706.168384728280216,,,,2700.000000000000000,,,2700.000000000000000,2700.000000000000000,,,1800.000000000000000,2700.000000000000000,900.000000000000000,6272.000000000000000,,20175,SEWARD
1052709,1235703,2017500040700003001,214071.951876283157617,,,,,900.000000000000000,,,,,,,,,,,20175,SEWARD
1052710,1235704,2017500007640002001,642963.180523744435050,2700.000000000000000,1800.000000000000000,,3600.000000000000000,,,,,,900.000000000000000,2700.000000000000000,,,,,20175,SEWARD
1052711,1235705,2017500042590005001,22786.200653206637071,,,,,,,,,,,900.000000000000000,,,,,20175,SEWARD
1052712,1235706,2017500001470004001,32050.721427087028133,,,,,,,,,900.000000000000000,,,,900.000000000000000,,,20175,SEWARD
1052713,1235707,2017500001470005001,31731.343044125314918,900.000000000000000,2700.000000000000000,2700.000000000000000,2700.000000000000000,3600.000000000000000,,,,7200.000000000000000,,3600.000000000000000,10800.000000000000000,,,,20175,SEWARD
1052714,1235708,2017500035740001001,114998.681183204273111,900.000000000000000,4500.000000000000000,900.000000000000000,,,,,5400.000000000000000,,,,,,,,20175,SEWARD
1052715,1235713,2017500039250001001,19709.664238165605639,,,,,,,,,,,,,,,,20175,SEWARD
1052716,1235714,2017500039320003001,49064.443010384529771,,1800.000000000000000,1800.000000000000000,3600.000000000000000,,,,,,,,,900.000000000000000,,,20175,SEWARD
1052717,1235715,2017500040170002001,33947.293441448906378,2700.000000000000000,2700.000000000000000,1800.000000000000000,3600.000000000000000,900.000000000000000,,900.000000000000000,900.000000000000000,900.000000000000000,900.000000000000000,1800.000000000000000,900.000000000000000,7200.000000000000000,,,20175,SEWARD
1052718,1235716,2017500040170003001,27158.558404060269822,6300.000000000000000,900.000000000000000,1800.000000000000000,4500.000000000000000,5400.000000000000000,4500.000000000000000,4500.000000000000000,900.000000000000000,,2700.000000000000000,18000.000000000000000,7200.000000000000000,8100.000000000000000,6272.000000000000000,,20175,SEWARD
1052719,1235717,2017520119290001001,28955.517288468909101,,900.000000000000000,900.000000000000000,900.000000000000000,,900.000000000000000,900.000000000000000,,,,1800.000000000000000,900.000000000000000,900.000000000000000,3136.000000000000000,,20175,SEWARD
1052720,1235718,2017520119300002001,29044.631120096426457,900.000000000000000,1800.000000000000000,900.000000000000000,1800.000000000000000,,,1800.000000000000000,900.000000000000000,,,2700.000000000000000,1800.000000000000000,,,3136.000000000000000,20175,SEWARD
1052721,1235719,2017500003200015001,8527.476946659116948,1800.000000000000000,,,900.000000000000000,,,,,1800.000000000000000,,,,,,,20175,SEWARD
1052722,1235721,2017500042360004001,7998.415530873960051,,,,,,,,,,,,,,,,20175,SEWARD
1052723,1235722,2017500041670001001,1752730.960313252871856,,,,,,,,,,,,,1800.000000000000000,,,20175,SEWARD
1052724,1235723,2017500013180001001,751210.495236554765143,,900.000000000000000,,1800.000000000000000,,,,,,,,,,,,20175,SEWARD
1052725,1235724,2017500041750002001,1762668.955670020310208,900.000000000000000,,,,,,,,,900.000000000000000,,,900.000000000000000,,,20175,SEWARD
1052726,1235726,2017502008110003001,22491.785122679175402,2700.000000000000000,1800.000000000000000,,1800.000000000000000,,,,,,,,,,,,20175,SEWARD
1052727,1235727,2017502008110001001,576019.620876461849548,555300.000000000000000,315900.000000000000000,498600.000000000000000,545400.000000000000000,14400.000000000000000,,219600.000000000000000,223200.000000000000000,242100.000000000000000,90900.000000000000000,470700.000000000000000,35100.000000000000000,3600.000000000000000,68992.000000000000000,,20175,SEWARD
1052728,1235728,2017500033500003001,741492.853023046511225,97200.000000000000000,18900.000000000000000,7200.000000000000000,8100.000000000000000,11700.000000000000000,900.000000000000000,1800.000000000000000,900.000000000000000,9000.000000000000000,5400.000000000000000,3600.000000000000000,13500.000000000000000,,,,20175,SEWARD
1052729,1235729,2017500033500002001,61356.978429916125606,1800.000000000000000,,,,,,,,11700.000000000000000,,900.000000000000000,900.000000000000000,,3136.000000000000000,3136.000000000000000,20175,SEWARD
1052730,1235730,2017500009080002001,13015.213098758520573,900.000000000000000,,,,,,,,1800.000000000000000,,,900.000000000000000,,3136.000000000000000,,20175,SEWARD
1052731,1235731,2017500009990002001,128352.285508761109668,,,,,,,,,5400.000000000000000,,,7200.000000000000000,,,,20175,SEWARD
1052732,1235734,2017500040040004001,6880.808950421916052,900.000000000000000,900.000000000000000,,,1800.000000000000000,,1800.000000000000000,,1800.000000000000000,2700.000000000000000,1800.000000000000000,,2700.000000000000000,,,20175,SEWARD
1052733,1235735,2017500007170002001,45779.334660430395161,,,,900.000000000000000,,,,,,,,,,,,20175,SEWARD
1052734,1235741,2017500000420003001,34553.213203188191983,4500.000000000000000,6300.000000000000000,1800.000000000000000,7200.000000000000000,5400.000000000000000,2700.000000000000000,7200.000000000000000,2700.000000000000000,2700.000000000000000,8100.000000000000000,8100.000000000000000,900.000000000000000,3600.000000000000000,3136.000000000000000,9408.000000000000000,20175,SEWARD
1052735,1235742,2017500001570004001,12185.749969717813656,8100.000000000000000,4500.000000000000000,1800.000000000000000,4500.000000000000000,2700.000000000000000,1800.000000000000000,,4500.000000000000000,900.000000000000000,,,,,,,20175,SEWARD
1052736,1235743,2017500001570002001,537957.139729111222550,63000.000000000000000,62100.000000000000000,27900.000000000000000,104400.000000000000000,59400.000000000000000,5400.000000000000000,2700.000000000000000,8100.000000000000000,27000.000000000000000,44100.000000000000000,44100.000000000000000,8100.000000000000000,35100.000000000000000,15680.000000000000000,6272.000000000000000,20175,SEWARD
1052737,1235746,2017500001570005001,18455.061717783373751,2700.000000000000000,1800.000000000000000,900.000000000000000,900.000000000000000,3600.000000000000000,,,,900.000000000000000,,6300.000000000000000,1800.000000000000000,900.000000000000000,,,20175,SEWARD
1052738,1235750,2017500001570008001,7282.767700357157992,,900.000000000000000,,,,,,,,,,,,,,20175,SEWARD
1052739,1235751,2017500038260002001,59310.659886193730927,26100.000000000000000,900.000000000000000,,54000.000000000000000,,,,900.000000000000000,,10800.000000000000000,,,,,,20175,SEWARD
1052740,1235752,2017500000570005001,4777.518255089922604,,,,,,,,,,,,,,,,20175,SEWARD
1052741,1235753,2017500003170008001,27461.794850170386781,4500.000000000000000,,,2700.000000000000000,,,,,3600.000000000000000,,900.000000000000000,900.000000000000000,,3136.000000000000000,,20175,SEWARD
1052742,1235754,2017500039010002001,27304.061594819242600,,,,,,,,,,,,,,,,20175,SEWARD
1052743,1235758,2017500001170025001,6050.177937669438506,,,,,,,,,,,,,,,,20175,SEWARD
1052744,1235760,2017500001170022001,16504.642734652425133,1800.000000000000000,,,,2700.000000000000000,,,,,,,,,,,20175,SEWARD
1052745,1235763,2017500012750003001,20506.922034249750141,,,900.000000000000000,,,,,,,,,,,,,20175,SEWARD
1052746,1235768,2017500035180005001,49839.709799046970147,6300.000000000000000,9900.000000000000000,10800.000000000000000,6300.000000000000000,15300.000000000000000,,,,7200.000000000000000,,,25200.000000000000000,900.000000000000000,21952.000000000000000,,20175,SEWARD
1052747,1235769,2017500042080002001,6923.470327152672326,4500.000000000000000,3600.000000000000000,2700.000000000000000,,5400.000000000000000,3600.000000000000000,4500.000000000000000,4500.000000000000000,900.000000000000000,,2700.000000000000000,,,6272.000000000000000,,20175,SEWARD
1052748,1235774,2017500004580002001,6549.833862431250054,,,,,,,,,,,,,,,,20175,SEWARD
1052749,1235775,2017500003380002001,12108.143518416753068,900.000000000000000,900.000000000000000,,,,5400.000000000000000,,,,,3600.000000000000000,,,,,20175,SEWARD
1052750,1235777,2017500040740009001,18477.652573639730690,,1800.000000000000000,,2700.000000000000000,,,,,,2700.000000000000000,900.000000000000000,,,,,20175,SEWARD
1052751,1235778,2017500040740011001,5524.017672038247838,,,,,,,,,,,,,,,,20175,SEWARD
1052752,1235779,2017500001410013001,523555.528722070215736,512100.000000000000000,509400.000000000000000,499500.000000000000000,496800.000000000000000,495000.000000000000000,,1800.000000000000000,,4500.000000000000000,93600.000000000000000,9900.000000000000000,,,,,20175,SEWARD
1052753,1235780,2017500000810008001,33599.372041475930018,900.000000000000000,4500.000000000000000,,,900.000000000000000,900.000000000000000,900.000000000000000,,,900.000000000000000,1800.000000000000000,7200.000000000000000,,,,20175,SEWARD
1052754,1235781,2017500035730001001,312253.655817825347185,,,,,,,,,,,,,1800.000000000000000,,,20175,SEWARD
1052755,1235782,2017500012520006001,21063.086976260521624,,,,,,,,,,,,,,,3136.000000000000000,20175,SEWARD
1052756,1235783,2017500012520004001,68615.166029795844224,,,,,,,,,,,,,900.000000000000000,,,20175,SEWARD
1052757,1235784,2017500012520001001,280997.450502961059101,,,,,,,,1800.000000000000000,,,900.000000000000000,900.000000000000000,54000.000000000000000,,9408.000000000000000,20175,SEWARD
1052758,1235785,2017500012520007001,30269.075620853007422,900.000000000000000,,,,,,,,900.000000000000000,,,,10800.000000000000000,,9408.000000000000000,20175,SEWARD
1052759,1235786,2017500012520008001,21318.238581839217659,,,,,,,900.000000000000000,,,,,,4500.000000000000000,,6272.000000000000000,20175,SEWARD
1052760,1235789,2017520119350001001,1312069.749245904386044,54000.000000000000000,,,9000.000000000000000,3600.000000000000000,,,,900.000000000000000,,1800.000000000000000,,4500.000000000000000,28224.000000000000000,3136.000000000000000,20175,SEWARD
1052761,1235791,2017500006770002001,428633.245964282134082,8100.000000000000000,2700.000000000000000,,1800.000000000000000,5400.000000000000000,,,900.000000000000000,1800.000000000000000,,,,9000.000000000000000,6272.000000000000000,3136.000000000000000,20175,SEWARD
1052762,1235794,2017500003080001011,7861.510694636317567,7200.000000000000000,7200.000000000000000,,7200.000000000000000,1800.000000000000000,7200.000000000000000,7200.000000000000000,7200.000000000000000,3600.000000000000000,7200.000000000000000,,7200.000000000000000,,3136.000000000000000,,20175,SEWARD
1052763,1235797,2017500003130002001,17748.085884982607240,900.000000000000000,900.000000000000000,900.000000000000000,1800.000000000000000,,1800.000000000000000,,900.000000000000000,900.000000000000000,900.000000000000000,,,,,,20175,SEWARD
1052764,1235799,2017500035420003001,65740.029305600764928,,,,,,,,,,,,,,,,20175,SEWARD
1052765,1235800,2017500035420008001,12314.176173012909203,,,,,,,,,,,,,,,,20175,SEWARD
1052766,1235802,2017500035420010001,20205.857858728508290,,,,,,,,,,,,,,,,20175,SEWARD
1052767,1235803,2017500035420011001,19551.719846864743886,,,,,,,,,,,,1800.000000000000000,,,,20175,SEWARD
1052768,1235804,2017500035420013001,18136.880204007255088,,,,,,,,,,,,,,,,20175,SEWARD
1052769,1235805,2017500035420004001,110113.475928380546975,,,,,,,,,,,,,,,,20175,SEWARD
1052770,1235808,2017500004740003001,4277.118146493699896,2700.000000000000000,2700.000000000000000,,,,,,,,,,,,,,20175,SEWARD
1052771,1235813,2017500039990006001,26393.053830535518500,900.000000000000000,900.000000000000000,900.000000000000000,900.000000000000000,900.000000000000000,900.000000000000000,900.000000000000000,900.000000000000000,900.000000000000000,900.000000000000000,5400.000000000000000,2700.000000000000000,,,,20175,SEWARD
1052772,1235814,2017500039990007001,29419.260703637897677,9000.000000000000000,7200.000000000000000,6300.000000000000000,13500.000000000000000,11700.000000000000000,2700.000000000000000,5400.000000000000000,7200.000000000000000,14400.000000000000000,5400.000000000000000,11700.000000000000000,900.000000000000000,2700.000000000000000,6272.000000000000000,,20175,SEWARD
1052773,1235815,2017500039990008001,62996.380301097757183,13500.000000000000000,11700.000000000000000,2700.000000000000000,16200.000000000000000,10800.000000000000000,12600.000000000000000,9900.000000000000000,9000.000000000000000,15300.000000000000000,18000.000000000000000,22500.000000000000000,12600.000000000000000,11700.000000000000000,15680.000000000000000,21952.000000000000000,20175,SEWARD
1052774,1235816,2017500035280001002,5055.597394121647085,,,,,,,,,,,,,,,,20175,SEWARD
1052775,1235818,2017500035430001001,117388.508177683790564,,,,,,,,,,900.000000000000000,,6300.000000000000000,,,,20175,SEWARD
1052776,1235819,2017500035430002001,35488.388632783135108,900.000000000000000,,,,,,,,900.000000000000000,,,2700.000000000000000,,,,20175,SEWARD
1052777,1235820,2017500004910005001,2927617.208713829051703,38700.000000000000000,27900.000000000000000,52200.000000000000000,72000.000000000000000,85500.000000000000000,43200.000000000000000,64800.000000000000000,59400.000000000000000,113400.000000000000000,112500.000000000000000,135000.000000000000000,88200.000000000000000,126900.000000000000000,15680.000000000000000,357504.000000000000000,20175,SEWARD
1052778,1235820,2017500004910005001,29679.733048576723377,38700.000000000000000,27900.000000000000000,52200.000000000000000,72000.000000000000000,85500.000000000000000,43200.000000000000000,64800.000000000000000,59400.000000000000000,113400.000000000000000,112500.000000000000000,135000.000000000000000,88200.000000000000000,126900.000000000000000,15680.000000000000000,357504.000000000000000,20175,SEWARD
1052779,1235820,2017500004910005001,20614.602059356850077,38700.000000000000000,27900.000000000000000,52200.000000000000000,72000.000000000000000,85500.000000000000000,43200.000000000000000,64800.000000000000000,59400.000000000000000,113400.000000000000000,112500.000000000000000,135000.000000000000000,88200.000000000000000,126900.000000000000000,15680.000000000000000,357504.000000000000000,20175,SEWARD
1052780,1235821,2017500011170001001,452749.735348638438154,,,,,,,,,,,,,,,,20175,SEWARD
1052781,1235822,2017500011170003001,108811.288901488820557,,,,,,,,,,,,,,,,20175,SEWARD
1052782,1235823,2017500011170004001,375193.074405389721505,,,,,,,,,,,,,,,,20175,SEWARD
1052783,1235824,2017500000050003001,4473.240082742017876,,,,,,,,,,,,,,,,20175,SEWARD
1052784,1235825,2017500011170002001,29660.026805735069502,,,,,,,,,,,,,,,,20175,SEWARD
1052785,1235826,2017500000050002001,2238551.672488648444414,,,,,900.000000000000000,,,,,,,,,,,20175,SEWARD
1052786,1235828,2017500042930002001,14720.092910974750339,900.000000000000000,900.000000000000000,1800.000000000000000,,,900.000000000000000,,,,,,,,,,20175,SEWARD
1052787,1235830,2017500042930001001,67850.006478312599938,9000.000000000000000,,3600.000000000000000,,,,1800.000000000000000,,,,,,,,28224.000000000000000,20175,SEWARD
1052788,1235832,2017500042970008001,794577.162310669547878,,,,,,,,,,,,,,,,20175,SEWARD
1052789,1235833,2017500042980005001,1595286.696189305279404,900.000000000000000,,,,4500.000000000000000,,,,,,,,,,,20175,SEWARD
1052790,1235835,2017520119280001001,639001.861207823851146,511200.000000000000000,511200.000000000000000,505800.000000000000000,501300.000000000000000,513900.000000000000000,519300.000000000000000,441000.000000000000000,495000.000000000000000,514800.000000000000000,511200.000000000000000,511200.000000000000000,528300.000000000000000,520200.000000000000000,486080.000000000000000,501760.000000000000000,20175,SEWARD
1052791,1235838,2017500003320001004,11085.365310886681982,900.000000000000000,11700.000000000000000,,8100.000000000000000,,,,,11700.000000000000000,,11700.000000000000000,1800.000000000000000,,,,20175,SEWARD
1052792,1235840,2017500040550012001,23106.370622842521698,,,,,,,,,,,,,,,,20175,SEWARD
1052793,1235841,2017500040550021001,45176.055013367920765,,,,,,,,,,,,,,,,20175,SEWARD
1052794,1235844,2017500001460001001,1002395.938576380838640,987300.000000000000000,527400.000000000000000,498600.000000000000000,994500.000000000000000,983700.000000000000000,980100.000000000000000,981900.000000000000000,990000.000000000000000,989100.000000000000000,984600.000000000000000,974700.000000000000000,979200.000000000000000,180000.000000000000000,,3136.000000000000000,20175,SEWARD
1052795,1235845,2017500001460013002,19132.926678774536413,8100.000000000000000,7200.000000000000000,2700.000000000000000,9900.000000000000000,11700.000000000000000,7200.000000000000000,5400.000000000000000,4500.000000000000000,10800.000000000000000,7200.000000000000000,10800.000000000000000,12600.000000000000000,12600.000000000000000,3136.000000000000000,,20175,SEWARD
1052796,1235846,2017500033770005001,43114.405299910336907,2700.000000000000000,900.000000000000000,900.000000000000000,8100.000000000000000,5400.000000000000000,,,900.000000000000000,13500.000000000000000,5400.000000000000000,900.000000000000000,1800.000000000000000,12600.000000000000000,,,20175,SEWARD
1052797,1235847,2017500033770006001,151773.030688771075802,17100.000000000000000,23400.000000000000000,4500.000000000000000,18000.000000000000000,16200.000000000000000,2700.000000000000000,3600.000000000000000,10800.000000000000000,27000.000000000000000,12600.000000000000000,14400.000000000000000,21600.000000000000000,21600.000000000000000,12544.000000000000000,3136.000000000000000,20175,SEWARD
1052798,1235850,2017500040320005001,49282.884727921504236,,900.000000000000000,,900.000000000000000,900.000000000000000,,8100.000000000000000,1800.000000000000000,35100.000000000000000,43200.000000000000000,35100.000000000000000,37800.000000000000000,38700.000000000000000,,,20175,SEWARD
1052799,1235851,2017500040320002001,59790.305747973463440,1800.000000000000000,,,,,,,,6300.000000000000000,900.000000000000000,1800.000000000000000,12600.000000000000000,,,,20175,SEWARD
1175003,1376567,2017520189360001001,144878.389472508861218,72000.000000000000000,10800.000000000000000,16200.000000000000000,76500.000000000000000,49500.000000000000000,1800.000000000000000,1800.000000000000000,13500.000000000000000,9000.000000000000000,48600.000000000000000,46800.000000000000000,8100.000000000000000,126000.000000000000000,12544.000000000000000,,20175,SEWARD
1175085,1376655,2017520189630018001,15137.502175132942284,900.000000000000000,900.000000000000000,900.000000000000000,900.000000000000000,,900.000000000000000,,,,,,,,,,20175,SEWARD
1175094,1376665,2017520189550001001,174623.727824112633243,9900.000000000000000,,,2700.000000000000000,,,,,900.000000000000000,,1800.000000000000000,2700.000000000000000,1800.000000000000000,3136.000000000000000,,20175,SEWARD
1175096,1376668,2017520189730001001,34366.707281372655416,4500.000000000000000,31500.000000000000000,26100.000000000000000,900.000000000000000,27900.000000000000000,30600.000000000000000,30600.000000000000000,26100.000000000000000,27000.000000000000000,25200.000000000000000,27900.000000000000000,24300.000000000000000,10800.000000000000000,21952.000000000000000,18816.000000000000000,20175,SEWARD
1175102,1376675,2017502018710001001,644237.312305558822118,,10800.000000000000000,,15300.000000000000000,496800.000000000000000,40500.000000000000000,,,,,473400.000000000000000,,,,,20175,SEWARD
1175123,1376699,2017520189140001001,42693.661686549203296,,,,,4500.000000000000000,,,900.000000000000000,4500.000000000000000,,3600.000000000000000,900.000000000000000,,6272.000000000000000,,20175,SEWARD
1175151,1376731,2017520189180001001,93682.262704172375379,2700.000000000000000,,,900.000000000000000,,,,900.000000000000000,3600.000000000000000,1800.000000000000000,900.000000000000000,1800.000000000000000,4500.000000000000000,9408.000000000000000,3136.000000000000000,20175,SEWARD
1175230,1376817,2017520189140001002,17100.052284081233665,1800.000000000000000,7200.000000000000000,7200.000000000000000,900.000000000000000,9000.000000000000000,,,,1800.000000000000000,900.000000000000000,9900.000000000000000,,,12544.000000000000000,3136.000000000000000,20175,SEWARD
1175239,1376827,2017520189710006001,25900.001891466883535,1800.000000000000000,1800.000000000000000,,,1800.000000000000000,900.000000000000000,,900.000000000000000,900.000000000000000,,900.000000000000000,,,,,20175,SEWARD
1175256,1376845,2017520189360001002,146363.593458042858401,117900.000000000000000,4500.000000000000000,6300.000000000000000,39600.000000000000000,21600.000000000000000,5400.000000000000000,2700.000000000000000,9900.000000000000000,9000.000000000000000,5400.000000000000000,25200.000000000000000,10800.000000000000000,23400.000000000000000,128576.000000000000000,,20175,SEWARD
1175267,1376856,2017520189660013001,14191.318293743292088,900.000000000000000,900.000000000000000,900.000000000000000,900.000000000000000,900.000000000000000,900.000000000000000,900.000000000000000,,,,,,,3136.000000000000000,,20175,SEWARD
1175288,1376877,2017520189510001001,163347.280003987863893,147600.000000000000000,147600.000000000000000,126000.000000000000000,152100.000000000000000,123300.000000000000000,139500.000000000000000,99900.000000000000000,85500.000000000000000,129600.000000000000000,81900.000000000000000,79200.000000000000000,26100.000000000000000,57600.000000000000000,84672.000000000000000,65856.000000000000000,20175,SEWARD
1175311,1376900,2017520189100004001,129403.928682101264712,,4500.000000000000000,5400.000000000000000,,6300.000000000000000,2700.000000000000000,37800.000000000000000,900.000000000000000,900.000000000000000,,6300.000000000000000,7200.000000000000000,,3136.000000000000000,,20175,SEWARD
1175325,1376914,2017520189740011001,30854.605834731875802,900.000000000000000,900.000000000000000,900.000000000000000,,900.000000000000000,2700.000000000000000,,,,1800.000000000000000,1800.000000000000000,,,,,20175,SEWARD
1175438,1377039,2017520189140001003,450974.712567208742257,46800.000000000000000,441900.000000000000000,440100.000000000000000,6300.000000000000000,450900.000000000000000,900.000000000000000,2700.000000000000000,7200.000000000000000,17100.000000000000000,47700.000000000000000,448200.000000000000000,57600.000000000000000,,429632.000000000000000,3136.000000000000000,20175,SEWARD
1175453,1377055,2017520189320004002,54923.914208863890963,1800.000000000000000,2700.000000000000000,900.000000000000000,,3600.000000000000000,900.000000000000000,2700.000000000000000,1800.000000000000000,3600.000000000000000,9900.000000000000000,7200.000000000000000,900.000000000000000,,,,20175,SEWARD
1175500,1377102,2017500042390001003,742778.452304350328632,705600.000000000000000,708300.000000000000000,700200.000000000000000,717300.000000000000000,706500.000000000000000,697500.000000000000000,693000.000000000000000,681300.000000000000000,,658800.000000000000000,900.000000000000000,727200.000000000000000,685800.000000000000000,655424.000000000000000,617792.000000000000000,20175,SEWARD
1175509,1377111,2017500042470001001,34647.098443417155067,900.000000000000000,5400.000000000000000,1800.000000000000000,900.000000000000000,3600.000000000000000,1800.000000000000000,1800.000000000000000,1800.000000000000000,900.000000000000000,,,4500.000000000000000,,3136.000000000000000,9408.000000000000000,20175,SEWARD
1175656,1377262,2017520189270008002,28006.212832424349472,3600.000000000000000,4500.000000000000000,3600.000000000000000,3600.000000000000000,3600.000000000000000,3600.000000000000000,3600.000000000000000,1800.000000000000000,,6300.000000000000000,5400.000000000000000,,,,,20175,SEWARD
1175810,1377422,2017520189280002001,490870.555467861995567,491400.000000000000000,488700.000000000000000,489600.000000000000000,481500.000000000000000,490500.000000000000000,473400.000000000000000,489600.000000000000000,490500.000000000000000,486000.000000000000000,491400.000000000000000,488700.000000000000000,,,,,20175,SEWARD
1175874,1377489,2017520189150001001,124910.429456212892546,1800.000000000000000,,,2700.000000000000000,,,,,,,900.000000000000000,900.000000000000000,,,3136.000000000000000,20175,SEWARD
1176036,1377655,2017520189540001001,117973.791515389180859,,3600.000000000000000,900.000000000000000,,,,900.000000000000000,1800.000000000000000,,6300.000000000000000,3600.000000000000000,,2700.000000000000000,,,20175,SEWARD
1176046,1377665,2017502018950001001,421385.274696880893316,415800.000000000000000,415800.000000000000000,25200.000000000000000,410400.000000000000000,5400.000000000000000,400500.000000000000000,5400.000000000000000,7200.000000000000000,15300.000000000000000,417600.000000000000000,13500.000000000000000,417600.000000000000000,413100.000000000000000,413952.000000000000000,404544.000000000000000,20175,SEWARD
1176051,1377672,2017520189750016001,27337.783729497252352,1800.000000000000000,2700.000000000000000,900.000000000000000,900.000000000000000,900.000000000000000,1800.000000000000000,900.000000000000000,,,,900.000000000000000,,,,9408.000000000000000,20175,SEWARD
1176088,1377711,2017520189320004004,30664.970042919987463,2700.000000000000000,4500.000000000000000,1800.000000000000000,2700.000000000000000,3600.000000000000000,2700.000000000000000,3600.000000000000000,900.000000000000000,1800.000000000000000,5400.000000000000000,5400.000000000000000,,,,,20175,SEWARD
1176242,1377872,2017500042390001004,739692.511623498867266,1800.000000000000000,642600.000000000000000,8100.000000000000000,718200.000000000000000,35100.000000000000000,2700.000000000000000,4500.000000000000000,,711000.000000000000000,10800.000000000000000,715500.000000000000000,4500.000000000000000,3600.000000000000000,,18816.000000000000000,20175,SEWARD
1176258,1377888,2017520189350001002,32525.891079418037407,6300.000000000000000,900.000000000000000,1800.000000000000000,18900.000000000000000,9000.000000000000000,,,7200.000000000000000,900.000000000000000,5400.000000000000000,4500.000000000000000,8100.000000000000000,14400.000000000000000,9408.000000000000000,9408.000000000000000,20175,SEWARD
1176301,1377932,2017520189540001002,491752.401617316761985,,2700.000000000000000,,,,,2700.000000000000000,900.000000000000000,4500.000000000000000,240300.000000000000000,36000.000000000000000,900.000000000000000,29700.000000000000000,,,20175,SEWARD
1176343,1377974,2017520189350001003,6268.287008551713370,900.000000000000000,900.000000000000000,900.000000000000000,900.000000000000000,900.000000000000000,900.000000000000000,900.000000000000000,900.000000000000000,3600.000000000000000,900.000000000000000,,1800.000000000000000,6300.000000000000000,3136.000000000000000,,20175,SEWARD
1176570,1378212,2017520189350001004,501336.006203166500200,495000.000000000000000,491400.000000000000000,491400.000000000000000,494100.000000000000000,494100.000000000000000,487800.000000000000000,487800.000000000000000,496800.000000000000000,496800.000000000000000,494100.000000000000000,494100.000000000000000,497700.000000000000000,492300.000000000000000,476672.000000000000000,451584.000000000000000,20175,SEWARD
1176637,1378281,2017520189350001005,31890.604043557854311,6300.000000000000000,7200.000000000000000,1800.000000000000000,5400.000000000000000,3600.000000000000000,2700.000000000000000,900.000000000000000,3600.000000000000000,7200.000000000000000,5400.000000000000000,7200.000000000000000,6300.000000000000000,4500.000000000000000,6272.000000000000000,12544.000000000000000,20175,SEWARD
1176638,1378282,2017520189720007001,23645.094296840954485,5400.000000000000000,7200.000000000000000,6300.000000000000000,1800.000000000000000,900.000000000000000,900.000000000000000,4500.000000000000000,1800.000000000000000,900.000000000000000,3600.000000000000000,9900.000000000000000,3600.000000000000000,,,12544.000000000000000,20175,SEWARD
1176659,1378304,2017520189530001002,475446.035280301992316,470700.000000000000000,471600.000000000000000,469800.000000000000000,469800.000000000000000,469800.000000000000000,469800.000000000000000,464400.000000000000000,469800.000000000000000,348300.000000000000000,466200.000000000000000,468900.000000000000000,309600.000000000000000,465300.000000000000000,467264.000000000000000,445312.000000000000000,20175,SEWARD
1176670,1378315,2017520189700009001,31071.832713360330672,3600.000000000000000,2700.000000000000000,2700.000000000000000,900.000000000000000,2700.000000000000000,5400.000000000000000,3600.000000000000000,,1800.000000000000000,5400.000000000000000,6300.000000000000000,900.000000000000000,1800.000000000000000,,9408.000000000000000,20175,SEWARD
1176792,1378440,2017520189350001006,14440.271360460736105,4500.000000000000000,1800.000000000000000,900.000000000000000,900.000000000000000,2700.000000000000000,900.000000000000000,1800.000000000000000,900.000000000000000,900.000000000000000,2700.000000000000000,7200.000000000000000,2700.000000000000000,3600.000000000000000,,3136.000000000000000,20175,SEWARD
1176795,1378443,2017500042470001005,503514.555348694499116,151200.000000000000000,109800.000000000000000,488700.000000000000000,488700.000000000000000,480600.000000000000000,468000.000000000000000,477900.000000000000000,486900.000000000000000,487800.000000000000000,,900.000000000000000,490500.000000000000000,900.000000000000000,486080.000000000000000,467264.000000000000000,20175,SEWARD
1176832,1378480,2017520189230001003,461257.111034032190219,86400.000000000000000,454500.000000000000000,448200.000000000000000,,441900.000000000000000,432900.000000000000000,3600.000000000000000,4500.000000000000000,74700.000000000000000,128700.000000000000000,9900.000000000000000,441900.000000000000000,451800.000000000000000,3136.000000000000000,15680.000000000000000,20175,SEWARD
1176860,1378508,2017520189570007002,30112.174327269221976,26100.000000000000000,24300.000000000000000,7200.000000000000000,900.000000000000000,27900.000000000000000,25200.000000000000000,900.000000000000000,22500.000000000000000,7200.000000000000000,12600.000000000000000,27900.000000000000000,27900.000000000000000,23400.000000000000000,21952.000000000000000,,20175,SEWARD
1176870,1378518,2017500002180005001,19564.195731691539550,3600.000000000000000,2700.000000000000000,1800.000000000000000,,4500.000000000000000,5400.000000000000000,1800.000000000000000,5400.000000000000000,1800.000000000000000,3600.000000000000000,4500.000000000000000,5400.000000000000000,2700.000000000000000,,3136.000000000000000,20175,SEWARD
1176871,1378519,2017500009220001001,39670.285243093967438,2700.000000000000000,,5400.000000000000000,36900.000000000000000,2700.000000000000000,10800.000000000000000,,,4500.000000000000000,,11700.000000000000000,14400.000000000000000,5400.000000000000000,6272.000000000000000,3136.000000000000000,20175,SEWARD
1176872,1378520,2017500003470001001,28163.765227568212140,25200.000000000000000,,,19800.000000000000000,,,,2700.000000000000000,19800.000000000000000,900.000000000000000,20700.000000000000000,,1800.000000000000000,6272.000000000000000,12544.000000000000000,20175,SEWARD
1176873,1378521,2017500042410001001,204396.725831403251505,900.000000000000000,,,3600.000000000000000,,,,,,7200.000000000000000,,,13500.000000000000000,,,20175,SEWARD
1176874,1378522,2017500042410001002,196512.758222769829445,900.000000000000000,11700.000000000000000,900.000000000000000,1800.000000000000000,,1800.000000000000000,1800.000000000000000,1800.000000000000000,,2700.000000000000000,,,3600.000000000000000,97216.000000000000000,,20175,SEWARD
1176875,1378523,2017500040600003001,24186.832940475884243,4500.000000000000000,,,900.000000000000000,,,,,,,6300.000000000000000,,1800.000000000000000,,6272.000000000000000,20175,SEWARD
1176877,1378525,2017500041070001001,32603.310030871911295,4500.000000000000000,,,,,2700.000000000000000,,,,,,,,,3136.000000000000000,20175,SEWARD
1176878,1378526,2017500036340001001,140770.188429388566874,900.000000000000000,,,,,900.000000000000000,,,,,,,,,,20175,SEWARD
1176879,1378527,2017500006370001001,250145.848476817918709,251100.000000000000000,236700.000000000000000,249300.000000000000000,249300.000000000000000,251100.000000000000000,236700.000000000000000,251100.000000000000000,251100.000000000000000,251100.000000000000000,250200.000000000000000,251100.000000000000000,251100.000000000000000,34200.000000000000000,,15680.000000000000000,20175,SEWARD
1176880,1378528,2017500037320001001,396244.178331243165303,,,,,,,,,,,,,,,6272.000000000000000,20175,SEWARD
1176881,1378529,2017500008790001001,36887.127385498359217,6300.000000000000000,27900.000000000000000,11700.000000000000000,1800.000000000000000,2700.000000000000000,,,900.000000000000000,900.000000000000000,,,,1800.000000000000000,,,20175,SEWARD
1176882,1378530,2017500040490001001,27837.089256728595501,,,,900.000000000000000,,,,,,,,1800.000000000000000,,,,20175,SEWARD
1176883,1378531,2017500042380002001,27726.365231577190571,3600.000000000000000,2700.000000000000000,,2700.000000000000000,,900.000000000000000,,,,,,,,,,20175,SEWARD
1176884,1378532,2017500040220001001,537238.399342773482203,513000.000000000000000,507600.000000000000000,515700.000000000000000,509400.000000000000000,517500.000000000000000,508500.000000000000000,512100.000000000000000,520200.000000000000000,531000.000000000000000,518400.000000000000000,523800.000000000000000,531000.000000000000000,525600.000000000000000,473536.000000000000000,495488.000000000000000,20175,SEWARD
1176885,1378533,2017500040240001001,502118.488198751234449,452700.000000000000000,5400.000000000000000,480600.000000000000000,17100.000000000000000,483300.000000000000000,35100.000000000000000,466200.000000000000000,92700.000000000000000,483300.000000000000000,475200.000000000000000,476100.000000000000000,493200.000000000000000,481500.000000000000000,473536.000000000000000,445312.000000000000000,20175,SEWARD
1176886,1378534,2017500009770011001,34078.925076163235644,4500.000000000000000,3600.000000000000000,4500.000000000000000,2700.000000000000000,5400.000000000000000,4500.000000000000000,5400.000000000000000,3600.000000000000000,2700.000000000000000,4500.000000000000000,8100.000000000000000,7200.000000000000000,3600.000000000000000,3136.000000000000000,,20175,SEWARD
1176887,1378535,2017500039550001001,507159.900531961524393,496800.000000000000000,50400.000000000000000,492300.000000000000000,4500.000000000000000,499500.000000000000000,37800.000000000000000,496800.000000000000000,36900.000000000000000,477900.000000000000000,189000.000000000000000,482400.000000000000000,28800.000000000000000,492300.000000000000000,3136.000000000000000,442176.000000000000000,20175,SEWARD
1176888,1378536,2017500035890001001,16052.178422551036419,,1800.000000000000000,,,,,,1800.000000000000000,,5400.000000000000000,,1800.000000000000000,2700.000000000000000,6272.000000000000000,,20175,SEWARD
1176889,1378537,2017500008670011001,437781.527340204222128,,,,,,,,,,,900.000000000000000,,,,6272.000000000000000,20175,SEWARD
1176890,1378538,2017500004130001002,743619.918445503106341,477900.000000000000000,740700.000000000000000,475200.000000000000000,732600.000000000000000,475200.000000000000000,255600.000000000000000,462600.000000000000000,255600.000000000000000,900.000000000000000,189000.000000000000000,487800.000000000000000,233100.000000000000000,496800.000000000000000,213248.000000000000000,329280.000000000000000,20175,SEWARD
1176891,1378539,2017500007530001001,108781.354672711997409,89100.000000000000000,,38700.000000000000000,,,1800.000000000000000,,900.000000000000000,33300.000000000000000,,,96300.000000000000000,,,,20175,SEWARD
1176892,1378540,2017500003300001001,216944.689044423808809,,213300.000000000000000,,,,900.000000000000000,,,,,28800.000000000000000,,,,,20175,SEWARD
1176893,1378541,2017500033160001001,30513.156210632725561,11700.000000000000000,,,1800.000000000000000,3600.000000000000000,900.000000000000000,,,3600.000000000000000,2700.000000000000000,,900.000000000000000,900.000000000000000,,,20175,SEWARD
1176894,1378543,2017500009130006001,9108.675752587974785,,,,1800.000000000000000,,,,,1800.000000000000000,900.000000000000000,,3600.000000000000000,,6272.000000000000000,,20175,SEWARD
1176895,1378545,2017500001510001002,516056.989544756768737,512100.000000000000000,508500.000000000000000,486900.000000000000000,6300.000000000000000,504000.000000000000000,1800.000000000000000,486000.000000000000000,,499500.000000000000000,481500.000000000000000,2700.000000000000000,510300.000000000000000,304200.000000000000000,464128.000000000000000,9408.000000000000000,20175,SEWARD
1176896,1378546,2017500005550001001,593711.627121963421814,2700.000000000000000,7200.000000000000000,,,,,,,,2700.000000000000000,,,1800.000000000000000,3136.000000000000000,,20175,SEWARD
1176897,1378547,2017500008300001001,370169.570559452869929,271800.000000000000000,363600.000000000000000,38700.000000000000000,356400.000000000000000,1800.000000000000000,262800.000000000000000,261000.000000000000000,,3600.000000000000000,900.000000000000000,,,3600.000000000000000,12544.000000000000000,,20175,SEWARD
1176898,1378548,2017500003960001001,163570.214798934466671,62100.000000000000000,94500.000000000000000,,,1800.000000000000000,,,,900.000000000000000,,,,,9408.000000000000000,,20175,SEWARD
1176899,1378549,2017500000100001001,368279.299499861022923,356400.000000000000000,8100.000000000000000,,360900.000000000000000,,360000.000000000000000,20700.000000000000000,,12600.000000000000000,352800.000000000000000,,367200.000000000000000,,351232.000000000000000,75264.000000000000000,20175,SEWARD
1176900,1378550,2017500034580001001,273686.569641301000956,,900.000000000000000,,18900.000000000000000,207900.000000000000000,,,,,,,,,,,20175,SEWARD
1176901,1378551,2017500002890001001,579676.780154364183545,531900.000000000000000,567900.000000000000000,9000.000000000000000,520200.000000000000000,566100.000000000000000,472500.000000000000000,411300.000000000000000,507600.000000000000000,567900.000000000000000,522900.000000000000000,565200.000000000000000,495900.000000000000000,11700.000000000000000,577024.000000000000000,573888.000000000000000,20175,SEWARD
1176902,1378552,2017500004340001001,63422.420194547237770,2700.000000000000000,900.000000000000000,5400.000000000000000,,900.000000000000000,,,,900.000000000000000,2700.000000000000000,,,9900.000000000000000,,,20175,SEWARD
1176903,1378553,2017500003930001001,213906.356028035748750,,,,,900.000000000000000,900.000000000000000,,,110700.000000000000000,2700.000000000000000,,,,,,20175,SEWARD
1176904,1378555,2017500003080001002,125785.329390490704100,120600.000000000000000,117000.000000000000000,5400.000000000000000,123300.000000000000000,17100.000000000000000,117000.000000000000000,110700.000000000000000,116100.000000000000000,116100.000000000000000,118800.000000000000000,7200.000000000000000,115200.000000000000000,1800.000000000000000,97216.000000000000000,25088.000000000000000,20175,SEWARD
1176905,1378556,2017500006350001001,217161.957504290534416,212400.000000000000000,212400.000000000000000,202500.000000000000000,209700.000000000000000,200700.000000000000000,196200.000000000000000,198900.000000000000000,193500.000000000000000,126900.000000000000000,26100.000000000000000,11700.000000000000000,5400.000000000000000,10800.000000000000000,3136.000000000000000,31360.000000000000000,20175,SEWARD
1176906,1378557,2017500010250001001,70995.885929049851256,,,,1800.000000000000000,4500.000000000000000,,,,,,,,,,,20175,SEWARD
1176907,1378558,2017500010020001001,161701.861079055932350,,,,,,,,,,,,,,,,20175,SEWARD
1176908,1378559,2017500036940005001,43577.256988220222411,4500.000000000000000,,,9000.000000000000000,5400.000000000000000,,,,,,,,,,,20175,SEWARD
1176909,1378560,2017500034890001001,269543.761577600322198,,,,,,,,,,,,,,,,20175,SEWARD
1176910,1378561,2017500035130001001,6519.432431142276073,1800.000000000000000,,,,,,,,,900.000000000000000,900.000000000000000,,,,,20175,SEWARD
1176911,1378563,2017500036370001001,25059.593616176207433,9900.000000000000000,9000.000000000000000,16200.000000000000000,17100.000000000000000,,,,,2700.000000000000000,,1800.000000000000000,900.000000000000000,,,3136.000000000000000,20175,SEWARD
1176912,1378564,2017500002870001001,19981.748248842799512,19800.000000000000000,,,,,,,,,,19800.000000000000000,,19800.000000000000000,,,20175,SEWARD
1176913,1378565,2017500008890014001,52246.638775812687527,,,,,,,,,,,,,,,,20175,SEWARD
1176914,1378566,2017500034300001001,311311.744669229490682,900.000000000000000,,,,,,,,,,,,,,6272.000000000000000,20175,SEWARD
1176915,1378567,2017500042640004001,11555.502460373047143,,,,,,,,,,,,,,,,20175,SEWARD
1176916,1378569,2017500005050001002,235359.172644227248384,3600.000000000000000,5400.000000000000000,19800.000000000000000,43200.000000000000000,900.000000000000000,,,900.000000000000000,,,4500.000000000000000,18900.000000000000000,66600.000000000000000,188160.000000000000000,,20175,SEWARD
1176917,1378570,2017500002510001001,313451.277057295257691,172800.000000000000000,,,,,900.000000000000000,,,2700.000000000000000,,,,,,,20175,SEWARD
1176918,1378571,2017500041380003001,32896.669258270398132,900.000000000000000,900.000000000000000,900.000000000000000,1800.000000000000000,1800.000000000000000,,,,,,,5400.000000000000000,6300.000000000000000,6272.000000000000000,9408.000000000000000,20175,SEWARD
1176919,1378572,2017500003710001001,135510.422684126911918,127800.000000000000000,,2700.000000000000000,96300.000000000000000,116100.000000000000000,,,,7200.000000000000000,,,,1800.000000000000000,9408.000000000000000,9408.000000000000000,20175,SEWARD
1176921,1378574,2017500003250014001,34620.185107988421805,900.000000000000000,1800.000000000000000,900.000000000000000,900.000000000000000,,,,900.000000000000000,,2700.000000000000000,6300.000000000000000,,2700.000000000000000,,,20175,SEWARD
1176922,1378575,2017500003170011001,520894.165949552261736,504000.000000000000000,3600.000000000000000,95400.000000000000000,2700.000000000000000,234000.000000000000000,,3600.000000000000000,,500400.000000000000000,,494100.000000000000000,502200.000000000000000,,454720.000000000000000,3136.000000000000000,20175,SEWARD
1176923,1378576,2017500000150002001,29729.271618275834044,,,900.000000000000000,900.000000000000000,,,,,,1800.000000000000000,,,,,,20175,SEWARD
1176924,1378577,2017500038420001001,509648.713532545254566,484200.000000000000000,,509400.000000000000000,,510300.000000000000000,,494100.000000000000000,1800.000000000000000,509400.000000000000000,2700.000000000000000,505800.000000000000000,,504000.000000000000000,,473536.000000000000000,20175,SEWARD
1176925,1378578,2017500003070001001,85425.512712825118797,18000.000000000000000,11700.000000000000000,,42300.000000000000000,2700.000000000000000,,900.000000000000000,,,6300.000000000000000,,,,53312.000000000000000,,20175,SEWARD
1176926,1378579,2017500041010001001,6158.672399159419001,,6300.000000000000000,,,,,,,,6300.000000000000000,6300.000000000000000,6300.000000000000000,5400.000000000000000,3136.000000000000000,6272.000000000000000,20175,SEWARD
1176927,1378580,2017500004090001002,63352.551101564924465,1800.000000000000000,10800.000000000000000,900.000000000000000,5400.000000000000000,2700.000000000000000,1800.000000000000000,900.000000000000000,9900.000000000000000,3600.000000000000000,6300.000000000000000,2700.000000000000000,1800.000000000000000,6300.000000000000000,,3136.000000000000000,20175,SEWARD
1176928,1378581,2017500034990001001,456202.614951097348239,455400.000000000000000,2700.000000000000000,456300.000000000000000,4500.000000000000000,454500.000000000000000,221400.000000000000000,450900.000000000000000,451800.000000000000000,325800.000000000000000,363600.000000000000000,441000.000000000000000,189000.000000000000000,36000.000000000000000,417088.000000000000000,332416.000000000000000,20175,SEWARD
1176929,1378582,2017500040060002001,65877.640461791146663,16200.000000000000000,2700.000000000000000,900.000000000000000,2700.000000000000000,900.000000000000000,,,1800.000000000000000,,,,,1800.000000000000000,,,20175,SEWARD
1176930,1378583,2017500003240005003,25782.071789929326769,,,,,,,,,,,,,,,,20175,SEWARD
1176932,1378585,2017500001440001001,515230.221865455969237,44100.000000000000000,417600.000000000000000,331200.000000000000000,51300.000000000000000,409500.000000000000000,45000.000000000000000,2700.000000000000000,24300.000000000000000,438300.000000000000000,476100.000000000000000,495900.000000000000000,900.000000000000000,495000.000000000000000,482944.000000000000000,15680.000000000000000,20175,SEWARD
1176933,1378586,2017500006930009001,402610.857336488727015,,,,,,,,,2700.000000000000000,,1800.000000000000000,,,3136.000000000000000,,20175,SEWARD
1176934,1378587,2017500002230006001,34578.302700786480273,900.000000000000000,,,,,,900.000000000000000,,,,900.000000000000000,,900.000000000000000,,12544.000000000000000,20175,SEWARD
1176935,1378588,2017500009240001001,32541.166123491442704,,,,900.000000000000000,,1800.000000000000000,,,,,8100.000000000000000,,6300.000000000000000,,,20175,SEWARD
1176936,1378589,2017500008740001001,628888.700691216043197,,,,,,,,,,,900.000000000000000,,,,,20175,SEWARD
1176937,1378590,2017500007160005001,174960.579630618012743,7200.000000000000000,,,,,,,,,,,,,,,20175,SEWARD
1176938,1378591,2017500004130002001,485246.055657491087914,369000.000000000000000,,450000.000000000000000,,474300.000000000000000,,900.000000000000000,,457200.000000000000000,417600.000000000000000,,480600.000000000000000,,473536.000000000000000,,20175,SEWARD
1176939,1378592,2017500001650001001,143447.319741355255246,,,,,,,,,,,,,,,,20175,SEWARD
1176940,1378593,2017500001510001003,21696.641196120268432,2700.000000000000000,1800.000000000000000,900.000000000000000,,2700.000000000000000,,1800.000000000000000,,,2700.000000000000000,,1800.000000000000000,,,,20175,SEWARD
1176941,1378594,2017500006710001001,961291.317946176859550,240300.000000000000000,22500.000000000000000,6300.000000000000000,300600.000000000000000,3600.000000000000000,4500.000000000000000,1800.000000000000000,27900.000000000000000,17100.000000000000000,3600.000000000000000,7200.000000000000000,19800.000000000000000,11700.000000000000000,,6272.000000000000000,20175,SEWARD
1176942,1378595,2017500033930001001,645572.307740910677239,1800.000000000000000,1800.000000000000000,,7200.000000000000000,,,,,,,4500.000000000000000,3600.000000000000000,,,,20175,SEWARD
1176943,1378596,2017500004410001001,30830.815460803576570,900.000000000000000,900.000000000000000,900.000000000000000,8100.000000000000000,,1800.000000000000000,,900.000000000000000,,9000.000000000000000,,,2700.000000000000000,,3136.000000000000000,20175,SEWARD
1176944,1378597,2017500042290015001,43541.556488912850909,5400.000000000000000,5400.000000000000000,2700.000000000000000,5400.000000000000000,2700.000000000000000,4500.000000000000000,900.000000000000000,5400.000000000000000,3600.000000000000000,2700.000000000000000,5400.000000000000000,9000.000000000000000,9900.000000000000000,6272.000000000000000,,20175,SEWARD
1176945,1378598,2017500005060001001,32804.717005857033655,,8100.000000000000000,,,,,,1800.000000000000000,,,1800.000000000000000,,900.000000000000000,,3136.000000000000000,20175,SEWARD
1176946,1378599,2017500005620001002,200930.648480251664296,,2700.000000000000000,900.000000000000000,,900.000000000000000,129600.000000000000000,,,2700.000000000000000,900.000000000000000,1800.000000000000000,149400.000000000000000,,,,20175,SEWARD
1176947,1378600,2017500036720002001,155056.168764527421445,6300.000000000000000,6300.000000000000000,4500.000000000000000,9900.000000000000000,,1800.000000000000000,,1800.000000000000000,,,8100.000000000000000,5400.000000000000000,,,,20175,SEWARD
1176948,1378601,2017500033480001001,215633.121427354693878,19800.000000000000000,183600.000000000000000,4500.000000000000000,199800.000000000000000,184500.000000000000000,180900.000000000000000,,180900.000000000000000,,105300.000000000000000,,180000.000000000000000,,,,20175,SEWARD
1176949,1378602,2017500040990002001,24501.830570938873279,900.000000000000000,9000.000000000000000,,,,,,1800.000000000000000,900.000000000000000,900.000000000000000,,4500.000000000000000,,,,20175,SEWARD
1176950,1378603,2017500009990001001,187452.850838392128935,1800.000000000000000,4500.000000000000000,2700.000000000000000,5400.000000000000000,6300.000000000000000,900.000000000000000,900.000000000000000,1800.000000000000000,16200.000000000000000,,,84600.000000000000000,,18816.000000000000000,40768.000000000000000,20175,SEWARD
1176951,1378604,2017500005670001001,304401.437860687903594,18000.000000000000000,1800.000000000000000,2700.000000000000000,18000.000000000000000,,,,,,900.000000000000000,5400.000000000000000,,900.000000000000000,,3136.000000000000000,20175,SEWARD
1176952,1378605,2017500002940007001,36164.818844302113575,12600.000000000000000,9000.000000000000000,3600.000000000000000,11700.000000000000000,9900.000000000000000,9900.000000000000000,4500.000000000000000,6300.000000000000000,5400.000000000000000,11700.000000000000000,11700.000000000000000,12600.000000000000000,900.000000000000000,,,20175,SEWARD
1176953,1378606,2017500001100001001,146227.720652410003822,29700.000000000000000,900.000000000000000,18900.000000000000000,115200.000000000000000,,,,17100.000000000000000,,,,,,,,20175,SEWARD
1176954,1378607,2017500041850001001,493775.943415972578805,72000.000000000000000,900.000000000000000,207900.000000000000000,418500.000000000000000,,,900.000000000000000,900.000000000000000,3600.000000000000000,900.000000000000000,,,4500.000000000000000,,18816.000000000000000,20175,SEWARD
1176955,1378608,2017500003930001002,214847.610433359921444,3600.000000000000000,195300.000000000000000,5400.000000000000000,206100.000000000000000,,,,,,,,166500.000000000000000,,,,20175,SEWARD
1176956,1378609,2017500035940001001,36981.194325527590991,27900.000000000000000,18000.000000000000000,900.000000000000000,30600.000000000000000,,900.000000000000000,1800.000000000000000,900.000000000000000,5400.000000000000000,900.000000000000000,900.000000000000000,900.000000000000000,,40768.000000000000000,3136.000000000000000,20175,SEWARD
1176957,1378610,2017500033710004001,156953.185451382712927,1800.000000000000000,27000.000000000000000,99000.000000000000000,,900.000000000000000,62100.000000000000000,,8100.000000000000000,7200.000000000000000,,8100.000000000000000,153900.000000000000000,,,,20175,SEWARD
1176958,1378611,2017500033510002001,587529.034061511629261,401400.000000000000000,4500.000000000000000,9900.000000000000000,6300.000000000000000,455400.000000000000000,22500.000000000000000,7200.000000000000000,,1800.000000000000000,,1800.000000000000000,2700.000000000000000,1800.000000000000000,3136.000000000000000,297920.000000000000000,20175,SEWARD
1176959,1378612,2017500042070001001,454530.558596647810191,67500.000000000000000,261900.000000000000000,,101700.000000000000000,1800.000000000000000,,,2700.000000000000000,,1800.000000000000000,,900.000000000000000,8100.000000000000000,,,20175,SEWARD
1176960,1378613,2017500033080002001,31181.559695013940654,7200.000000000000000,,3600.000000000000000,,900.000000000000000,900.000000000000000,,,6300.000000000000000,,9000.000000000000000,,4500.000000000000000,,,20175,SEWARD
1176961,1378614,2017500001840001003,510784.024100041075144,512100.000000000000000,511200.000000000000000,503100.000000000000000,504900.000000000000000,502200.000000000000000,482400.000000000000000,487800.000000000000000,500400.000000000000000,506700.000000000000000,504900.000000000000000,495000.000000000000000,502200.000000000000000,502200.000000000000000,454720.000000000000000,473536.000000000000000,20175,SEWARD
1176962,1378616,2017500000260001001,101269.317655927006854,,,,,,,,,,,,,,,,20175,SEWARD
1176963,1378617,2017500041780008001,34245.683186404952721,4500.000000000000000,8100.000000000000000,1800.000000000000000,19800.000000000000000,5400.000000000000000,,,,,2700.000000000000000,4500.000000000000000,,5400.000000000000000,,,20175,SEWARD
1176964,1378618,2017500034330005001,32666.585508828851744,,1800.000000000000000,1800.000000000000000,4500.000000000000000,4500.000000000000000,5400.000000000000000,4500.000000000000000,2700.000000000000000,,6300.000000000000000,4500.000000000000000,,,,3136.000000000000000,20175,SEWARD
1176965,1378619,2017500036370001002,157465.672691530897282,142200.000000000000000,147600.000000000000000,139500.000000000000000,,,,,,131400.000000000000000,41400.000000000000000,,,,,9408.000000000000000,20175,SEWARD
1176966,1378620,2017500009770010001,33301.097775851128972,6300.000000000000000,5400.000000000000000,2700.000000000000000,1800.000000000000000,9900.000000000000000,10800.000000000000000,1800.000000000000000,9900.000000000000000,6300.000000000000000,5400.000000000000000,16200.000000000000000,18000.000000000000000,9900.000000000000000,6272.000000000000000,6272.000000000000000,20175,SEWARD
1176967,1378621,2017500010030001001,387570.897226061264519,,,,,,,,,,,,,,,,20175,SEWARD
1176968,1378622,2017500002960001001,313598.060616383270826,3600.000000000000000,,,,900.000000000000000,900.000000000000000,,,,900.000000000000000,,,,,,20175,SEWARD
1176969,1378623,2017500037750001001,103738.046915926475776,12600.000000000000000,15300.000000000000000,6300.000000000000000,15300.000000000000000,4500.000000000000000,,6300.000000000000000,900.000000000000000,3600.000000000000000,17100.000000000000000,9000.000000000000000,2700.000000000000000,,,28224.000000000000000,20175,SEWARD
1176970,1378624,2017500004100006001,31075.911939848901966,5400.000000000000000,15300.000000000000000,9000.000000000000000,30600.000000000000000,25200.000000000000000,27000.000000000000000,28800.000000000000000,27900.000000000000000,29700.000000000000000,27000.000000000000000,27000.000000000000000,,26100.000000000000000,31360.000000000000000,28224.000000000000000,20175,SEWARD
1176971,1378625,2017500001750001001,157443.879817425942747,15300.000000000000000,1800.000000000000000,4500.000000000000000,2700.000000000000000,,1800.000000000000000,,1800.000000000000000,,900.000000000000000,,,,,,20175,SEWARD
1176972,1378626,2017500034590001001,320713.243741862475872,8100.000000000000000,16200.000000000000000,10800.000000000000000,232200.000000000000000,75600.000000000000000,,,,10800.000000000000000,,,,3600.000000000000000,,,20175,SEWARD
1176973,1378627,2017500001450001001,1039022.359745546127670,1034100.000000000000000,1032300.000000000000000,511200.000000000000000,585000.000000000000000,1032300.000000000000000,1005300.000000000000000,1026900.000000000000000,1014300.000000000000000,1030500.000000000000000,1028700.000000000000000,861300.000000000000000,,900.000000000000000,,3136.000000000000000,20175,SEWARD
1176974,1378628,2017500040490001002,60078.004333624179708,,,,,,,,,6300.000000000000000,,1800.000000000000000,,8100.000000000000000,,3136.000000000000000,20175,SEWARD
1176975,1378629,2017500036960002001,628779.716547125484794,4500.000000000000000,6300.000000000000000,,,8100.000000000000000,,,,,,3600.000000000000000,,5400.000000000000000,,,20175,SEWARD
1176976,1378630,2017500002230003001,35565.805146750557469,,1800.000000000000000,,1800.000000000000000,,2700.000000000000000,,,,900.000000000000000,,900.000000000000000,,,,20175,SEWARD
1176977,1378631,2017500039730009001,33611.977171899103269,2700.000000000000000,,,,2700.000000000000000,,,1800.000000000000000,,3600.000000000000000,900.000000000000000,,,6272.000000000000000,,20175,SEWARD
1176978,1378632,2017500040430002001,32255.187837243622198,900.000000000000000,3600.000000000000000,,,,,1800.000000000000000,5400.000000000000000,,,2700.000000000000000,1800.000000000000000,900.000000000000000,3136.000000000000000,,20175,SEWARD
1176979,1378633,2017500042830003001,15101.980217704820461,10800.000000000000000,9900.000000000000000,9000.000000000000000,900.000000000000000,7200.000000000000000,,,,,900.000000000000000,,,,,,20175,SEWARD
1176980,1378634,2017500011560008001,506766.636719073576387,124200.000000000000000,484200.000000000000000,,48600.000000000000000,,,,2700.000000000000000,91800.000000000000000,4500.000000000000000,173700.000000000000000,,1800.000000000000000,28224.000000000000000,,20175,SEWARD
1176981,1378635,2017500042940001001,425035.704217794234864,216900.000000000000000,900.000000000000000,,,,,,,,90900.000000000000000,900.000000000000000,,,62720.000000000000000,,20175,SEWARD
1176982,1378636,2017500009090001001,249213.329513982200297,5400.000000000000000,,1800.000000000000000,,,900.000000000000000,,1800.000000000000000,,900.000000000000000,,1800.000000000000000,7200.000000000000000,,,20175,SEWARD
1176983,1378637,2017500009690008001,31861.787345780525357,1800.000000000000000,,,900.000000000000000,,,,,,,7200.000000000000000,4500.000000000000000,,,,20175,SEWARD
1176984,1378638,2017500012030005001,108114.370227990380954,,,,,,,,,,,,,,,,20175,SEWARD
1176985,1378639,2017500002750001001,515067.286636413366068,508500.000000000000000,500400.000000000000000,482400.000000000000000,,507600.000000000000000,502200.000000000000000,481500.000000000000000,495900.000000000000000,505800.000000000000000,488700.000000000000000,479700.000000000000000,487800.000000000000000,,464128.000000000000000,3136.000000000000000,20175,SEWARD
1176986,1378640,2017500000360001001,632630.652001251000911,2700.000000000000000,,,8100.000000000000000,,900.000000000000000,8100.000000000000000,,,,3600.000000000000000,,,,,20175,SEWARD
1176987,1378641,2017500003570001001,163575.679154961486347,156600.000000000000000,158400.000000000000000,156600.000000000000000,156600.000000000000000,155700.000000000000000,159300.000000000000000,900.000000000000000,68400.000000000000000,6300.000000000000000,36900.000000000000000,,40500.000000000000000,1800.000000000000000,9408.000000000000000,,20175,SEWARD
1176988,1378642,2017500001110001001,609745.394616563571617,81900.000000000000000,130500.000000000000000,2700.000000000000000,25200.000000000000000,12600.000000000000000,,,51300.000000000000000,6300.000000000000000,,166500.000000000000000,,,,511168.000000000000000,20175,SEWARD
1176989,1378644,2017500001370001002,8298.641557274864681,,,,,,,,,,,,2700.000000000000000,,,,20175,SEWARD
1176990,1378645,2017500004020001001,506751.779156624805182,498600.000000000000000,498600.000000000000000,2700.000000000000000,501300.000000000000000,495000.000000000000000,468000.000000000000000,483300.000000000000000,95400.000000000000000,487800.000000000000000,395100.000000000000000,477900.000000000000000,263700.000000000000000,470700.000000000000000,454720.000000000000000,119168.000000000000000,20175,SEWARD
1176991,1378647,2017500006990008001,18649.922139332116785,4500.000000000000000,4500.000000000000000,900.000000000000000,3600.000000000000000,4500.000000000000000,900.000000000000000,,900.000000000000000,,6300.000000000000000,3600.000000000000000,3600.000000000000000,1800.000000000000000,,6272.000000000000000,20175,SEWARD
1176992,1378648,2017500036230001001,482993.711646347481292,3600.000000000000000,,,,4500.000000000000000,,,,17100.000000000000000,900.000000000000000,3600.000000000000000,5400.000000000000000,14400.000000000000000,,3136.000000000000000,20175,SEWARD
1176993,1378649,2017500001150022001,23122.448705245107703,4500.000000000000000,1800.000000000000000,,,3600.000000000000000,1800.000000000000000,,,,,,,4500.000000000000000,,12544.000000000000000,20175,SEWARD
1176994,1378650,2017500007260001001,391568.613603841688018,144000.000000000000000,266400.000000000000000,244800.000000000000000,215100.000000000000000,259200.000000000000000,226800.000000000000000,218700.000000000000000,300600.000000000000000,76500.000000000000000,5400.000000000000000,151200.000000000000000,2700.000000000000000,17100.000000000000000,21952.000000000000000,,20175,SEWARD
1176995,1378651,2017500036180002001,199469.567647837306140,13500.000000000000000,171000.000000000000000,16200.000000000000000,180900.000000000000000,10800.000000000000000,168300.000000000000000,160200.000000000000000,63000.000000000000000,,20700.000000000000000,166500.000000000000000,,163800.000000000000000,,,20175,SEWARD
1176996,1378652,2017500009200001002,531537.661133916117251,,7200.000000000000000,5400.000000000000000,,13500.000000000000000,,,900.000000000000000,900.000000000000000,,2700.000000000000000,,,6272.000000000000000,,20175,SEWARD
1176997,1378653,2017500042850002002,597889.779727757908404,139500.000000000000000,900.000000000000000,4500.000000000000000,900.000000000000000,,,,4500.000000000000000,,6300.000000000000000,,1800.000000000000000,302400.000000000000000,6272.000000000000000,12544.000000000000000,20175,SEWARD
1176998,1378654,2017500009000004001,36268.745492304617073,,3600.000000000000000,,900.000000000000000,1800.000000000000000,,1800.000000000000000,900.000000000000000,900.000000000000000,4500.000000000000000,4500.000000000000000,2700.000000000000000,4500.000000000000000,3136.000000000000000,,20175,SEWARD
1176999,1378655,2017500034430001001,112667.439555145509075,4500.000000000000000,,,2700.000000000000000,1800.000000000000000,2700.000000000000000,,,18000.000000000000000,2700.000000000000000,6300.000000000000000,900.000000000000000,5400.000000000000000,,6272.000000000000000,20175,SEWARD
1177000,1378656,2017500002070001001,36657.049019968362700,11700.000000000000000,18000.000000000000000,13500.000000000000000,25200.000000000000000,900.000000000000000,,,,8100.000000000000000,,900.000000000000000,,6300.000000000000000,,3136.000000000000000,20175,SEWARD
1177001,1378657,2017500041070001003,36014.782494614788448,11700.000000000000000,,,,,900.000000000000000,,,,1800.000000000000000,1800.000000000000000,,,,,20175,SEWARD
1177002,1378658,2017500033160001002,510084.153067153238226,505800.000000000000000,499500.000000000000000,497700.000000000000000,503100.000000000000000,504900.000000000000000,492300.000000000000000,480600.000000000000000,493200.000000000000000,507600.000000000000000,503100.000000000000000,900.000000000000000,502200.000000000000000,33300.000000000000000,467264.000000000000000,,20175,SEWARD
1177003,1378659,2017500000130008001,76593.087378404801711,,,,,,,,,,,,,,,,20175,SEWARD
1177004,1378660,2017500008260001001,23424.973193551311851,21600.000000000000000,,,17100.000000000000000,17100.000000000000000,,,2700.000000000000000,,2700.000000000000000,18000.000000000000000,,3600.000000000000000,6272.000000000000000,,20175,SEWARD
1177005,1378661,2017500010100001001,123362.795471624791389,119700.000000000000000,900.000000000000000,900.000000000000000,108000.000000000000000,,4500.000000000000000,26100.000000000000000,,6300.000000000000000,900.000000000000000,9000.000000000000000,1800.000000000000000,12600.000000000000000,103488.000000000000000,18816.000000000000000,20175,SEWARD
1177006,1378662,2017500004180003001,31073.519275723923784,,,,27000.000000000000000,,,,,,,,4500.000000000000000,,,,20175,SEWARD
1177007,1378663,2017500002840001001,321692.221509515948128,900.000000000000000,,,286200.000000000000000,1800.000000000000000,,,,,,,,5400.000000000000000,12544.000000000000000,62720.000000000000000,20175,SEWARD
1177008,1378664,2017500040260010001,32319.936121005463065,3600.000000000000000,4500.000000000000000,3600.000000000000000,4500.000000000000000,5400.000000000000000,2700.000000000000000,,3600.000000000000000,1800.000000000000000,7200.000000000000000,8100.000000000000000,9000.000000000000000,8100.000000000000000,6272.000000000000000,15680.000000000000000,20175,SEWARD
1177009,1378665,2017500036270001001,225387.513772968668491,,4500.000000000000000,900.000000000000000,,,,,,,,3600.000000000000000,,,,,20175,SEWARD
1177010,1378666,2017500040800001001,268644.275006570038386,,254700.000000000000000,,,7200.000000000000000,,,1800.000000000000000,,,,,,,,20175,SEWARD
1177011,1378667,2017500007580001002,83905.351475002913503,18900.000000000000000,23400.000000000000000,10800.000000000000000,,82800.000000000000000,,33300.000000000000000,5400.000000000000000,46800.000000000000000,4500.000000000000000,,6300.000000000000000,,9408.000000000000000,,20175,SEWARD
1177012,1378668,2017500005350001001,440436.694872189080343,2700.000000000000000,435600.000000000000000,,432900.000000000000000,161100.000000000000000,432000.000000000000000,,432000.000000000000000,14400.000000000000000,418500.000000000000000,3600.000000000000000,432900.000000000000000,3600.000000000000000,376320.000000000000000,144256.000000000000000,20175,SEWARD
1177013,1378669,2017500040990002003,10434.668442441437946,900.000000000000000,,,900.000000000000000,,,,,,,,,900.000000000000000,,,20175,SEWARD
1177014,1378670,2017500008690001004,39332.345174055357347,1800.000000000000000,,,6300.000000000000000,900.000000000000000,,900.000000000000000,,4500.000000000000000,,2700.000000000000000,900.000000000000000,2700.000000000000000,,,20175,SEWARD
1177015,1378671,2017500043010001001,122999.002935619399068,,,,1800.000000000000000,1800.000000000000000,,,,,,1800.000000000000000,1800.000000000000000,,,,20175,SEWARD
1177016,1378672,2017500010100001002,121379.250169120889041,,10800.000000000000000,99000.000000000000000,,,900.000000000000000,,14400.000000000000000,3600.000000000000000,900.000000000000000,900.000000000000000,,,3136.000000000000000,,20175,SEWARD
1177018,1378674,2017500006650001001,188372.034089105698513,1800.000000000000000,11700.000000000000000,,43200.000000000000000,5400.000000000000000,,7200.000000000000000,60300.000000000000000,,,,,,,,20175,SEWARD
1177019,1378675,2017500001570001004,286142.292759256961290,198900.000000000000000,258300.000000000000000,217800.000000000000000,262800.000000000000000,15300.000000000000000,213300.000000000000000,146700.000000000000000,900.000000000000000,27000.000000000000000,1800.000000000000000,241200.000000000000000,64800.000000000000000,265500.000000000000000,,,20175,SEWARD
1177020,1378677,2017500009000003002,34365.031719790742500,900.000000000000000,1800.000000000000000,1800.000000000000000,,11700.000000000000000,900.000000000000000,900.000000000000000,4500.000000000000000,1800.000000000000000,6300.000000000000000,9000.000000000000000,9000.000000000000000,19800.000000000000000,25088.000000000000000,6272.000000000000000,20175,SEWARD
1177021,1378678,2017500003020001001,703686.471289449953474,54900.000000000000000,625500.000000000000000,,645300.000000000000000,3600.000000000000000,,,24300.000000000000000,,343800.000000000000000,900.000000000000000,4500.000000000000000,498600.000000000000000,,457856.000000000000000,20175,SEWARD
1177022,1378679,2017500002970001001,1249146.227038512937725,3600.000000000000000,19800.000000000000000,96300.000000000000000,51300.000000000000000,55800.000000000000000,135000.000000000000000,900.000000000000000,9000.000000000000000,,38700.000000000000000,454500.000000000000000,86400.000000000000000,57600.000000000000000,18816.000000000000000,3136.000000000000000,20175,SEWARD
1177023,1378680,2017500039080002001,303350.121981539763510,,,,,,,,,,,,,,,,20175,SEWARD
1177024,1378681,2017500040740002001,31864.551562972097599,4500.000000000000000,900.000000000000000,,,,,,,,,1800.000000000000000,,,,,20175,SEWARD
1177025,1378682,2017500001540001004,25642.818240680393501,16200.000000000000000,900.000000000000000,,16200.000000000000000,,,,,,,,2700.000000000000000,,,,20175,SEWARD
1177026,1378683,2017500001080001002,154880.894626391411293,8100.000000000000000,49500.000000000000000,1800.000000000000000,9000.000000000000000,,27900.000000000000000,,,,,,,1800.000000000000000,,,20175,SEWARD
1177027,1378684,2017500041780006001,34714.921029148114030,4500.000000000000000,2700.000000000000000,4500.000000000000000,28800.000000000000000,,,900.000000000000000,,2700.000000000000000,4500.000000000000000,,9900.000000000000000,4500.000000000000000,,25088.000000000000000,20175,SEWARD
1177028,1378685,2017500038650002002,5408.242047827393435,,,,3600.000000000000000,,,,,,900.000000000000000,,1800.000000000000000,1800.000000000000000,,,20175,SEWARD
1177029,1378686,2017500007140007001,37230.994797720304632,,3600.000000000000000,,900.000000000000000,,900.000000000000000,2700.000000000000000,,8100.000000000000000,,8100.000000000000000,2700.000000000000000,8100.000000000000000,,,20175,SEWARD
1177030,1378687,2017500039040003001,48563.750124701044115,1800.000000000000000,1800.000000000000000,1800.000000000000000,900.000000000000000,900.000000000000000,900.000000000000000,,900.000000000000000,19800.000000000000000,900.000000000000000,7200.000000000000000,900.000000000000000,33300.000000000000000,,,20175,SEWARD
1177031,1378688,2017500038720001001,628148.863179381936789,2700.000000000000000,57600.000000000000000,,521100.000000000000000,1800.000000000000000,,,1800.000000000000000,,3600.000000000000000,7200.000000000000000,1800.000000000000000,1800.000000000000000,9408.000000000000000,,20175,SEWARD
1177032,1378689,2017500042980004001,284917.805304638342932,,900.000000000000000,,,,,,,,,,,,,,20175,SEWARD
1177033,1378690,2017500009230001002,510660.542947463807650,8100.000000000000000,7200.000000000000000,20700.000000000000000,,,,,1800.000000000000000,,,,900.000000000000000,14400.000000000000000,9408.000000000000000,,20175,SEWARD
1177034,1378691,2017500005610001001,1031865.573266380466521,31500.000000000000000,6300.000000000000000,,26100.000000000000000,494100.000000000000000,479700.000000000000000,3600.000000000000000,25200.000000000000000,489600.000000000000000,404100.000000000000000,4500.000000000000000,37800.000000000000000,499500.000000000000000,426496.000000000000000,3136.000000000000000,20175,SEWARD
1177035,1378692,2017500009240001003,506246.389384024485480,157500.000000000000000,1800.000000000000000,,486000.000000000000000,,86400.000000000000000,,,,,478800.000000000000000,,469800.000000000000000,,,20175,SEWARD
1177036,1378693,2017500038460001003,31812.206764846334409,5400.000000000000000,6300.000000000000000,,,8100.000000000000000,,,,,900.000000000000000,900.000000000000000,2700.000000000000000,,3136.000000000000000,,20175,SEWARD
1177037,1378694,2017500042120001003,349545.473616675008088,9000.000000000000000,,,37800.000000000000000,,,,39600.000000000000000,6300.000000000000000,,,,,3136.000000000000000,,20175,SEWARD
1177038,1378695,2017500037760003001,26888.674069608168793,1800.000000000000000,1800.000000000000000,,900.000000000000000,900.000000000000000,900.000000000000000,,,1800.000000000000000,,5400.000000000000000,,2700.000000000000000,,,20175,SEWARD
1177039,1378696,2017500041950002001,76266.857492464943789,,,,,,,,,,,,,,,,20175,SEWARD
1177040,1378697,2017500004720001001,502063.573569338303059,495900.000000000000000,495000.000000000000000,473400.000000000000000,486900.000000000000000,488700.000000000000000,487800.000000000000000,471600.000000000000000,481500.000000000000000,485100.000000000000000,441000.000000000000000,113400.000000000000000,492300.000000000000000,486900.000000000000000,470400.000000000000000,344960.000000000000000,20175,SEWARD
1177041,1378698,2017500007400001001,503432.614548636949621,5400.000000000000000,490500.000000000000000,4500.000000000000000,11700.000000000000000,,487800.000000000000000,206100.000000000000000,489600.000000000000000,42300.000000000000000,486900.000000000000000,21600.000000000000000,491400.000000000000000,1800.000000000000000,470400.000000000000000,197568.000000000000000,20175,SEWARD
1177042,1378699,2017500001540005001,32938.815165561121830,,7200.000000000000000,,3600.000000000000000,,1800.000000000000000,,900.000000000000000,,9900.000000000000000,1800.000000000000000,4500.000000000000000,,,12544.000000000000000,20175,SEWARD
1177043,1378700,2017500035460001002,124955.122991542448290,49500.000000000000000,48600.000000000000000,49500.000000000000000,49500.000000000000000,45900.000000000000000,45900.000000000000000,46800.000000000000000,46800.000000000000000,54000.000000000000000,53100.000000000000000,46800.000000000000000,55800.000000000000000,54900.000000000000000,47040.000000000000000,59584.000000000000000,20175,SEWARD
1177044,1378701,2017500010110002002,36901.335565254921676,4500.000000000000000,,900.000000000000000,900.000000000000000,5400.000000000000000,900.000000000000000,900.000000000000000,3600.000000000000000,1800.000000000000000,7200.000000000000000,3600.000000000000000,1800.000000000000000,2700.000000000000000,,,20175,SEWARD
1177045,1378702,2017500006930007001,136106.341011079348391,,,,,900.000000000000000,,,,,1800.000000000000000,,,,,,20175,SEWARD
1177046,1378703,2017500005640001002,264074.609695361752529,254700.000000000000000,9000.000000000000000,241200.000000000000000,1800.000000000000000,260100.000000000000000,238500.000000000000000,243000.000000000000000,253800.000000000000000,254700.000000000000000,255600.000000000000000,246600.000000000000000,256500.000000000000000,259200.000000000000000,228928.000000000000000,153664.000000000000000,20175,SEWARD
1177047,1378705,2017500002600001001,190776.523425882478477,,,,183600.000000000000000,182700.000000000000000,,,,,,154800.000000000000000,,,9408.000000000000000,,20175,SEWARD
1177048,1378706,2017500009810001001,19586.110119171869883,2700.000000000000000,,,,,14400.000000000000000,,,,,,,900.000000000000000,,,20175,SEWARD
1177049,1378707,2017500041240004001,517260.592904931399971,18900.000000000000000,8100.000000000000000,473400.000000000000000,14400.000000000000000,,,,900.000000000000000,,1800.000000000000000,,,,457856.000000000000000,,20175,SEWARD
1177050,1378708,2017500001620004001,22206.284316568780923,900.000000000000000,2700.000000000000000,900.000000000000000,,1800.000000000000000,,2700.000000000000000,,,,6300.000000000000000,,,,,20175,SEWARD
1177051,1378709,2017500005270001001,403444.755314905371051,3600.000000000000000,,,3600.000000000000000,5400.000000000000000,1800.000000000000000,,900.000000000000000,,,,,,,,20175,SEWARD
1177052,1378710,2017500033210001001,310443.397602878219914,,,900.000000000000000,,,,,,,,,,,,,20175,SEWARD
1177053,1378711,2017500009760001001,381989.314519797917455,384300.000000000000000,16200.000000000000000,377100.000000000000000,1800.000000000000000,378900.000000000000000,21600.000000000000000,362700.000000000000000,27000.000000000000000,376200.000000000000000,16200.000000000000000,374400.000000000000000,372600.000000000000000,378900.000000000000000,335552.000000000000000,370048.000000000000000,20175,SEWARD
1177054,1378712,2017500038950003001,538865.870798987336457,458100.000000000000000,83700.000000000000000,457200.000000000000000,1800.000000000000000,,475200.000000000000000,1800.000000000000000,,210600.000000000000000,,,207900.000000000000000,,191296.000000000000000,15680.000000000000000,20175,SEWARD
1177055,1378713,2017500033080002002,32571.301026348784944,5400.000000000000000,,900.000000000000000,,,,,,6300.000000000000000,,1800.000000000000000,,900.000000000000000,,,20175,SEWARD
1177056,1378714,2017500041560016001,435319.401796505146194,15300.000000000000000,2700.000000000000000,52200.000000000000000,900.000000000000000,13500.000000000000000,,,3600.000000000000000,215100.000000000000000,415800.000000000000000,428400.000000000000000,431100.000000000000000,423000.000000000000000,413952.000000000000000,407680.000000000000000,20175,SEWARD
1177057,1378715,2017500039040003002,351435.206115613458678,25200.000000000000000,32400.000000000000000,7200.000000000000000,12600.000000000000000,27900.000000000000000,3600.000000000000000,3600.000000000000000,13500.000000000000000,140400.000000000000000,12600.000000000000000,20700.000000000000000,11700.000000000000000,177300.000000000000000,3136.000000000000000,21952.000000000000000,20175,SEWARD
1177058,1378716,2017500009180002001,94062.363824113082956,,,,,,,,,,,,,,,,20175,SEWARD
1177059,1378717,2017500004910003002,519620.304411895922385,,2700.000000000000000,500400.000000000000000,512100.000000000000000,492300.000000000000000,490500.000000000000000,460800.000000000000000,478800.000000000000000,491400.000000000000000,491400.000000000000000,487800.000000000000000,513000.000000000000000,483300.000000000000000,460992.000000000000000,417088.000000000000000,20175,SEWARD
1177060,1378718,2017500042120001004,528546.689503322355449,,900.000000000000000,,,5400.000000000000000,,,10800.000000000000000,900.000000000000000,2700.000000000000000,,,,3136.000000000000000,,20175,SEWARD
1177061,1378719,2017500005060002001,30916.736577332809247,,27000.000000000000000,,,,,2700.000000000000000,3600.000000000000000,,2700.000000000000000,,9000.000000000000000,,3136.000000000000000,28224.000000000000000,20175,SEWARD
1177062,1378720,2017500040150005001,32248.368140361308178,1800.000000000000000,,2700.000000000000000,900.000000000000000,2700.000000000000000,,,,,,3600.000000000000000,1800.000000000000000,3600.000000000000000,,3136.000000000000000,20175,SEWARD
1177063,1378721,2017500002800001001,100413.847359220366343,,,,,,,,,,,8100.000000000000000,96300.000000000000000,900.000000000000000,,,20175,SEWARD
1177064,1378722,2017500000310001002,30803.286905114258843,,,900.000000000000000,,,,,,3600.000000000000000,900.000000000000000,1800.000000000000000,6300.000000000000000,2700.000000000000000,3136.000000000000000,12544.000000000000000,20175,SEWARD
1177065,1378723,2017500000920003001,153333.180756386311259,900.000000000000000,900.000000000000000,,,2700.000000000000000,,,900.000000000000000,,1800.000000000000000,117900.000000000000000,,,,,20175,SEWARD
1177066,1378724,2017500000330001002,35233.212208499404369,3600.000000000000000,2700.000000000000000,1800.000000000000000,9000.000000000000000,2700.000000000000000,900.000000000000000,,1800.000000000000000,2700.000000000000000,4500.000000000000000,2700.000000000000000,,6300.000000000000000,9408.000000000000000,,20175,SEWARD
1177067,1378725,2017500006570001001,62589.634273277071770,,,,,,,,,,,,,,,,20175,SEWARD
1177068,1378726,2017500035980001001,40399.970275226027297,6300.000000000000000,,,,,,,,900.000000000000000,,,,900.000000000000000,,,20175,SEWARD
1177069,1378727,2017500001170017001,37863.601249303384975,,900.000000000000000,900.000000000000000,,900.000000000000000,,,,,,5400.000000000000000,2700.000000000000000,6300.000000000000000,,,20175,SEWARD
1177070,1378728,2017500003180005001,39283.682790714417933,2700.000000000000000,,,23400.000000000000000,900.000000000000000,,,,8100.000000000000000,900.000000000000000,9000.000000000000000,3600.000000000000000,900.000000000000000,,9408.000000000000000,20175,SEWARD
1177071,1378729,2017500004000005001,23644.041065063545830,,2700.000000000000000,,,,,,,,3600.000000000000000,5400.000000000000000,5400.000000000000000,2700.000000000000000,,,20175,SEWARD
1177072,1378730,2017500002190001001,632352.445704137091525,2700.000000000000000,1800.000000000000000,,9900.000000000000000,900.000000000000000,,,,,,9000.000000000000000,,900.000000000000000,,12544.000000000000000,20175,SEWARD
1177073,1378731,2017500001950001001,134888.730949473392684,23400.000000000000000,26100.000000000000000,92700.000000000000000,103500.000000000000000,87300.000000000000000,67500.000000000000000,81000.000000000000000,4500.000000000000000,24300.000000000000000,,900.000000000000000,4500.000000000000000,900.000000000000000,,,20175,SEWARD
1177074,1378732,2017500001840001006,24184.962427885093348,2700.000000000000000,22500.000000000000000,,6300.000000000000000,900.000000000000000,,,,6300.000000000000000,3600.000000000000000,1800.000000000000000,,900.000000000000000,,18816.000000000000000,20175,SEWARD
1177075,1378733,2017500035940001002,168459.377663696504897,1800.000000000000000,169200.000000000000000,167400.000000000000000,6300.000000000000000,160200.000000000000000,1800.000000000000000,153000.000000000000000,166500.000000000000000,167400.000000000000000,167400.000000000000000,15300.000000000000000,48600.000000000000000,900.000000000000000,109760.000000000000000,31360.000000000000000,20175,SEWARD
1177076,1378734,2017500038650002003,457674.766022654366679,,446400.000000000000000,,459000.000000000000000,,443700.000000000000000,,414900.000000000000000,192600.000000000000000,365400.000000000000000,215100.000000000000000,262800.000000000000000,10800.000000000000000,351232.000000000000000,181888.000000000000000,20175,SEWARD
1177077,1378735,2017500042520004001,54132.943128082064504,,,,,,,,,,,,,,,,20175,SEWARD
1177078,1378736,2017500039580014001,32822.644019472347281,,5400.000000000000000,1800.000000000000000,3600.000000000000000,,6300.000000000000000,,1800.000000000000000,3600.000000000000000,,2700.000000000000000,3600.000000000000000,,3136.000000000000000,,20175,SEWARD
1177079,1378737,2017500007740001001,482875.421774791844655,1800.000000000000000,2700.000000000000000,,9900.000000000000000,,10800.000000000000000,,,,,,32400.000000000000000,,,,20175,SEWARD
1177080,1378738,2017500009050001003,498036.946039255941287,119700.000000000000000,493200.000000000000000,,483300.000000000000000,4500.000000000000000,477900.000000000000000,,490500.000000000000000,53100.000000000000000,486900.000000000000000,50400.000000000000000,486000.000000000000000,484200.000000000000000,473536.000000000000000,451584.000000000000000,20175,SEWARD
1177081,1378739,2017500001840001007,23771.126641381073568,1800.000000000000000,20700.000000000000000,,2700.000000000000000,,,,,5400.000000000000000,,,,900.000000000000000,,3136.000000000000000,20175,SEWARD
1177082,1378740,2017500006250003001,194885.099935247591930,2700.000000000000000,,,,27900.000000000000000,900.000000000000000,,,,,,,,,6272.000000000000000,20175,SEWARD
1177083,1378741,2017500000540001002,34763.162673877763154,3600.000000000000000,26100.000000000000000,,,,,900.000000000000000,,,,900.000000000000000,900.000000000000000,900.000000000000000,,,20175,SEWARD
1177084,1378742,2017500040990002006,9792.411271325046982,,5400.000000000000000,,,,,,900.000000000000000,,,,,,,,20175,SEWARD
1177085,1378743,2017500039570002001,33158.412996061677404,900.000000000000000,1800.000000000000000,,900.000000000000000,900.000000000000000,900.000000000000000,900.000000000000000,,900.000000000000000,,5400.000000000000000,900.000000000000000,3600.000000000000000,,,20175,SEWARD
1177086,1378744,2017500005640001003,54363.713291147272685,9000.000000000000000,33300.000000000000000,900.000000000000000,2700.000000000000000,12600.000000000000000,,,,900.000000000000000,900.000000000000000,,1800.000000000000000,14400.000000000000000,,,20175,SEWARD
1177087,1378745,2017500041560017001,346835.409380897239316,1800.000000000000000,5400.000000000000000,,,900.000000000000000,1800.000000000000000,,,9900.000000000000000,1800.000000000000000,30600.000000000000000,18900.000000000000000,10800.000000000000000,6272.000000000000000,9408.000000000000000,20175,SEWARD
1177088,1378746,2017500002550001001,640637.513667915249243,603000.000000000000000,,1800.000000000000000,599400.000000000000000,,,,,3600.000000000000000,2700.000000000000000,,1800.000000000000000,,,,20175,SEWARD
1177089,1378747,2017500002820001001,204538.932511401304509,174600.000000000000000,203400.000000000000000,9000.000000000000000,198000.000000000000000,,,,,,,196200.000000000000000,,,163072.000000000000000,,20175,SEWARD
1177090,1378748,2017500007140010001,54813.064345121558290,,,,,,,,,,,900.000000000000000,,,,,20175,SEWARD
1177091,1378749,2017500003460001002,37844.362042203356395,36000.000000000000000,2700.000000000000000,1800.000000000000000,3600.000000000000000,900.000000000000000,,,6300.000000000000000,36000.000000000000000,,35100.000000000000000,,3600.000000000000000,12544.000000000000000,,20175,SEWARD
1177092,1378750,2017500001590001001,31244.858257077561575,,6300.000000000000000,900.000000000000000,10800.000000000000000,12600.000000000000000,17100.000000000000000,4500.000000000000000,1800.000000000000000,,,14400.000000000000000,3600.000000000000000,9000.000000000000000,3136.000000000000000,6272.000000000000000,20175,SEWARD
1177093,1378751,2017500007480001001,48310.210365142760566,40500.000000000000000,1800.000000000000000,39600.000000000000000,16200.000000000000000,,,,,,,,900.000000000000000,2700.000000000000000,,,20175,SEWARD
1177094,1378752,2017500010120010001,63138.616110029070114,21600.000000000000000,15300.000000000000000,,15300.000000000000000,,3600.000000000000000,900.000000000000000,900.000000000000000,5400.000000000000000,900.000000000000000,5400.000000000000000,6300.000000000000000,13500.000000000000000,3136.000000000000000,12544.000000000000000,20175,SEWARD
1177095,1378753,2017500005240001001,1254683.358672425383702,1800.000000000000000,,,900.000000000000000,900.000000000000000,,,,,,,,,,3136.000000000000000,20175,SEWARD
1177096,1378754,2017500035470001001,25875.064223591958580,17100.000000000000000,,2700.000000000000000,,3600.000000000000000,,,900.000000000000000,,,4500.000000000000000,,3600.000000000000000,,3136.000000000000000,20175,SEWARD
1177097,1378755,2017500034410001001,351933.602619523706380,17100.000000000000000,16200.000000000000000,312300.000000000000000,15300.000000000000000,,3600.000000000000000,,306900.000000000000000,297900.000000000000000,266400.000000000000000,2700.000000000000000,5400.000000000000000,90900.000000000000000,188160.000000000000000,94080.000000000000000,20175,SEWARD
1177098,1378756,2017500000370001001,624575.039407630683854,,577800.000000000000000,900.000000000000000,,9900.000000000000000,,,4500.000000000000000,,,5400.000000000000000,,,,,20175,SEWARD
1177099,1378757,2017500000650005001,29724.006891089451528,2700.000000000000000,2700.000000000000000,,5400.000000000000000,4500.000000000000000,900.000000000000000,,,,,10800.000000000000000,,,,,20175,SEWARD
1177100,1378758,2017500039520002001,29578.799111317104689,3600.000000000000000,4500.000000000000000,,4500.000000000000000,3600.000000000000000,3600.000000000000000,1800.000000000000000,3600.000000000000000,1800.000000000000000,3600.000000000000000,1800.000000000000000,6300.000000000000000,6300.000000000000000,,,20175,SEWARD
1177101,1378759,2017500007040001003,108384.323126976305502,6300.000000000000000,6300.000000000000000,4500.000000000000000,8100.000000000000000,9000.000000000000000,,1800.000000000000000,54900.000000000000000,37800.000000000000000,11700.000000000000000,95400.000000000000000,82800.000000000000000,98100.000000000000000,,6272.000000000000000,20175,SEWARD
1177102,1378760,2017500000720001001,800258.650783800985664,102600.000000000000000,9900.000000000000000,4500.000000000000000,386100.000000000000000,900.000000000000000,1800.000000000000000,900.000000000000000,49500.000000000000000,407700.000000000000000,70200.000000000000000,,337500.000000000000000,72900.000000000000000,,213248.000000000000000,20175,SEWARD
1177103,1378761,2017500038420002001,30567.145819925142860,900.000000000000000,900.000000000000000,,,,,,,900.000000000000000,,1800.000000000000000,,4500.000000000000000,,,20175,SEWARD
1177104,1378762,2017500034100001003,30597.638237343409855,3600.000000000000000,,,27900.000000000000000,,,,,,,900.000000000000000,,,,,20175,SEWARD
1177105,1378763,2017500000410001002,316857.306289996195119,2700.000000000000000,21600.000000000000000,,900.000000000000000,7200.000000000000000,,1800.000000000000000,3600.000000000000000,,,2700.000000000000000,14400.000000000000000,,,9408.000000000000000,20175,SEWARD
1177106,1378764,2017500003780001003,446520.102047499327455,423000.000000000000000,417600.000000000000000,438300.000000000000000,427500.000000000000000,429300.000000000000000,425700.000000000000000,83700.000000000000000,428400.000000000000000,429300.000000000000000,341100.000000000000000,417600.000000000000000,432900.000000000000000,26100.000000000000000,417088.000000000000000,410816.000000000000000,20175,SEWARD
1177107,1378765,2017500007140014001,48412.724261945470062,10800.000000000000000,2700.000000000000000,,,5400.000000000000000,,,,900.000000000000000,3600.000000000000000,900.000000000000000,,,,,20175,SEWARD
1177108,1378766,2017500033350001001,511669.095404033898376,,,,,,,,,,,3600.000000000000000,45900.000000000000000,,,3136.000000000000000,20175,SEWARD
1177109,1378767,2017500003250016001,11393.909995982879991,1800.000000000000000,,,,,,,,,,,,,3136.000000000000000,6272.000000000000000,20175,SEWARD
1177110,1378768,2017500007410009001,34118.623697394097690,8100.000000000000000,,,,,2700.000000000000000,,4500.000000000000000,,,19800.000000000000000,1800.000000000000000,,6272.000000000000000,3136.000000000000000,20175,SEWARD
1177111,1378769,2017500002600001002,87947.260523974706302,,,,86400.000000000000000,80100.000000000000000,,,,,,77400.000000000000000,,,,,20175,SEWARD
1177112,1378770,2017500037500001001,267859.004881060682237,,,,,,,,,,,,,,,,20175,SEWARD
1177113,1378771,2017500035200001002,30340.867563145453460,5400.000000000000000,5400.000000000000000,1800.000000000000000,7200.000000000000000,7200.000000000000000,2700.000000000000000,6300.000000000000000,7200.000000000000000,7200.000000000000000,1800.000000000000000,9900.000000000000000,11700.000000000000000,12600.000000000000000,12544.000000000000000,,20175,SEWARD
1177114,1378772,2017500042120001005,9043.246434255614076,,,,,,,,,,,,,,,,20175,SEWARD
1177115,1378773,2017500004280001002,315429.907569812145084,42300.000000000000000,244800.000000000000000,168300.000000000000000,15300.000000000000000,263700.000000000000000,274500.000000000000000,220500.000000000000000,223200.000000000000000,,226800.000000000000000,218700.000000000000000,231300.000000000000000,211500.000000000000000,282240.000000000000000,87808.000000000000000,20175,SEWARD
1177116,1378774,2017500003710001004,496909.725248074741103,1800.000000000000000,489600.000000000000000,,491400.000000000000000,,474300.000000000000000,,480600.000000000000000,,484200.000000000000000,21600.000000000000000,488700.000000000000000,489600.000000000000000,3136.000000000000000,498624.000000000000000,20175,SEWARD
1177117,1378775,2017500039910003001,38995.785531561385142,3600.000000000000000,5400.000000000000000,3600.000000000000000,4500.000000000000000,2700.000000000000000,1800.000000000000000,1800.000000000000000,900.000000000000000,,4500.000000000000000,2700.000000000000000,3600.000000000000000,6300.000000000000000,,,20175,SEWARD
1177118,1378776,2017500000920005001,60412.052242970545194,,,,,,,,,,,,,,,,20175,SEWARD
1177119,1378777,2017500009470003001,26643.718953256058739,900.000000000000000,,,,,,900.000000000000000,,,1800.000000000000000,1800.000000000000000,,,,,20175,SEWARD
1177120,1378778,2017500008690001005,33416.095444057325949,900.000000000000000,,,3600.000000000000000,1800.000000000000000,,,,4500.000000000000000,,2700.000000000000000,,1800.000000000000000,,,20175,SEWARD
1177121,1378780,2017500009240001004,36396.922913634378347,,1800.000000000000000,,900.000000000000000,1800.000000000000000,,,900.000000000000000,,,2700.000000000000000,900.000000000000000,,,,20175,SEWARD
1177122,1378781,2017500036380001001,32063.237824135532719,18000.000000000000000,10800.000000000000000,10800.000000000000000,2700.000000000000000,,,,,,,,,1800.000000000000000,6272.000000000000000,,20175,SEWARD
1177123,1378782,2017500007480001002,146657.315004653908545,96300.000000000000000,65700.000000000000000,95400.000000000000000,71100.000000000000000,900.000000000000000,900.000000000000000,,,900.000000000000000,,,900.000000000000000,,,,20175,SEWARD
1177124,1378783,2017500008280001001,386437.134056429611519,9000.000000000000000,378000.000000000000000,362700.000000000000000,10800.000000000000000,380700.000000000000000,27900.000000000000000,352800.000000000000000,370800.000000000000000,77400.000000000000000,370800.000000000000000,15300.000000000000000,376200.000000000000000,372600.000000000000000,335552.000000000000000,360640.000000000000000,20175,SEWARD
1177125,1378784,2017500039460003001,32587.514734161220986,2700.000000000000000,,900.000000000000000,900.000000000000000,,,,4500.000000000000000,3600.000000000000000,900.000000000000000,5400.000000000000000,,3600.000000000000000,6272.000000000000000,18816.000000000000000,20175,SEWARD
1177126,1378785,2017500033450002001,298432.004469286534004,237600.000000000000000,241200.000000000000000,,,234000.000000000000000,,,,,207000.000000000000000,2700.000000000000000,,55800.000000000000000,,,20175,SEWARD
1177127,1378786,2017500004710010001,485998.661151581676677,486900.000000000000000,50400.000000000000000,482400.000000000000000,482400.000000000000000,12600.000000000000000,,467100.000000000000000,479700.000000000000000,,193500.000000000000000,481500.000000000000000,484200.000000000000000,479700.000000000000000,470400.000000000000000,473536.000000000000000,20175,SEWARD
1177129,1378788,2017500000870003001,37428.531300496542826,6300.000000000000000,7200.000000000000000,4500.000000000000000,10800.000000000000000,4500.000000000000000,3600.000000000000000,3600.000000000000000,2700.000000000000000,7200.000000000000000,6300.000000000000000,2700.000000000000000,1800.000000000000000,3600.000000000000000,,,20175,SEWARD
1177130,1378789,2017500000450014001,35876.994745497446274,1800.000000000000000,,1800.000000000000000,,3600.000000000000000,,4500.000000000000000,,,,,10800.000000000000000,,,,20175,SEWARD
1177131,1378790,2017500033540001001,32842.504034893165226,27900.000000000000000,,,,,,,900.000000000000000,1800.000000000000000,900.000000000000000,,,6300.000000000000000,,,20175,SEWARD
1177132,1378791,2017500033160001003,30663.757608921070641,15300.000000000000000,900.000000000000000,1800.000000000000000,900.000000000000000,2700.000000000000000,,2700.000000000000000,,7200.000000000000000,1800.000000000000000,,6300.000000000000000,900.000000000000000,12544.000000000000000,,20175,SEWARD
1177133,1378793,2017500001730001001,176435.904613416088978,23400.000000000000000,3600.000000000000000,,900.000000000000000,,,,,,3600.000000000000000,3600.000000000000000,,14400.000000000000000,43904.000000000000000,43904.000000000000000,20175,SEWARD
1177134,1378794,2017500033450002002,344777.125136916001793,270900.000000000000000,266400.000000000000000,,,276300.000000000000000,,,,,155700.000000000000000,8100.000000000000000,10800.000000000000000,245700.000000000000000,,,20175,SEWARD
1177135,1378795,2017500004970001001,243244.546661939006299,,5400.000000000000000,,,,,,3600.000000000000000,,,,,11700.000000000000000,,,20175,SEWARD
1177136,1378797,2017500006760001002,241870.527500861906447,900.000000000000000,216900.000000000000000,4500.000000000000000,,4500.000000000000000,9900.000000000000000,,,900.000000000000000,9000.000000000000000,,2700.000000000000000,216900.000000000000000,,,20175,SEWARD
1177137,1378798,2017500000160017001,26475.404010145124630,2700.000000000000000,5400.000000000000000,5400.000000000000000,7200.000000000000000,900.000000000000000,900.000000000000000,900.000000000000000,,,11700.000000000000000,,4500.000000000000000,1800.000000000000000,3136.000000000000000,3136.000000000000000,20175,SEWARD
1177138,1378799,2017500001510001005,31556.401668799382605,3600.000000000000000,28800.000000000000000,,3600.000000000000000,12600.000000000000000,,,11700.000000000000000,3600.000000000000000,900.000000000000000,9000.000000000000000,2700.000000000000000,1800.000000000000000,,3136.000000000000000,20175,SEWARD
1177139,1378800,2017500037830001001,318723.334682753076777,2700.000000000000000,,,3600.000000000000000,,9000.000000000000000,,,10800.000000000000000,900.000000000000000,,,5400.000000000000000,21952.000000000000000,,20175,SEWARD
1177140,1378801,2017500008080002001,202814.619593880983302,2700.000000000000000,,,,2700.000000000000000,1800.000000000000000,900.000000000000000,1800.000000000000000,,3600.000000000000000,1800.000000000000000,1800.000000000000000,900.000000000000000,,,20175,SEWARD
1177141,1378802,2017500010180001001,244898.502924082917161,,,,,,,,,,,900.000000000000000,,,,,20175,SEWARD
1177142,1378803,2017500005650002003,73539.714635544689372,2700.000000000000000,22500.000000000000000,,4500.000000000000000,17100.000000000000000,,7200.000000000000000,1800.000000000000000,900.000000000000000,9000.000000000000000,,32400.000000000000000,,40768.000000000000000,,20175,SEWARD
1177143,1378804,2017500040200002001,33249.124744653767266,4500.000000000000000,2700.000000000000000,900.000000000000000,900.000000000000000,,2700.000000000000000,,,,,,,8100.000000000000000,9408.000000000000000,15680.000000000000000,20175,SEWARD
1177144,1378805,2017500009240001005,42353.582740485588147,,1800.000000000000000,3600.000000000000000,22500.000000000000000,8100.000000000000000,2700.000000000000000,2700.000000000000000,2700.000000000000000,2700.000000000000000,9000.000000000000000,,,,6272.000000000000000,,20175,SEWARD
1177145,1378806,2017500008400001001,533152.149743659771048,2700.000000000000000,1800.000000000000000,,,1800.000000000000000,900.000000000000000,900.000000000000000,,1800.000000000000000,,2700.000000000000000,,,3136.000000000000000,3136.000000000000000,20175,SEWARD
1177146,1378807,2017500033300003001,136380.044382770953234,2700.000000000000000,,,,900.000000000000000,1800.000000000000000,7200.000000000000000,,13500.000000000000000,,18000.000000000000000,8100.000000000000000,30600.000000000000000,,18816.000000000000000,20175,SEWARD
1177147,1378808,2017500005560001001,610516.867112895241007,9000.000000000000000,7200.000000000000000,900.000000000000000,107100.000000000000000,7200.000000000000000,3600.000000000000000,,,900.000000000000000,900.000000000000000,900.000000000000000,27000.000000000000000,2700.000000000000000,,6272.000000000000000,20175,SEWARD
1177148,1378809,2017500038420001002,507881.793117753346451,2700.000000000000000,500400.000000000000000,,495000.000000000000000,,490500.000000000000000,,495900.000000000000000,900.000000000000000,495000.000000000000000,900.000000000000000,498600.000000000000000,1800.000000000000000,467264.000000000000000,,20175,SEWARD
1177149,1378810,2017500008440002001,31892.267827998137363,,,,,,,,,,,,,,,,20175,SEWARD
1177150,1378811,2017500039100002002,248555.138962730969070,,,,,,,,,,,,,,,,20175,SEWARD
1177151,1378812,2017500034100001005,72810.700014742949861,5400.000000000000000,63900.000000000000000,2700.000000000000000,5400.000000000000000,6300.000000000000000,,,18000.000000000000000,,,4500.000000000000000,9900.000000000000000,2700.000000000000000,,,20175,SEWARD
1177152,1378814,2017500039080001001,334928.830289194069337,,,,,,,,,,,,,,,,20175,SEWARD
1177153,1378815,2017500038830004001,38649.521159725241887,5400.000000000000000,,,1800.000000000000000,5400.000000000000000,,,6300.000000000000000,5400.000000000000000,,,9000.000000000000000,7200.000000000000000,,,20175,SEWARD
1177154,1378816,2017500008670003001,140651.931295690912521,,,,,,,,,,,,,,,,20175,SEWARD
1177155,1378817,2017500000870004001,33707.577721789377392,2700.000000000000000,2700.000000000000000,1800.000000000000000,4500.000000000000000,3600.000000000000000,3600.000000000000000,3600.000000000000000,3600.000000000000000,3600.000000000000000,6300.000000000000000,9000.000000000000000,4500.000000000000000,9900.000000000000000,3136.000000000000000,15680.000000000000000,20175,SEWARD
1177156,1378818,2017500004250004001,35457.864753662732255,2700.000000000000000,900.000000000000000,,,2700.000000000000000,4500.000000000000000,,,2700.000000000000000,900.000000000000000,6300.000000000000000,3600.000000000000000,,3136.000000000000000,,20175,SEWARD
1177157,1378819,2017500041310004001,26982.626079770641809,900.000000000000000,900.000000000000000,,1800.000000000000000,,,,1800.000000000000000,,,1800.000000000000000,1800.000000000000000,,,12544.000000000000000,20175,SEWARD
1177158,1378820,2017500002520001001,621999.856922487611882,,900.000000000000000,,9000.000000000000000,22500.000000000000000,,,,,,900.000000000000000,,,,,20175,SEWARD
1177159,1378821,2017500003250015001,11717.641262010907667,,4500.000000000000000,4500.000000000000000,4500.000000000000000,,,,5400.000000000000000,,5400.000000000000000,7200.000000000000000,,5400.000000000000000,,6272.000000000000000,20175,SEWARD
1177160,1378822,2017500004410001002,32697.029057548825222,,900.000000000000000,,10800.000000000000000,900.000000000000000,,,900.000000000000000,,1800.000000000000000,,,,3136.000000000000000,3136.000000000000000,20175,SEWARD
1177161,1378823,2017500033640001001,504524.218379114638083,,503100.000000000000000,,61200.000000000000000,495000.000000000000000,,483300.000000000000000,,502200.000000000000000,,476100.000000000000000,490500.000000000000000,,,12544.000000000000000,20175,SEWARD
1177162,1378824,2017500035510004008,29050.067962496963446,17100.000000000000000,,,25200.000000000000000,,,,,900.000000000000000,,,,,,,20175,SEWARD
1177163,1378825,2017500000800001001,486473.458764660696033,,,,,,,,,6300.000000000000000,,,,4500.000000000000000,15680.000000000000000,,20175,SEWARD
1177164,1378826,2017500003270001003,143659.007291342015378,2700.000000000000000,131400.000000000000000,3600.000000000000000,,1800.000000000000000,,,,140400.000000000000000,135000.000000000000000,,,9900.000000000000000,3136.000000000000000,43904.000000000000000,20175,SEWARD
1177165,1378827,2017500035940001003,17647.762729030313494,,,,,2700.000000000000000,1800.000000000000000,1800.000000000000000,900.000000000000000,,,1800.000000000000000,900.000000000000000,,9408.000000000000000,,20175,SEWARD
1177166,1378828,2017500003200035001,25315.067409682753350,,9900.000000000000000,,,,,,,,900.000000000000000,,,,,,20175,SEWARD
1177167,1378829,2017500034450001003,19187.672376813367009,900.000000000000000,2700.000000000000000,900.000000000000000,8100.000000000000000,,,,,,,,,,,,20175,SEWARD
1177169,1378831,2017500041570004001,62557.367386150552193,2700.000000000000000,5400.000000000000000,1800.000000000000000,,,,,1800.000000000000000,2700.000000000000000,2700.000000000000000,900.000000000000000,900.000000000000000,5400.000000000000000,,,20175,SEWARD
1177170,1378832,2017500007250001001,313073.084206595900469,243900.000000000000000,65700.000000000000000,,4500.000000000000000,245700.000000000000000,45000.000000000000000,234000.000000000000000,4500.000000000000000,251100.000000000000000,241200.000000000000000,228600.000000000000000,232200.000000000000000,243900.000000000000000,203840.000000000000000,,20175,SEWARD
1177171,1378833,2017500011160001001,183117.188171297020745,7200.000000000000000,20700.000000000000000,900.000000000000000,46800.000000000000000,14400.000000000000000,1800.000000000000000,7200.000000000000000,6300.000000000000000,2700.000000000000000,9000.000000000000000,17100.000000000000000,1800.000000000000000,7200.000000000000000,,,20175,SEWARD
1177172,1378834,2017500000160015001,24906.924135664543428,1800.000000000000000,900.000000000000000,,900.000000000000000,1800.000000000000000,2700.000000000000000,6300.000000000000000,,3600.000000000000000,2700.000000000000000,900.000000000000000,2700.000000000000000,6300.000000000000000,3136.000000000000000,,20175,SEWARD
1177173,1378835,2017500003150001001,965293.930895253550261,945000.000000000000000,953100.000000000000000,930600.000000000000000,466200.000000000000000,492300.000000000000000,755100.000000000000000,499500.000000000000000,702000.000000000000000,888300.000000000000000,810000.000000000000000,580500.000000000000000,860400.000000000000000,499500.000000000000000,539392.000000000000000,677376.000000000000000,20175,SEWARD
1177175,1378837,2017500010030002001,17190.515591078939906,,,,,,,,,,,,,,,,20175,SEWARD
1177176,1378838,2017500036940005002,580573.667464087251574,1800.000000000000000,3600.000000000000000,,900.000000000000000,2700.000000000000000,,37800.000000000000000,2700.000000000000000,,49500.000000000000000,,,,,,20175,SEWARD
1177177,1378839,2017500001100001003,271949.300755728734657,26100.000000000000000,58500.000000000000000,2700.000000000000000,99900.000000000000000,6300.000000000000000,,,32400.000000000000000,38700.000000000000000,,,,,,,20175,SEWARD
1177178,1378840,2017500040430003002,30233.692997737693076,3600.000000000000000,6300.000000000000000,,,,,,8100.000000000000000,,,,2700.000000000000000,,3136.000000000000000,,20175,SEWARD
1177180,1378842,2017500003690001001,607015.934316839789972,,,,,,,,,,,900.000000000000000,,,,,20175,SEWARD
1177181,1378843,2017500004900001001,9097.228974263418422,,8100.000000000000000,,9000.000000000000000,,,,1800.000000000000000,,,8100.000000000000000,,8100.000000000000000,,,20175,SEWARD
1177182,1378844,2017500009560001001,329250.646198677830398,27900.000000000000000,3600.000000000000000,9900.000000000000000,81900.000000000000000,900.000000000000000,4500.000000000000000,153000.000000000000000,231300.000000000000000,201600.000000000000000,3600.000000000000000,9900.000000000000000,18900.000000000000000,64800.000000000000000,,,20175,SEWARD
1177183,1378845,2017500001840001008,27323.713279476101889,6300.000000000000000,27900.000000000000000,900.000000000000000,6300.000000000000000,900.000000000000000,,2700.000000000000000,,9000.000000000000000,5400.000000000000000,8100.000000000000000,3600.000000000000000,2700.000000000000000,,6272.000000000000000,20175,SEWARD
1177184,1378846,2017500004420001001,9005.693880811099007,5400.000000000000000,5400.000000000000000,5400.000000000000000,5400.000000000000000,5400.000000000000000,,5400.000000000000000,5400.000000000000000,900.000000000000000,1800.000000000000000,,,1800.000000000000000,,,20175,SEWARD
1177185,1378847,2017500004220001002,22881.197988654206711,5400.000000000000000,5400.000000000000000,3600.000000000000000,4500.000000000000000,5400.000000000000000,4500.000000000000000,,3600.000000000000000,2700.000000000000000,,4500.000000000000000,3600.000000000000000,900.000000000000000,3136.000000000000000,12544.000000000000000,20175,SEWARD
1177186,1378848,2017500013200001002,474744.782954926195089,900.000000000000000,,,1800.000000000000000,,,,3600.000000000000000,,,445500.000000000000000,468900.000000000000000,450900.000000000000000,,429632.000000000000000,20175,SEWARD
1177187,1378849,2017500009680003001,33789.024411189129751,900.000000000000000,4500.000000000000000,4500.000000000000000,5400.000000000000000,900.000000000000000,2700.000000000000000,900.000000000000000,4500.000000000000000,4500.000000000000000,4500.000000000000000,3600.000000000000000,5400.000000000000000,9000.000000000000000,,,20175,SEWARD
1177188,1378850,2017500038810004001,30659.913048874575907,900.000000000000000,3600.000000000000000,900.000000000000000,900.000000000000000,3600.000000000000000,1800.000000000000000,,3600.000000000000000,900.000000000000000,1800.000000000000000,9000.000000000000000,7200.000000000000000,1800.000000000000000,6272.000000000000000,15680.000000000000000,20175,SEWARD
1177189,1378851,2017500009770004001,32660.379424251172168,4500.000000000000000,900.000000000000000,1800.000000000000000,900.000000000000000,6300.000000000000000,1800.000000000000000,,4500.000000000000000,2700.000000000000000,3600.000000000000000,12600.000000000000000,6300.000000000000000,7200.000000000000000,6272.000000000000000,15680.000000000000000,20175,SEWARD
1177190,1378852,2017500004250005001,33571.495876623375807,3600.000000000000000,3600.000000000000000,4500.000000000000000,,3600.000000000000000,4500.000000000000000,900.000000000000000,2700.000000000000000,1800.000000000000000,3600.000000000000000,5400.000000000000000,8100.000000000000000,,,12544.000000000000000,20175,SEWARD
1177191,1378853,2017500039050001001,638841.544527538004331,36900.000000000000000,12600.000000000000000,900.000000000000000,9900.000000000000000,6300.000000000000000,,,,,,,,,,,20175,SEWARD
1177192,1378854,2017500009850003001,32398.105087384479702,900.000000000000000,4500.000000000000000,900.000000000000000,,,4500.000000000000000,,6300.000000000000000,,5400.000000000000000,,9900.000000000000000,,3136.000000000000000,,20175,SEWARD
1177193,1378855,2017500041240004002,28403.164156028557045,,18000.000000000000000,,10800.000000000000000,,,,900.000000000000000,,,,,,,,20175,SEWARD
1177194,1378856,2017500040430004001,32863.002972916801809,900.000000000000000,6300.000000000000000,,,,,1800.000000000000000,6300.000000000000000,,,6300.000000000000000,5400.000000000000000,900.000000000000000,,,20175,SEWARD
1177195,1378857,2017500007040001004,42565.896235415399133,3600.000000000000000,900.000000000000000,1800.000000000000000,4500.000000000000000,6300.000000000000000,,900.000000000000000,2700.000000000000000,6300.000000000000000,1800.000000000000000,8100.000000000000000,3600.000000000000000,1800.000000000000000,3136.000000000000000,,20175,SEWARD
1177196,1378858,2017500004370001001,858908.924380426877178,252000.000000000000000,7200.000000000000000,,,,,,40500.000000000000000,,,13500.000000000000000,,,,699328.000000000000000,20175,SEWARD
1177197,1378859,2017500035510004010,38188.988955030850775,,,,,,,,,,,,,,,,20175,SEWARD
1177198,1378860,2017500003430001001,33763.470249246041931,24300.000000000000000,24300.000000000000000,,26100.000000000000000,22500.000000000000000,,,2700.000000000000000,26100.000000000000000,,25200.000000000000000,26100.000000000000000,,3136.000000000000000,3136.000000000000000,20175,SEWARD
1177199,1378861,2017500039590002001,496694.540678155433852,492300.000000000000000,24300.000000000000000,482400.000000000000000,5400.000000000000000,486900.000000000000000,18000.000000000000000,484200.000000000000000,26100.000000000000000,486000.000000000000000,47700.000000000000000,486900.000000000000000,488700.000000000000000,,457856.000000000000000,15680.000000000000000,20175,SEWARD
1177200,1378862,2017500042010001001,418722.557699676253833,1800.000000000000000,2700.000000000000000,,,1800.000000000000000,,,,,,,,,,,20175,SEWARD
1177201,1378864,2017500041490002001,29335.369258037579129,,,,,,,,900.000000000000000,,,900.000000000000000,,4500.000000000000000,3136.000000000000000,,20175,SEWARD
1177202,1378865,2017500039820005001,24446.910259129374026,,,,,,,,,,,900.000000000000000,,,,,20175,SEWARD
1177203,1378866,2017500005660001002,509097.921861873182934,4500.000000000000000,,,900.000000000000000,,,1800.000000000000000,4500.000000000000000,,3600.000000000000000,5400.000000000000000,900.000000000000000,9900.000000000000000,,,20175,SEWARD
1177204,1378867,2017500007840001001,1233867.844109467463568,,,,,,,,,5400.000000000000000,,,,,,,20175,SEWARD
1177206,1378869,2017500006930013001,182825.699851683602901,900.000000000000000,4500.000000000000000,,2700.000000000000000,,1800.000000000000000,900.000000000000000,,2700.000000000000000,1800.000000000000000,7200.000000000000000,9000.000000000000000,8100.000000000000000,,9408.000000000000000,20175,SEWARD
1177207,1378870,2017500006420001002,31464.368889770470560,1800.000000000000000,4500.000000000000000,900.000000000000000,4500.000000000000000,3600.000000000000000,1800.000000000000000,2700.000000000000000,2700.000000000000000,900.000000000000000,7200.000000000000000,9000.000000000000000,900.000000000000000,7200.000000000000000,,6272.000000000000000,20175,SEWARD
1177208,1378871,2017500040610002001,48787.609752787997422,,,,,,,,,,900.000000000000000,4500.000000000000000,,,,6272.000000000000000,20175,SEWARD
1177209,1378872,2017500007150001001,277925.565292196755763,9900.000000000000000,12600.000000000000000,,24300.000000000000000,12600.000000000000000,,,,1800.000000000000000,4500.000000000000000,,4500.000000000000000,39600.000000000000000,,,20175,SEWARD
1177210,1378873,2017500002280001001,28177.885633507430612,27000.000000000000000,900.000000000000000,4500.000000000000000,1800.000000000000000,2700.000000000000000,,1800.000000000000000,,1800.000000000000000,11700.000000000000000,2700.000000000000000,9000.000000000000000,4500.000000000000000,12544.000000000000000,,20175,SEWARD
1177211,1378874,2017500003170031001,28344.201893785546417,900.000000000000000,,,2700.000000000000000,,,900.000000000000000,,,,,,,,,20175,SEWARD
1177212,1378875,2017500004100002002,95130.667300509754568,3600.000000000000000,8100.000000000000000,900.000000000000000,58500.000000000000000,15300.000000000000000,2700.000000000000000,11700.000000000000000,13500.000000000000000,13500.000000000000000,18000.000000000000000,11700.000000000000000,4500.000000000000000,18900.000000000000000,6272.000000000000000,21952.000000000000000,20175,SEWARD
1177213,1378876,2017500040740008001,20778.129770023515448,,,,,,,,,,900.000000000000000,,,,,,20175,SEWARD
1177214,1378877,2017500001170013001,123618.333320975580136,5400.000000000000000,,1800.000000000000000,900.000000000000000,5400.000000000000000,,,,2700.000000000000000,,6300.000000000000000,4500.000000000000000,8100.000000000000000,6272.000000000000000,6272.000000000000000,20175,SEWARD
1177215,1378878,2017500008120002003,32697.573279638596432,1800.000000000000000,,1800.000000000000000,,2700.000000000000000,,,,2700.000000000000000,900.000000000000000,2700.000000000000000,900.000000000000000,4500.000000000000000,,,20175,SEWARD
1177216,1378879,2017500042610003001,45409.949970364468754,,1800.000000000000000,1800.000000000000000,1800.000000000000000,2700.000000000000000,900.000000000000000,,2700.000000000000000,1800.000000000000000,,,,2700.000000000000000,3136.000000000000000,,20175,SEWARD
1177217,1378880,2017500005010008002,125059.590941630856832,9000.000000000000000,1800.000000000000000,6300.000000000000000,,,9000.000000000000000,,,,900.000000000000000,1800.000000000000000,,1800.000000000000000,3136.000000000000000,,20175,SEWARD
1177218,1378881,2017500038950003002,86351.455337643841631,40500.000000000000000,47700.000000000000000,37800.000000000000000,3600.000000000000000,,38700.000000000000000,,,63900.000000000000000,,,72000.000000000000000,,31360.000000000000000,,20175,SEWARD
1177219,1378882,2017500000920001001,178930.967840973753482,,,,,,,,,,,,,,,,20175,SEWARD
1177220,1378883,2017500010120002001,38785.720613717086962,19800.000000000000000,12600.000000000000000,,13500.000000000000000,5400.000000000000000,900.000000000000000,,,900.000000000000000,,5400.000000000000000,,,,,20175,SEWARD
1177221,1378884,2017500001460003001,36413.440699119986675,1800.000000000000000,,1800.000000000000000,3600.000000000000000,900.000000000000000,900.000000000000000,900.000000000000000,900.000000000000000,,900.000000000000000,2700.000000000000000,1800.000000000000000,900.000000000000000,,,20175,SEWARD
1177222,1378885,2017500008690001007,500064.256027542229276,6300.000000000000000,485100.000000000000000,4500.000000000000000,486000.000000000000000,483300.000000000000000,1800.000000000000000,473400.000000000000000,465300.000000000000000,467100.000000000000000,479700.000000000000000,472500.000000000000000,473400.000000000000000,476100.000000000000000,464128.000000000000000,442176.000000000000000,20175,SEWARD
1177223,1378886,2017500038880001001,489683.820331141294446,481500.000000000000000,900.000000000000000,477000.000000000000000,34200.000000000000000,487800.000000000000000,249300.000000000000000,481500.000000000000000,486000.000000000000000,,,,8100.000000000000000,489600.000000000000000,473536.000000000000000,439040.000000000000000,20175,SEWARD
1177224,1378887,2017500004710003002,465469.667848011536989,45000.000000000000000,464400.000000000000000,461700.000000000000000,467100.000000000000000,133200.000000000000000,462600.000000000000000,457200.000000000000000,2700.000000000000000,453600.000000000000000,461700.000000000000000,462600.000000000000000,378000.000000000000000,381600.000000000000000,464128.000000000000000,464128.000000000000000,20175,SEWARD
1177225,1378888,2017500042990001001,37710.720358964223124,9900.000000000000000,27000.000000000000000,8100.000000000000000,,9000.000000000000000,8100.000000000000000,5400.000000000000000,7200.000000000000000,9900.000000000000000,19800.000000000000000,900.000000000000000,10800.000000000000000,33300.000000000000000,,6272.000000000000000,20175,SEWARD
1177226,1378889,2017500035930001002,35425.773039437197440,9900.000000000000000,11700.000000000000000,4500.000000000000000,29700.000000000000000,1800.000000000000000,,1800.000000000000000,,7200.000000000000000,1800.000000000000000,,,,,,20175,SEWARD
1177227,1378890,2017500039810001001,649118.036355437478051,,,,,,,,,,,,,,,,20175,SEWARD
1177228,1378891,2017500008690001008,41658.077832155031501,,,,9000.000000000000000,4500.000000000000000,,,,5400.000000000000000,1800.000000000000000,900.000000000000000,,900.000000000000000,3136.000000000000000,,20175,SEWARD
1177229,1378892,2017500035180001003,501114.992392026993912,,497700.000000000000000,,496800.000000000000000,21600.000000000000000,487800.000000000000000,,496800.000000000000000,,479700.000000000000000,50400.000000000000000,,491400.000000000000000,,445312.000000000000000,20175,SEWARD
1177230,1378893,2017500009770008001,37815.559501317897229,4500.000000000000000,7200.000000000000000,900.000000000000000,1800.000000000000000,5400.000000000000000,5400.000000000000000,1800.000000000000000,5400.000000000000000,,6300.000000000000000,3600.000000000000000,1800.000000000000000,7200.000000000000000,,,20175,SEWARD
1177231,1378894,2017500002800001002,631012.864538226160221,,,,615600.000000000000000,,,,,,,4500.000000000000000,,36000.000000000000000,25088.000000000000000,,20175,SEWARD
1177232,1378895,2017500008650008001,34456.538193030319235,2700.000000000000000,900.000000000000000,900.000000000000000,1800.000000000000000,900.000000000000000,2700.000000000000000,1800.000000000000000,1800.000000000000000,900.000000000000000,1800.000000000000000,6300.000000000000000,2700.000000000000000,6300.000000000000000,,12544.000000000000000,20175,SEWARD
1177233,1378896,2017500042430002001,29064.894837573046971,,,,24300.000000000000000,5400.000000000000000,,,,,,,,,,6272.000000000000000,20175,SEWARD
1177234,1378897,2017500004370001002,826401.047340665478259,410400.000000000000000,900.000000000000000,,47700.000000000000000,,,900.000000000000000,,,,,,,,25088.000000000000000,20175,SEWARD
1177235,1378899,2017500040150002001,33618.706303064835083,2700.000000000000000,,,,2700.000000000000000,,,,900.000000000000000,,2700.000000000000000,900.000000000000000,4500.000000000000000,,3136.000000000000000,20175,SEWARD
1177236,1378900,2017500010250002003,49235.455731634145195,,,,8100.000000000000000,7200.000000000000000,,,,,900.000000000000000,,,,,,20175,SEWARD
1177237,1378901,2017500000100008001,33951.677525819417497,,,900.000000000000000,,900.000000000000000,,,,,900.000000000000000,900.000000000000000,,1800.000000000000000,,,20175,SEWARD
1177238,1378902,2017500009150003001,541131.905394740984775,25200.000000000000000,45000.000000000000000,1800.000000000000000,11700.000000000000000,900.000000000000000,,,10800.000000000000000,3600.000000000000000,21600.000000000000000,900.000000000000000,,6300.000000000000000,3136.000000000000000,,20175,SEWARD
1177239,1378904,2017500003690001002,1272241.645432629855350,232200.000000000000000,8100.000000000000000,,,4500.000000000000000,,,,,,,,2700.000000000000000,,,20175,SEWARD
1177240,1378905,2017500043030001001,43729.210802371751925,,,,,,,,,,,,,,,,20175,SEWARD
1177241,1378906,2017500003430002003,40742.128165372989315,39600.000000000000000,39600.000000000000000,2700.000000000000000,39600.000000000000000,38700.000000000000000,5400.000000000000000,,3600.000000000000000,39600.000000000000000,8100.000000000000000,39600.000000000000000,38700.000000000000000,4500.000000000000000,6272.000000000000000,9408.000000000000000,20175,SEWARD
1177242,1378907,2017500008320002001,24906.580549771795631,,17100.000000000000000,9000.000000000000000,18000.000000000000000,,,,900.000000000000000,900.000000000000000,1800.000000000000000,16200.000000000000000,1800.000000000000000,900.000000000000000,6272.000000000000000,,20175,SEWARD
1177243,1378908,2017500040240004001,33175.192510288179619,5400.000000000000000,900.000000000000000,4500.000000000000000,3600.000000000000000,6300.000000000000000,3600.000000000000000,2700.000000000000000,1800.000000000000000,2700.000000000000000,1800.000000000000000,8100.000000000000000,10800.000000000000000,8100.000000000000000,,18816.000000000000000,20175,SEWARD
1177244,1378909,2017500040790001001,327229.970828660530970,900.000000000000000,1800.000000000000000,,,1800.000000000000000,3600.000000000000000,37800.000000000000000,,,,,900.000000000000000,2700.000000000000000,100352.000000000000000,,20175,SEWARD
1177245,1378910,2017500003430001002,564477.718091568793170,549000.000000000000000,549000.000000000000000,486900.000000000000000,545400.000000000000000,501300.000000000000000,494100.000000000000000,900.000000000000000,482400.000000000000000,489600.000000000000000,501300.000000000000000,495000.000000000000000,541800.000000000000000,,492352.000000000000000,514304.000000000000000,20175,SEWARD
1177246,1378911,2017500009220001004,510657.017355460964609,5400.000000000000000,60300.000000000000000,490500.000000000000000,7200.000000000000000,498600.000000000000000,1800.000000000000000,496800.000000000000000,492300.000000000000000,71100.000000000000000,490500.000000000000000,153000.000000000000000,493200.000000000000000,498600.000000000000000,482944.000000000000000,479808.000000000000000,20175,SEWARD
1177247,1378912,2017500002420001002,28021.772335953850416,6300.000000000000000,900.000000000000000,,900.000000000000000,900.000000000000000,,,1800.000000000000000,,900.000000000000000,3600.000000000000000,,,6272.000000000000000,,20175,SEWARD
1177248,1378913,2017500008520001002,18489.719144263279304,900.000000000000000,8100.000000000000000,16200.000000000000000,900.000000000000000,1800.000000000000000,9000.000000000000000,,900.000000000000000,1800.000000000000000,4500.000000000000000,4500.000000000000000,5400.000000000000000,10800.000000000000000,,6272.000000000000000,20175,SEWARD
1177249,1378914,2017500009220001005,498140.707560430455487,130500.000000000000000,900.000000000000000,475200.000000000000000,492300.000000000000000,1800.000000000000000,432000.000000000000000,,,343800.000000000000000,3600.000000000000000,489600.000000000000000,9000.000000000000000,479700.000000000000000,457856.000000000000000,,20175,SEWARD
1177250,1378915,2017500040460003001,33792.077018637559377,4500.000000000000000,1800.000000000000000,900.000000000000000,3600.000000000000000,4500.000000000000000,,2700.000000000000000,900.000000000000000,900.000000000000000,6300.000000000000000,900.000000000000000,,900.000000000000000,6272.000000000000000,,20175,SEWARD
1177251,1378916,2017500042380005001,35105.516310153179802,9000.000000000000000,2700.000000000000000,1800.000000000000000,1800.000000000000000,,,,,,,,,,,,20175,SEWARD
1177252,1378917,2017500038850009001,31700.350706839515624,900.000000000000000,5400.000000000000000,1800.000000000000000,1800.000000000000000,5400.000000000000000,3600.000000000000000,,5400.000000000000000,900.000000000000000,,,8100.000000000000000,6300.000000000000000,,,20175,SEWARD
1177253,1378918,2017500004890001002,514079.622161845676601,505800.000000000000000,495900.000000000000000,483300.000000000000000,11700.000000000000000,497700.000000000000000,488700.000000000000000,477000.000000000000000,487800.000000000000000,504900.000000000000000,495000.000000000000000,485100.000000000000000,,490500.000000000000000,,435904.000000000000000,20175,SEWARD
1177254,1378919,2017500001370012001,71623.723118984387838,1800.000000000000000,2700.000000000000000,,1800.000000000000000,,4500.000000000000000,,900.000000000000000,2700.000000000000000,,7200.000000000000000,6300.000000000000000,12600.000000000000000,,18816.000000000000000,20175,SEWARD
1177255,1378920,2017500043160001001,25751.033712215412379,1800.000000000000000,6300.000000000000000,,17100.000000000000000,,900.000000000000000,,,,,,,,,,20175,SEWARD
1177256,1378921,2017500000270001002,419195.016876847948879,21600.000000000000000,52200.000000000000000,,54900.000000000000000,9000.000000000000000,900.000000000000000,,6300.000000000000000,363600.000000000000000,900.000000000000000,,320400.000000000000000,,,,20175,SEWARD
1177257,1378922,2017500004710009002,122954.388909185203374,76500.000000000000000,81900.000000000000000,76500.000000000000000,77400.000000000000000,73800.000000000000000,76500.000000000000000,71100.000000000000000,1800.000000000000000,,900.000000000000000,,,,,,20175,SEWARD
1177258,1378923,2017500042070001003,304507.953470386681147,87300.000000000000000,,,283500.000000000000000,15300.000000000000000,,,,,1800.000000000000000,,,,,,20175,SEWARD
1177259,1378924,2017500040790001002,311851.785183842817787,,900.000000000000000,,,,900.000000000000000,,,,,,,3600.000000000000000,,,20175,SEWARD
1177260,1378925,2017500034930001001,535446.486646578996442,,,,,,,,,,,18900.000000000000000,,,,,20175,SEWARD
1177261,1378926,2017500040640001011,63991.503592428831325,2700.000000000000000,,,,,,1800.000000000000000,,6300.000000000000000,,,900.000000000000000,5400.000000000000000,,,20175,SEWARD
1177262,1378927,2017500001440002001,123874.509468431147980,68400.000000000000000,81000.000000000000000,18000.000000000000000,71100.000000000000000,68400.000000000000000,49500.000000000000000,25200.000000000000000,58500.000000000000000,20700.000000000000000,9000.000000000000000,36900.000000000000000,70200.000000000000000,1800.000000000000000,28224.000000000000000,,20175,SEWARD
1177263,1378928,2017500041920001003,15273.157114852045197,9000.000000000000000,11700.000000000000000,,,5400.000000000000000,,,900.000000000000000,,,,9000.000000000000000,1800.000000000000000,3136.000000000000000,9408.000000000000000,20175,SEWARD
1177264,1378929,2017500006700010001,70181.383131659356877,9900.000000000000000,900.000000000000000,5400.000000000000000,900.000000000000000,9900.000000000000000,,5400.000000000000000,7200.000000000000000,,900.000000000000000,16200.000000000000000,12600.000000000000000,,3136.000000000000000,6272.000000000000000,20175,SEWARD
1177265,1378930,2017500040060020001,134230.814014158357168,12600.000000000000000,900.000000000000000,900.000000000000000,,2700.000000000000000,,2700.000000000000000,,5400.000000000000000,3600.000000000000000,900.000000000000000,,900.000000000000000,,,20175,SEWARD
1177266,1378931,2017500000160003001,516039.136129328107927,503100.000000000000000,495900.000000000000000,1800.000000000000000,504000.000000000000000,35100.000000000000000,505800.000000000000000,50400.000000000000000,495900.000000000000000,497700.000000000000000,502200.000000000000000,504900.000000000000000,515700.000000000000000,505800.000000000000000,482944.000000000000000,479808.000000000000000,20175,SEWARD
1177267,1378932,2017500010250001004,67666.505286151630571,,,,,9000.000000000000000,,,,,,,,,,,20175,SEWARD
1177268,1378933,2017500041260001001,326310.805066768894903,283500.000000000000000,9900.000000000000000,,900.000000000000000,325800.000000000000000,9900.000000000000000,,,,180000.000000000000000,316800.000000000000000,1800.000000000000000,,,310464.000000000000000,20175,SEWARD
1177269,1378934,2017500038480001001,459672.597496220143512,450900.000000000000000,2700.000000000000000,448200.000000000000000,449100.000000000000000,453600.000000000000000,452700.000000000000000,446400.000000000000000,450000.000000000000000,448200.000000000000000,450000.000000000000000,450900.000000000000000,1800.000000000000000,450900.000000000000000,454720.000000000000000,423360.000000000000000,20175,SEWARD
1177270,1378935,2017500036380001004,27900.184752756220405,7200.000000000000000,14400.000000000000000,7200.000000000000000,21600.000000000000000,,1800.000000000000000,,2700.000000000000000,,5400.000000000000000,,,6300.000000000000000,6272.000000000000000,3136.000000000000000,20175,SEWARD
1177271,1378936,2017500008010001001,322686.040560700057540,2700.000000000000000,,,900.000000000000000,,,,,,,,1800.000000000000000,2700.000000000000000,,,20175,SEWARD
1177272,1378937,2017500008890029001,113543.081757360385382,9900.000000000000000,2700.000000000000000,2700.000000000000000,900.000000000000000,,900.000000000000000,,900.000000000000000,,,5400.000000000000000,6300.000000000000000,,,,20175,SEWARD
1177273,1378938,2017500037860002001,7841.067918083485893,2700.000000000000000,900.000000000000000,,1800.000000000000000,2700.000000000000000,,,900.000000000000000,,,,900.000000000000000,2700.000000000000000,,,20175,SEWARD
1177274,1378939,2017500007080001002,326072.678877047495916,86400.000000000000000,1800.000000000000000,,307800.000000000000000,,,,,,,,,,,,20175,SEWARD
1177275,1378940,2017500034980002002,32424.785017308637180,9000.000000000000000,11700.000000000000000,17100.000000000000000,34200.000000000000000,,,,1800.000000000000000,9000.000000000000000,,,,,,,20175,SEWARD
1177276,1378941,2017500041790001003,497629.451418473036028,1800.000000000000000,495900.000000000000000,488700.000000000000000,900.000000000000000,459000.000000000000000,87300.000000000000000,,478800.000000000000000,486000.000000000000000,,476100.000000000000000,491400.000000000000000,,451584.000000000000000,442176.000000000000000,20175,SEWARD
1177277,1378942,2017500034850003001,5487.907657871603078,,,900.000000000000000,1800.000000000000000,900.000000000000000,,2700.000000000000000,,900.000000000000000,900.000000000000000,,,,,,20175,SEWARD
1177278,1378943,2017500041620002002,87515.314456807856914,,35100.000000000000000,,,,,,,,,,,900.000000000000000,15680.000000000000000,3136.000000000000000,20175,SEWARD
1177279,1378944,2017500004440001002,56464.142071905916964,51300.000000000000000,39600.000000000000000,33300.000000000000000,8100.000000000000000,36000.000000000000000,37800.000000000000000,36900.000000000000000,,9000.000000000000000,9000.000000000000000,900.000000000000000,35100.000000000000000,6300.000000000000000,,,20175,SEWARD
1177280,1378945,2017500008860003001,19227.903896209452796,,,,,,,,,,,,,,,,20175,SEWARD
1177281,1378946,2017500039570005001,35152.429707480136130,,900.000000000000000,,1800.000000000000000,1800.000000000000000,900.000000000000000,,1800.000000000000000,,,900.000000000000000,,2700.000000000000000,,,20175,SEWARD
1177282,1378947,2017500040970001002,782258.755267307627946,70200.000000000000000,100800.000000000000000,1800.000000000000000,2700.000000000000000,488700.000000000000000,396000.000000000000000,,,290700.000000000000000,595800.000000000000000,622800.000000000000000,,,,,20175,SEWARD
1177283,1378948,2017500001570001006,230915.065749921341194,11700.000000000000000,96300.000000000000000,6300.000000000000000,30600.000000000000000,9000.000000000000000,52200.000000000000000,900.000000000000000,2700.000000000000000,2700.000000000000000,80100.000000000000000,9000.000000000000000,3600.000000000000000,12600.000000000000000,87808.000000000000000,,20175,SEWARD
1177284,1378949,2017500004630001001,633402.247314386186190,900.000000000000000,1800.000000000000000,1800.000000000000000,12600.000000000000000,2700.000000000000000,,,,,,3600.000000000000000,,,,3136.000000000000000,20175,SEWARD
1177285,1378950,2017500034600001001,145536.294917666702531,135900.000000000000000,135000.000000000000000,1800.000000000000000,4500.000000000000000,900.000000000000000,,,,,900.000000000000000,,,19800.000000000000000,,,20175,SEWARD
1177286,1378951,2017500003830001001,1922850.515971085755154,982800.000000000000000,1864800.000000000000000,,,,,,,,,,,,,9408.000000000000000,20175,SEWARD
1177287,1378952,2017500001210002001,499567.879777416237630,15300.000000000000000,495900.000000000000000,11700.000000000000000,495900.000000000000000,900.000000000000000,18900.000000000000000,2700.000000000000000,36000.000000000000000,15300.000000000000000,479700.000000000000000,56700.000000000000000,495900.000000000000000,,467264.000000000000000,460992.000000000000000,20175,SEWARD
1177288,1378953,2017500035970002003,35223.124489241199626,9900.000000000000000,7200.000000000000000,,27900.000000000000000,,,,,1800.000000000000000,,3600.000000000000000,,6300.000000000000000,3136.000000000000000,6272.000000000000000,20175,SEWARD
1177289,1378954,2017500004420001003,146646.449899342725985,99900.000000000000000,94500.000000000000000,89100.000000000000000,129600.000000000000000,91800.000000000000000,90000.000000000000000,85500.000000000000000,91800.000000000000000,30600.000000000000000,6300.000000000000000,1800.000000000000000,,5400.000000000000000,,,20175,SEWARD
1177290,1378955,2017500036370001003,501787.921606221469119,492300.000000000000000,18900.000000000000000,489600.000000000000000,1800.000000000000000,479700.000000000000000,,470700.000000000000000,,478800.000000000000000,,477000.000000000000000,479700.000000000000000,25200.000000000000000,366912.000000000000000,250880.000000000000000,20175,SEWARD
1177291,1378956,2017500040600001001,408385.391340475762263,16200.000000000000000,343800.000000000000000,1800.000000000000000,900.000000000000000,366300.000000000000000,18000.000000000000000,375300.000000000000000,384300.000000000000000,,,394200.000000000000000,,389700.000000000000000,,326144.000000000000000,20175,SEWARD
1177292,1378957,2017500002370002004,38124.139551966043655,,6300.000000000000000,,6300.000000000000000,,2700.000000000000000,,900.000000000000000,900.000000000000000,,900.000000000000000,7200.000000000000000,,15680.000000000000000,,20175,SEWARD
1177293,1378958,2017500039820011001,53148.596714202758449,,,,,,,,,900.000000000000000,,2700.000000000000000,,1800.000000000000000,,6272.000000000000000,20175,SEWARD
1177294,1378959,2017500004020001003,28952.949265575491154,16200.000000000000000,10800.000000000000000,,8100.000000000000000,2700.000000000000000,,900.000000000000000,1800.000000000000000,,3600.000000000000000,4500.000000000000000,1800.000000000000000,,,12544.000000000000000,20175,SEWARD
1177295,1378960,2017500009820001004,33303.827431452729797,,,,4500.000000000000000,1800.000000000000000,5400.000000000000000,900.000000000000000,1800.000000000000000,21600.000000000000000,3600.000000000000000,,,8100.000000000000000,,3136.000000000000000,20175,SEWARD
1177296,1378961,2017500006890001001,210052.457730676833307,900.000000000000000,17100.000000000000000,,5400.000000000000000,900.000000000000000,173700.000000000000000,,900.000000000000000,99900.000000000000000,4500.000000000000000,,89100.000000000000000,,6272.000000000000000,,20175,SEWARD
1177297,1378962,2017500036560002001,643419.768832062836736,495000.000000000000000,11700.000000000000000,492300.000000000000000,900.000000000000000,489600.000000000000000,,2700.000000000000000,468900.000000000000000,,486900.000000000000000,5400.000000000000000,349200.000000000000000,900.000000000000000,,,20175,SEWARD
1177298,1378963,2017500006600001002,10066.480238449574244,,,,,,,1800.000000000000000,,,,,900.000000000000000,1800.000000000000000,,,20175,SEWARD
1177299,1378964,2017500040260009001,36105.599663840403082,2700.000000000000000,900.000000000000000,900.000000000000000,900.000000000000000,2700.000000000000000,1800.000000000000000,,4500.000000000000000,,4500.000000000000000,7200.000000000000000,3600.000000000000000,5400.000000000000000,,3136.000000000000000,20175,SEWARD
1177300,1378965,2017500003270001004,32033.088010599567497,900.000000000000000,16200.000000000000000,13500.000000000000000,,,,,,32400.000000000000000,31500.000000000000000,,,1800.000000000000000,,3136.000000000000000,20175,SEWARD
1177301,1378966,2017500038850014001,29696.548749217017757,900.000000000000000,900.000000000000000,,900.000000000000000,900.000000000000000,,900.000000000000000,900.000000000000000,,900.000000000000000,900.000000000000000,,,,,20175,SEWARD
1177302,1378967,2017500004820004001,30297.981777327680902,900.000000000000000,,,,1800.000000000000000,,900.000000000000000,,,,900.000000000000000,,,,,20175,SEWARD
1177303,1378968,2017500038650001005,32658.733546009309066,2700.000000000000000,,,26100.000000000000000,,,,,,3600.000000000000000,2700.000000000000000,5400.000000000000000,3600.000000000000000,,,20175,SEWARD
1177304,1378969,2017500003140001003,165401.599130526941735,900.000000000000000,9900.000000000000000,,,1800.000000000000000,,,,,,,,,,,20175,SEWARD
1177305,1378970,2017500002560001002,205308.900469024636550,,900.000000000000000,,,,,,,900.000000000000000,,,,1800.000000000000000,,,20175,SEWARD
1177306,1378972,2017500033500001001,489345.842398608918302,10800.000000000000000,18900.000000000000000,9000.000000000000000,14400.000000000000000,39600.000000000000000,38700.000000000000000,22500.000000000000000,21600.000000000000000,131400.000000000000000,900.000000000000000,37800.000000000000000,236700.000000000000000,17100.000000000000000,43904.000000000000000,75264.000000000000000,20175,SEWARD
1177307,1378973,2017500000330001003,34146.690650370270305,3600.000000000000000,4500.000000000000000,4500.000000000000000,8100.000000000000000,,900.000000000000000,,,900.000000000000000,9900.000000000000000,7200.000000000000000,2700.000000000000000,9000.000000000000000,12544.000000000000000,3136.000000000000000,20175,SEWARD
1177308,1378974,2017500034980002003,41197.609700982276991,19800.000000000000000,27000.000000000000000,32400.000000000000000,35100.000000000000000,,900.000000000000000,,900.000000000000000,10800.000000000000000,,,,,6272.000000000000000,,20175,SEWARD
1177309,1378975,2017500039040001002,144195.777404864784330,43200.000000000000000,900.000000000000000,4500.000000000000000,128700.000000000000000,6300.000000000000000,15300.000000000000000,1800.000000000000000,,900.000000000000000,12600.000000000000000,900.000000000000000,4500.000000000000000,900.000000000000000,,,20175,SEWARD
1177310,1378976,2017500004330001003,510219.789942638832144,186300.000000000000000,288000.000000000000000,200700.000000000000000,494100.000000000000000,485100.000000000000000,2700.000000000000000,477000.000000000000000,193500.000000000000000,21600.000000000000000,1800.000000000000000,478800.000000000000000,2700.000000000000000,,457856.000000000000000,9408.000000000000000,20175,SEWARD
1177311,1378977,2017500008690001009,33197.650884149094054,900.000000000000000,900.000000000000000,900.000000000000000,7200.000000000000000,,,,,2700.000000000000000,1800.000000000000000,900.000000000000000,900.000000000000000,4500.000000000000000,3136.000000000000000,3136.000000000000000,20175,SEWARD
1177312,1378978,2017500037640001001,213273.977738033077912,9000.000000000000000,,,,,,,,,,,,,,3136.000000000000000,20175,SEWARD
1177313,1378979,2017500037750001004,11075.750543955042303,3600.000000000000000,9000.000000000000000,,,12600.000000000000000,,,,,2700.000000000000000,,,,,,20175,SEWARD
1177314,1378980,2017500036940002002,645209.309680612524971,,,,,1800.000000000000000,900.000000000000000,,,7200.000000000000000,,900.000000000000000,,,,,20175,SEWARD
1177315,1378981,2017500003890001005,510427.479268590046559,256500.000000000000000,137700.000000000000000,2700.000000000000000,499500.000000000000000,900.000000000000000,494100.000000000000000,1800.000000000000000,900.000000000000000,497700.000000000000000,495000.000000000000000,496800.000000000000000,1800.000000000000000,502200.000000000000000,451584.000000000000000,43904.000000000000000,20175,SEWARD
1177316,1378982,2017500036480001001,638399.015040844911709,478800.000000000000000,210600.000000000000000,,,175500.000000000000000,,,3600.000000000000000,,,187200.000000000000000,,,3136.000000000000000,153664.000000000000000,20175,SEWARD
1177317,1378983,2017500006920001001,263191.341555531427730,900.000000000000000,,,,,,,,,,,,,,,20175,SEWARD
1177318,1378984,2017500005800001002,294647.355099230480846,,7200.000000000000000,,900.000000000000000,71100.000000000000000,,,,,,,,,,,20175,SEWARD
1177319,1378985,2017500002510001002,318163.702492640295532,24300.000000000000000,214200.000000000000000,,3600.000000000000000,,,,,,,,900.000000000000000,900.000000000000000,,6272.000000000000000,20175,SEWARD
1177320,1378986,2017500034030003001,14922.364742638534153,4500.000000000000000,,,2700.000000000000000,4500.000000000000000,900.000000000000000,1800.000000000000000,4500.000000000000000,900.000000000000000,3600.000000000000000,,6300.000000000000000,5400.000000000000000,,6272.000000000000000,20175,SEWARD
1177321,1378987,2017500004230001002,14349.252709784710532,7200.000000000000000,,,16200.000000000000000,,,,,900.000000000000000,,,,4500.000000000000000,9408.000000000000000,,20175,SEWARD
1177322,1378988,2017500000540001003,36674.322738313181617,2700.000000000000000,26100.000000000000000,900.000000000000000,900.000000000000000,,,900.000000000000000,2700.000000000000000,,,9000.000000000000000,1800.000000000000000,7200.000000000000000,,,20175,SEWARD
1177323,1378989,2017500001170004001,35563.348521641419211,,,,,,,,,,1800.000000000000000,900.000000000000000,900.000000000000000,,,,20175,SEWARD
1177324,1378990,2017500042410001004,216575.029452492657583,10800.000000000000000,,,13500.000000000000000,,,,,,,,,,,81536.000000000000000,20175,SEWARD
1177325,1378991,2017500004030001003,31777.281288839159970,,,,,4500.000000000000000,,,,7200.000000000000000,,1800.000000000000000,,8100.000000000000000,,,20175,SEWARD
1177326,1378992,2017500003200017001,53500.407393472989497,900.000000000000000,900.000000000000000,,,,,,,,900.000000000000000,,900.000000000000000,,,,20175,SEWARD
1177327,1378993,2017500005370001001,633252.318271388765424,,,,900.000000000000000,,,,,,,23400.000000000000000,9000.000000000000000,,,3136.000000000000000,20175,SEWARD
1177328,1378994,2017500039800008001,10949.505354436625566,,900.000000000000000,,,,,,,900.000000000000000,900.000000000000000,,,,,,20175,SEWARD
1177329,1378995,2017500001540001008,513709.755462679837365,,503100.000000000000000,,510300.000000000000000,900.000000000000000,487800.000000000000000,,492300.000000000000000,,491400.000000000000000,,502200.000000000000000,,457856.000000000000000,479808.000000000000000,20175,SEWARD
1177330,1378996,2017500002590001001,243750.612857503379928,,,,242100.000000000000000,,,,,,,3600.000000000000000,1800.000000000000000,,,203840.000000000000000,20175,SEWARD
1177331,1378997,2017500002940003001,34255.991568620178441,28800.000000000000000,900.000000000000000,5400.000000000000000,27000.000000000000000,27000.000000000000000,900.000000000000000,,2700.000000000000000,,1800.000000000000000,,9900.000000000000000,,,,20175,SEWARD
1177332,1378998,2017500001540002001,32384.825632622611010,2700.000000000000000,,1800.000000000000000,,1800.000000000000000,,,,,,1800.000000000000000,,1800.000000000000000,,,20175,SEWARD
1177333,1378999,2017500006180001001,215525.169778509007301,172800.000000000000000,3600.000000000000000,15300.000000000000000,5400.000000000000000,900.000000000000000,,,,6300.000000000000000,900.000000000000000,140400.000000000000000,80100.000000000000000,16200.000000000000000,194432.000000000000000,169344.000000000000000,20175,SEWARD
1177334,1379000,2017500001140001002,93477.947096324292943,78300.000000000000000,62100.000000000000000,12600.000000000000000,25200.000000000000000,,900.000000000000000,,900.000000000000000,8100.000000000000000,,,,,,,20175,SEWARD
1177335,1379001,2017500002070001002,500469.727324536070228,495900.000000000000000,499500.000000000000000,900.000000000000000,497700.000000000000000,477000.000000000000000,473400.000000000000000,475200.000000000000000,476100.000000000000000,497700.000000000000000,495900.000000000000000,482400.000000000000000,450000.000000000000000,492300.000000000000000,460992.000000000000000,457856.000000000000000,20175,SEWARD
1177336,1379002,2017500007690001001,480490.585430840088520,22500.000000000000000,900.000000000000000,447300.000000000000000,15300.000000000000000,16200.000000000000000,,1800.000000000000000,,2700.000000000000000,2700.000000000000000,473400.000000000000000,475200.000000000000000,337500.000000000000000,3136.000000000000000,3136.000000000000000,20175,SEWARD
1177337,1379003,2017500000540003003,38217.915436193405185,4500.000000000000000,26100.000000000000000,,,5400.000000000000000,1800.000000000000000,,,4500.000000000000000,2700.000000000000000,1800.000000000000000,,2700.000000000000000,3136.000000000000000,3136.000000000000000,20175,SEWARD
1177338,1379004,2017500039800002001,38404.490515397337731,9000.000000000000000,2700.000000000000000,1800.000000000000000,,,,3600.000000000000000,4500.000000000000000,,4500.000000000000000,3600.000000000000000,,,,6272.000000000000000,20175,SEWARD
1177339,1379006,2017500036500001003,500943.954448289354332,1800.000000000000000,10800.000000000000000,2700.000000000000000,,,,454500.000000000000000,,900.000000000000000,100800.000000000000000,474300.000000000000000,,,9408.000000000000000,6272.000000000000000,20175,SEWARD
1177340,1379007,2017500008690001010,34272.396574420345132,900.000000000000000,,,5400.000000000000000,2700.000000000000000,,,,1800.000000000000000,,900.000000000000000,1800.000000000000000,3600.000000000000000,,3136.000000000000000,20175,SEWARD
1177341,1379008,2017500039720001001,304744.875041064049583,900.000000000000000,1800.000000000000000,900.000000000000000,7200.000000000000000,,,,,,,,900.000000000000000,900.000000000000000,,,20175,SEWARD
1177342,1379009,2017500035580001003,35033.530667098173581,1800.000000000000000,2700.000000000000000,,1800.000000000000000,,,,,,,900.000000000000000,,,,,20175,SEWARD
1177343,1379010,2017500036010001001,296935.520950542122591,1800.000000000000000,3600.000000000000000,,,,,80100.000000000000000,,,,900.000000000000000,270000.000000000000000,,,,20175,SEWARD
1177344,1379011,2017500042220003001,29783.380038487674028,900.000000000000000,2700.000000000000000,900.000000000000000,2700.000000000000000,2700.000000000000000,900.000000000000000,900.000000000000000,900.000000000000000,,,3600.000000000000000,16200.000000000000000,1800.000000000000000,12544.000000000000000,9408.000000000000000,20175,SEWARD
1177345,1379012,2017500036370001004,33690.767115275302785,7200.000000000000000,14400.000000000000000,13500.000000000000000,15300.000000000000000,900.000000000000000,,900.000000000000000,,5400.000000000000000,,,,,,,20175,SEWARD
1177346,1379013,2017500038650001007,25911.289072302777640,,,,17100.000000000000000,,,,,,,,,4500.000000000000000,,15680.000000000000000,20175,SEWARD
1177347,1379014,2017500012530004001,96701.399062752374448,1800.000000000000000,900.000000000000000,,,,,,,,,,,,,,20175,SEWARD
1177348,1379015,2017500009090001002,379920.857490021269768,1800.000000000000000,6300.000000000000000,10800.000000000000000,2700.000000000000000,2700.000000000000000,,,,,,,,,6272.000000000000000,,20175,SEWARD
1177349,1379016,2017500003090001003,31144.239676440040057,9900.000000000000000,8100.000000000000000,8100.000000000000000,27000.000000000000000,,,,,5400.000000000000000,3600.000000000000000,1800.000000000000000,2700.000000000000000,2700.000000000000000,18816.000000000000000,9408.000000000000000,20175,SEWARD
1177350,1379017,2017500000200001003,496724.297488485812210,490500.000000000000000,486000.000000000000000,468000.000000000000000,249300.000000000000000,489600.000000000000000,420300.000000000000000,477000.000000000000000,486000.000000000000000,489600.000000000000000,482400.000000000000000,481500.000000000000000,486000.000000000000000,487800.000000000000000,470400.000000000000000,448448.000000000000000,20175,SEWARD
1177351,1379018,2017500006750001005,27947.270387126969581,3600.000000000000000,,,5400.000000000000000,,900.000000000000000,,,,,,,,,,20175,SEWARD
1177352,1379019,2017500001720001001,499345.825929218495730,493200.000000000000000,71100.000000000000000,491400.000000000000000,2700.000000000000000,480600.000000000000000,18900.000000000000000,476100.000000000000000,490500.000000000000000,18000.000000000000000,3600.000000000000000,44100.000000000000000,2700.000000000000000,27900.000000000000000,6272.000000000000000,50176.000000000000000,20175,SEWARD
1177353,1379020,2017500035510004013,45543.186681300969212,34200.000000000000000,,,36900.000000000000000,,,,1800.000000000000000,,1800.000000000000000,,,900.000000000000000,,,20175,SEWARD
1177354,1379021,2017500006340001001,619967.098133535007946,,3600.000000000000000,3600.000000000000000,,,,12600.000000000000000,,,,,,11700.000000000000000,,12544.000000000000000,20175,SEWARD
1177355,1379022,2017500039330002001,460984.316173294093460,441900.000000000000000,442800.000000000000000,436500.000000000000000,442800.000000000000000,448200.000000000000000,440100.000000000000000,431100.000000000000000,434700.000000000000000,438300.000000000000000,439200.000000000000000,431100.000000000000000,434700.000000000000000,446400.000000000000000,420224.000000000000000,420224.000000000000000,20175,SEWARD
1177356,1379023,2017500000620002001,65898.623420515548787,900.000000000000000,1800.000000000000000,,1800.000000000000000,1800.000000000000000,,,1800.000000000000000,3600.000000000000000,,,,,,,20175,SEWARD
1177357,1379024,2017500006450002001,22619.027876254935109,,,,,3600.000000000000000,,,,,,,,,,,20175,SEWARD
1177358,1379025,2017500000160012001,30512.431773291384161,,900.000000000000000,,900.000000000000000,2700.000000000000000,,900.000000000000000,900.000000000000000,900.000000000000000,,900.000000000000000,900.000000000000000,2700.000000000000000,,,20175,SEWARD
1177359,1379026,2017500006600001005,33266.289830871464801,1800.000000000000000,,,,7200.000000000000000,,3600.000000000000000,,1800.000000000000000,,,900.000000000000000,6300.000000000000000,,,20175,SEWARD
1177360,1379027,2017500041780004001,81168.874102517729625,900.000000000000000,3600.000000000000000,900.000000000000000,21600.000000000000000,900.000000000000000,,,,6300.000000000000000,,4500.000000000000000,3600.000000000000000,2700.000000000000000,3136.000000000000000,,20175,SEWARD
1177361,1379028,2017500034830001004,36194.890985640202416,,,,,,,,,,,,5400.000000000000000,,,,20175,SEWARD
1177362,1379029,2017500010110002006,65287.588099503074773,24300.000000000000000,9000.000000000000000,,4500.000000000000000,2700.000000000000000,,,6300.000000000000000,3600.000000000000000,16200.000000000000000,8100.000000000000000,900.000000000000000,7200.000000000000000,3136.000000000000000,15680.000000000000000,20175,SEWARD
1177363,1379030,2017500038460001005,34324.963583283621119,4500.000000000000000,1800.000000000000000,900.000000000000000,14400.000000000000000,12600.000000000000000,4500.000000000000000,18900.000000000000000,900.000000000000000,19800.000000000000000,9000.000000000000000,4500.000000000000000,7200.000000000000000,,,6272.000000000000000,20175,SEWARD
1177364,1379031,2017500007410007001,35025.624646195246896,2700.000000000000000,,,,,,,3600.000000000000000,,,,,,,,20175,SEWARD
1177365,1379032,2017500003780001005,32636.435978464520304,,9900.000000000000000,1800.000000000000000,3600.000000000000000,,,,,,,1800.000000000000000,,900.000000000000000,,,20175,SEWARD
1177366,1379033,2017500033000001001,268428.620820836629719,35100.000000000000000,89100.000000000000000,1800.000000000000000,11700.000000000000000,184500.000000000000000,,,,200700.000000000000000,900.000000000000000,,,13500.000000000000000,3136.000000000000000,18816.000000000000000,20175,SEWARD
1177367,1379034,2017500003450001004,32685.525823361786024,28800.000000000000000,,,18000.000000000000000,,2700.000000000000000,,2700.000000000000000,19800.000000000000000,,30600.000000000000000,900.000000000000000,,6272.000000000000000,,20175,SEWARD
1177368,1379035,2017500033650001002,503827.802347906399518,490500.000000000000000,392400.000000000000000,470700.000000000000000,,488700.000000000000000,464400.000000000000000,,476100.000000000000000,,482400.000000000000000,482400.000000000000000,491400.000000000000000,486900.000000000000000,429632.000000000000000,460992.000000000000000,20175,SEWARD
1177369,1379036,2017500042230001003,9221.640622868248101,,1800.000000000000000,,4500.000000000000000,,900.000000000000000,,900.000000000000000,3600.000000000000000,,1800.000000000000000,,2700.000000000000000,,,20175,SEWARD
1177370,1379037,2017500003260001002,647440.670932477572933,4500.000000000000000,,900.000000000000000,328500.000000000000000,,2700.000000000000000,,,8100.000000000000000,,900.000000000000000,4500.000000000000000,,,,20175,SEWARD
1177371,1379038,2017500040990003008,5276.979910879899762,,,,,,,,,,,,,,,,20175,SEWARD
1177372,1379039,2017500008120002004,9580.457775963155655,900.000000000000000,,,900.000000000000000,900.000000000000000,900.000000000000000,,,1800.000000000000000,900.000000000000000,900.000000000000000,1800.000000000000000,1800.000000000000000,,,20175,SEWARD
1177373,1379040,2017500005650001003,40277.987531730483170,2700.000000000000000,3600.000000000000000,3600.000000000000000,7200.000000000000000,1800.000000000000000,4500.000000000000000,,7200.000000000000000,2700.000000000000000,,7200.000000000000000,,6300.000000000000000,3136.000000000000000,,20175,SEWARD
1177374,1379041,2017500008000004001,30704.420098268365109,,,,,,,,900.000000000000000,,,900.000000000000000,1800.000000000000000,,,,20175,SEWARD
1177375,1379042,2017500042520002001,31038.904891621361458,,,,,,,,,,,,,,,,20175,SEWARD
1177376,1379043,2017500033230001001,333806.481731872016098,,1800.000000000000000,,,8100.000000000000000,9900.000000000000000,,,,,,,,,,20175,SEWARD
1177377,1379044,2017500042030001004,86675.433581368517480,900.000000000000000,,,,,,,900.000000000000000,,,,900.000000000000000,,,,20175,SEWARD
1177378,1379045,2017500003200031001,9834.867491654706100,900.000000000000000,900.000000000000000,,1800.000000000000000,,,,,1800.000000000000000,,,,,3136.000000000000000,,20175,SEWARD
1177379,1379046,2017500005580001001,599857.540180457290262,,1800.000000000000000,,2700.000000000000000,,,,,,,,,,,,20175,SEWARD
1177380,1379047,2017500009450006001,140973.053244074835675,14400.000000000000000,8100.000000000000000,9900.000000000000000,5400.000000000000000,900.000000000000000,10800.000000000000000,,14400.000000000000000,1800.000000000000000,10800.000000000000000,27000.000000000000000,13500.000000000000000,,6272.000000000000000,,20175,SEWARD
1177381,1379048,2017500033650001003,36313.407875880970096,21600.000000000000000,900.000000000000000,,,5400.000000000000000,,,,,,900.000000000000000,,2700.000000000000000,,,20175,SEWARD
1177382,1379049,2017500011560001001,502027.657911539252382,358200.000000000000000,900.000000000000000,,178200.000000000000000,21600.000000000000000,2700.000000000000000,252000.000000000000000,900.000000000000000,,4500.000000000000000,87300.000000000000000,900.000000000000000,304200.000000000000000,,,20175,SEWARD
1177383,1379050,2017500033080002004,33627.801621188271383,9000.000000000000000,4500.000000000000000,6300.000000000000000,,9000.000000000000000,2700.000000000000000,,,2700.000000000000000,6300.000000000000000,12600.000000000000000,,1800.000000000000000,3136.000000000000000,15680.000000000000000,20175,SEWARD
1177384,1379051,2017500002750001002,28279.602013689258456,11700.000000000000000,,,,2700.000000000000000,900.000000000000000,,,3600.000000000000000,,2700.000000000000000,900.000000000000000,,,,20175,SEWARD
1177385,1379059,2017500007040001007,512409.146339022205211,505800.000000000000000,509400.000000000000000,12600.000000000000000,504900.000000000000000,503100.000000000000000,494100.000000000000000,492300.000000000000000,495900.000000000000000,505800.000000000000000,470700.000000000000000,7200.000000000000000,1800.000000000000000,7200.000000000000000,3136.000000000000000,467264.000000000000000,20175,SEWARD
1177386,1379060,2017500009370003001,33392.892649942274147,1800.000000000000000,,,2700.000000000000000,2700.000000000000000,,,900.000000000000000,2700.000000000000000,,2700.000000000000000,1800.000000000000000,2700.000000000000000,3136.000000000000000,,20175,SEWARD
1177387,1379061,2017500004010001002,29809.093214558182808,6300.000000000000000,9900.000000000000000,,5400.000000000000000,,,,,900.000000000000000,900.000000000000000,,900.000000000000000,,,,20175,SEWARD
1177388,1379062,2017500009620001003,506483.015727519989014,1800.000000000000000,,900.000000000000000,484200.000000000000000,486000.000000000000000,900.000000000000000,,1800.000000000000000,481500.000000000000000,13500.000000000000000,,41400.000000000000000,18900.000000000000000,,216384.000000000000000,20175,SEWARD
1177389,1379063,2017500041530007001,36890.983991815432091,,1800.000000000000000,3600.000000000000000,4500.000000000000000,,,3600.000000000000000,1800.000000000000000,1800.000000000000000,,,7200.000000000000000,9000.000000000000000,,12544.000000000000000,20175,SEWARD
1177390,1379064,2017500005280002001,772967.652910774922930,7200.000000000000000,157500.000000000000000,,,900.000000000000000,53100.000000000000000,,900.000000000000000,,,,,1800.000000000000000,,,20175,SEWARD
1177391,1379065,2017500002180005002,346461.255852529138792,342900.000000000000000,1800.000000000000000,344700.000000000000000,1800.000000000000000,346500.000000000000000,343800.000000000000000,344700.000000000000000,344700.000000000000000,346500.000000000000000,333900.000000000000000,337500.000000000000000,344700.000000000000000,337500.000000000000000,329280.000000000000000,316736.000000000000000,20175,SEWARD
1177392,1379066,2017500041020005002,411668.111845623177942,195300.000000000000000,360900.000000000000000,197100.000000000000000,204300.000000000000000,5400.000000000000000,900.000000000000000,7200.000000000000000,204300.000000000000000,202500.000000000000000,208800.000000000000000,37800.000000000000000,198900.000000000000000,197100.000000000000000,194432.000000000000000,,20175,SEWARD
1177393,1379067,2017500036480001002,654618.593619261868298,1800.000000000000000,6300.000000000000000,,,,,,15300.000000000000000,,,7200.000000000000000,,,68992.000000000000000,,20175,SEWARD
1177394,1379068,2017500034100001009,248669.392216323700268,243000.000000000000000,243000.000000000000000,,,242100.000000000000000,243900.000000000000000,,241200.000000000000000,238500.000000000000000,,,243900.000000000000000,243900.000000000000000,,,20175,SEWARD
1177395,1379069,2017500042310009002,70069.301077498777886,27000.000000000000000,25200.000000000000000,15300.000000000000000,26100.000000000000000,12600.000000000000000,5400.000000000000000,10800.000000000000000,13500.000000000000000,26100.000000000000000,12600.000000000000000,18900.000000000000000,35100.000000000000000,13500.000000000000000,12544.000000000000000,25088.000000000000000,20175,SEWARD
1177396,1379070,2017500001690001001,324505.987873136415146,,,,,,,,,,,,,,,,20175,SEWARD
1177397,1379071,2017500001170014001,91206.303249633521773,,1800.000000000000000,,1800.000000000000000,,1800.000000000000000,,900.000000000000000,,,1800.000000000000000,1800.000000000000000,7200.000000000000000,,,20175,SEWARD
1177398,1379072,2017500003240005010,28126.187488096769812,,,,5400.000000000000000,,,2700.000000000000000,,,,,1800.000000000000000,,,,20175,SEWARD
1177399,1379073,2017500040740007001,19884.127175677593186,,3600.000000000000000,900.000000000000000,3600.000000000000000,,1800.000000000000000,1800.000000000000000,,,1800.000000000000000,5400.000000000000000,3600.000000000000000,,,,20175,SEWARD
1177400,1379074,2017500001260001001,500777.053733321256004,494100.000000000000000,488700.000000000000000,490500.000000000000000,900.000000000000000,485100.000000000000000,477000.000000000000000,51300.000000000000000,493200.000000000000000,495900.000000000000000,479700.000000000000000,28800.000000000000000,495900.000000000000000,6300.000000000000000,501760.000000000000000,31360.000000000000000,20175,SEWARD
1177401,1379075,2017500000160008001,31082.409464826054318,900.000000000000000,,,,900.000000000000000,4500.000000000000000,4500.000000000000000,,,4500.000000000000000,4500.000000000000000,2700.000000000000000,4500.000000000000000,,12544.000000000000000,20175,SEWARD
1177402,1379076,2017500040710002001,33226.226713307776663,,,900.000000000000000,900.000000000000000,,,,,900.000000000000000,2700.000000000000000,900.000000000000000,900.000000000000000,1800.000000000000000,,6272.000000000000000,20175,SEWARD
1177403,1379077,2017500007050003001,633714.948266803985462,51300.000000000000000,900.000000000000000,15300.000000000000000,1800.000000000000000,18000.000000000000000,2700.000000000000000,,,,,,900.000000000000000,,,,20175,SEWARD
1177404,1379078,2017500007040001008,508041.378020862000994,486900.000000000000000,483300.000000000000000,72000.000000000000000,1800.000000000000000,,,,900.000000000000000,,1800.000000000000000,8100.000000000000000,2700.000000000000000,491400.000000000000000,388864.000000000000000,448448.000000000000000,20175,SEWARD
1177405,1379080,2017500006260005001,37411.553782419716299,,,,,,,,,,,1800.000000000000000,,,,,20175,SEWARD
1177406,1379082,2017500009220001007,26297.211214670605841,,900.000000000000000,2700.000000000000000,21600.000000000000000,4500.000000000000000,,2700.000000000000000,1800.000000000000000,3600.000000000000000,2700.000000000000000,2700.000000000000000,4500.000000000000000,4500.000000000000000,9408.000000000000000,9408.000000000000000,20175,SEWARD
1177407,1379083,2017500009470006001,40218.665565501498349,,3600.000000000000000,900.000000000000000,,900.000000000000000,,,1800.000000000000000,,3600.000000000000000,900.000000000000000,,1800.000000000000000,9408.000000000000000,18816.000000000000000,20175,SEWARD
1177408,1379084,2017500039540003001,37548.314041591700516,1800.000000000000000,1800.000000000000000,900.000000000000000,,2700.000000000000000,2700.000000000000000,1800.000000000000000,2700.000000000000000,900.000000000000000,11700.000000000000000,2700.000000000000000,,1800.000000000000000,,,20175,SEWARD
1177409,1379085,2017500005350003001,51914.690922173489525,6300.000000000000000,8100.000000000000000,6300.000000000000000,9000.000000000000000,7200.000000000000000,7200.000000000000000,4500.000000000000000,10800.000000000000000,1800.000000000000000,1800.000000000000000,11700.000000000000000,12600.000000000000000,19800.000000000000000,6272.000000000000000,6272.000000000000000,20175,SEWARD
1177410,1379086,2017500001020001001,159417.323157929145964,,9000.000000000000000,,2700.000000000000000,9000.000000000000000,,900.000000000000000,,1800.000000000000000,,7200.000000000000000,,2700.000000000000000,,,20175,SEWARD
1177411,1379087,2017500041940001001,231975.331833861127961,,,,,,,,,,,,,,,,20175,SEWARD
1177412,1379088,2017500009470004001,33539.390201183108729,1800.000000000000000,900.000000000000000,900.000000000000000,2700.000000000000000,,,4500.000000000000000,2700.000000000000000,,900.000000000000000,900.000000000000000,,1800.000000000000000,3136.000000000000000,,20175,SEWARD
1177413,1379089,2017500001220004001,17871.754960397345712,,,900.000000000000000,,2700.000000000000000,900.000000000000000,,,,1800.000000000000000,3600.000000000000000,2700.000000000000000,1800.000000000000000,,9408.000000000000000,20175,SEWARD
1177414,1379090,2017500008070002001,223570.086675490718335,1800.000000000000000,5400.000000000000000,,900.000000000000000,19800.000000000000000,,,,,,,,,,,20175,SEWARD
1177415,1379091,2017500008500001002,215105.652032335987315,165600.000000000000000,1800.000000000000000,71100.000000000000000,,,2700.000000000000000,,,99000.000000000000000,,,194400.000000000000000,,,,20175,SEWARD
1177416,1379092,2017500040690001002,259387.666655001346953,215100.000000000000000,6300.000000000000000,191700.000000000000000,51300.000000000000000,221400.000000000000000,,,,46800.000000000000000,202500.000000000000000,207900.000000000000000,203400.000000000000000,,159936.000000000000000,141120.000000000000000,20175,SEWARD
1177417,1379093,2017500040150004001,28557.530842677049804,9000.000000000000000,,2700.000000000000000,,900.000000000000000,,,,2700.000000000000000,,1800.000000000000000,3600.000000000000000,3600.000000000000000,,3136.000000000000000,20175,SEWARD
1177418,1379094,2017500033320010001,79629.903541835083161,18000.000000000000000,11700.000000000000000,9000.000000000000000,4500.000000000000000,7200.000000000000000,2700.000000000000000,12600.000000000000000,1800.000000000000000,9900.000000000000000,18900.000000000000000,17100.000000000000000,9000.000000000000000,,3136.000000000000000,15680.000000000000000,20175,SEWARD
1177419,1379095,2017500010120004001,34716.547288273017330,14400.000000000000000,20700.000000000000000,12600.000000000000000,900.000000000000000,,,,,1800.000000000000000,900.000000000000000,,900.000000000000000,2700.000000000000000,6272.000000000000000,,20175,SEWARD
1177420,1379096,2017500041240004003,38547.799127952348499,,31500.000000000000000,,15300.000000000000000,,,,,,,,,,3136.000000000000000,,20175,SEWARD
1177421,1379097,2017500002490001001,649565.754123075166717,499500.000000000000000,493200.000000000000000,385200.000000000000000,382500.000000000000000,481500.000000000000000,412200.000000000000000,5400.000000000000000,5400.000000000000000,,,2700.000000000000000,,,15680.000000000000000,15680.000000000000000,20175,SEWARD
1177422,1379098,2017500000160014001,61826.696313999316772,4500.000000000000000,2700.000000000000000,900.000000000000000,1800.000000000000000,3600.000000000000000,4500.000000000000000,6300.000000000000000,1800.000000000000000,8100.000000000000000,9900.000000000000000,1800.000000000000000,5400.000000000000000,5400.000000000000000,15680.000000000000000,15680.000000000000000,20175,SEWARD
1177423,1379099,2017500001170018001,25004.971470653490542,,2700.000000000000000,,1800.000000000000000,900.000000000000000,,,900.000000000000000,,,5400.000000000000000,7200.000000000000000,4500.000000000000000,,,20175,SEWARD
1177424,1379100,2017500001260001002,508831.244188231532462,490500.000000000000000,485100.000000000000000,4500.000000000000000,490500.000000000000000,484200.000000000000000,4500.000000000000000,484200.000000000000000,489600.000000000000000,488700.000000000000000,319500.000000000000000,487800.000000000000000,22500.000000000000000,487800.000000000000000,219520.000000000000000,476672.000000000000000,20175,SEWARD
1177425,1379101,2017500040150003001,33585.952296812305576,900.000000000000000,,900.000000000000000,1800.000000000000000,2700.000000000000000,,,,,900.000000000000000,1800.000000000000000,,900.000000000000000,,12544.000000000000000,20175,SEWARD
1177426,1379102,2017500003170001003,247903.564320081874030,37800.000000000000000,4500.000000000000000,,,242100.000000000000000,7200.000000000000000,2700.000000000000000,244800.000000000000000,180900.000000000000000,234000.000000000000000,2700.000000000000000,9000.000000000000000,243000.000000000000000,225792.000000000000000,9408.000000000000000,20175,SEWARD
1177427,1379103,2017500003640001001,315512.779322386661079,,7200.000000000000000,1800.000000000000000,,,,,,,,,,2700.000000000000000,,,20175,SEWARD
1177428,1379104,2017500004020001004,29748.051018693262449,18000.000000000000000,16200.000000000000000,6300.000000000000000,27900.000000000000000,,,,,,,,,,,,20175,SEWARD
1177429,1379105,2017500000220006004,37160.223980266331637,,,,,1800.000000000000000,4500.000000000000000,,900.000000000000000,2700.000000000000000,,,2700.000000000000000,1800.000000000000000,,,20175,SEWARD
1177430,1379107,2017500004970001003,236648.672634006739827,3600.000000000000000,4500.000000000000000,,,,,,,,,,,,3136.000000000000000,,20175,SEWARD
1177431,1379108,2017500040330001001,30046.903108616679674,,,,,,,,,,,,900.000000000000000,,,,20175,SEWARD
1177432,1379109,2017500005420001004,823313.486213279189542,3600.000000000000000,14400.000000000000000,,,,,,,1800.000000000000000,,900.000000000000000,,,,,20175,SEWARD
1177433,1379110,2017500003810001002,337294.140130915329792,1800.000000000000000,23400.000000000000000,,,,5400.000000000000000,,,,,,,,,,20175,SEWARD
1177435,1379113,2017500041470001001,564928.074119590339251,17100.000000000000000,510300.000000000000000,147600.000000000000000,509400.000000000000000,539100.000000000000000,464400.000000000000000,479700.000000000000000,484200.000000000000000,492300.000000000000000,3600.000000000000000,486900.000000000000000,495000.000000000000000,472500.000000000000000,,,20175,SEWARD
1177436,1379114,2017500037370008001,225376.132210463576484,1800.000000000000000,,,,,,,,900.000000000000000,,,,,,,20175,SEWARD
1177437,1379115,2017500003190003001,36723.977574252981867,,7200.000000000000000,,,,,,,,,,,,,6272.000000000000000,20175,SEWARD
1177438,1379116,2017500009790003001,32482.582766353880288,5400.000000000000000,,,,,,,,,,,1800.000000000000000,900.000000000000000,,6272.000000000000000,20175,SEWARD
1177439,1379117,2017500008310002003,64526.024180382162740,63000.000000000000000,,33300.000000000000000,29700.000000000000000,63000.000000000000000,29700.000000000000000,3600.000000000000000,33300.000000000000000,11700.000000000000000,33300.000000000000000,51300.000000000000000,,63000.000000000000000,9408.000000000000000,62720.000000000000000,20175,SEWARD
1177440,1379118,2017500034850003004,55783.820138903131010,900.000000000000000,7200.000000000000000,,,900.000000000000000,2700.000000000000000,,900.000000000000000,1800.000000000000000,18000.000000000000000,900.000000000000000,900.000000000000000,,,,20175,SEWARD
1177441,1379119,2017500037340004001,229354.187502178247087,,,,,900.000000000000000,,,,,,,,,,,20175,SEWARD
1177442,1379120,2017500040040002001,22288.392218584896909,,,,,,,,,,,,,,,,20175,SEWARD
1177443,1379121,2017500004960001002,353464.594291211687960,,900.000000000000000,,,900.000000000000000,,,,,,,,177300.000000000000000,,,20175,SEWARD
1177444,1379122,2017500005610001004,485112.864352434058674,15300.000000000000000,14400.000000000000000,22500.000000000000000,467100.000000000000000,,,459900.000000000000000,,,,471600.000000000000000,9900.000000000000000,,,404544.000000000000000,20175,SEWARD
1177445,1379123,2017500007580001005,142840.173327813012293,2700.000000000000000,900.000000000000000,,61200.000000000000000,43200.000000000000000,19800.000000000000000,4500.000000000000000,,,1800.000000000000000,,,,9408.000000000000000,6272.000000000000000,20175,SEWARD
1177446,1379124,2017500002940001004,34885.626541700512462,28800.000000000000000,3600.000000000000000,900.000000000000000,28800.000000000000000,33300.000000000000000,1800.000000000000000,900.000000000000000,3600.000000000000000,900.000000000000000,4500.000000000000000,5400.000000000000000,23400.000000000000000,2700.000000000000000,9408.000000000000000,12544.000000000000000,20175,SEWARD
1177447,1379125,2017500040990002016,9492.598529535791386,900.000000000000000,,,,,,,,,,,,900.000000000000000,,,20175,SEWARD
1177448,1379126,2017500039410010001,32951.955827880869037,7200.000000000000000,6300.000000000000000,3600.000000000000000,4500.000000000000000,9000.000000000000000,8100.000000000000000,,2700.000000000000000,4500.000000000000000,6300.000000000000000,13500.000000000000000,7200.000000000000000,8100.000000000000000,,9408.000000000000000,20175,SEWARD
1177449,1379127,2017500038960001001,57765.329232318530558,42300.000000000000000,42300.000000000000000,900.000000000000000,,9000.000000000000000,4500.000000000000000,4500.000000000000000,2700.000000000000000,,2700.000000000000000,9900.000000000000000,9000.000000000000000,2700.000000000000000,,12544.000000000000000,20175,SEWARD
1177450,1379128,2017500039040003004,33347.400990010370151,,,,,,,,,,,1800.000000000000000,,,,,20175,SEWARD
1177451,1379129,2017500008380001001,638853.009606787934899,5400.000000000000000,,,3600.000000000000000,,,,,,,6300.000000000000000,17100.000000000000000,2700.000000000000000,,,20175,SEWARD
1177452,1379131,2017500002940002002,29291.827037109476805,21600.000000000000000,1800.000000000000000,2700.000000000000000,27000.000000000000000,22500.000000000000000,,1800.000000000000000,6300.000000000000000,1800.000000000000000,7200.000000000000000,7200.000000000000000,28800.000000000000000,900.000000000000000,3136.000000000000000,25088.000000000000000,20175,SEWARD
1177453,1379132,2017500003460001003,28661.416485774083412,23400.000000000000000,2700.000000000000000,2700.000000000000000,16200.000000000000000,,,,3600.000000000000000,24300.000000000000000,900.000000000000000,28800.000000000000000,,900.000000000000000,6272.000000000000000,,20175,SEWARD
1177454,1379133,2017500004210001001,468862.929416067199782,900.000000000000000,,900.000000000000000,418500.000000000000000,20700.000000000000000,,,,5400.000000000000000,3600.000000000000000,2700.000000000000000,900.000000000000000,1800.000000000000000,,21952.000000000000000,20175,SEWARD
1177455,1379134,2017500000870002001,492041.206632553716190,489600.000000000000000,489600.000000000000000,477900.000000000000000,482400.000000000000000,470700.000000000000000,476100.000000000000000,468900.000000000000000,477900.000000000000000,478800.000000000000000,466200.000000000000000,469800.000000000000000,466200.000000000000000,473400.000000000000000,464128.000000000000000,454720.000000000000000,20175,SEWARD
1177456,1379135,2017500039980006001,39859.795295681848074,7200.000000000000000,3600.000000000000000,4500.000000000000000,5400.000000000000000,6300.000000000000000,6300.000000000000000,6300.000000000000000,1800.000000000000000,1800.000000000000000,6300.000000000000000,7200.000000000000000,900.000000000000000,,,12544.000000000000000,20175,SEWARD
1177457,1379136,2017500033000001002,28340.210885716303892,16200.000000000000000,6300.000000000000000,900.000000000000000,9000.000000000000000,1800.000000000000000,,900.000000000000000,900.000000000000000,29700.000000000000000,2700.000000000000000,,,,,3136.000000000000000,20175,SEWARD
1177458,1379137,2017500033750003004,36296.816624931474507,35100.000000000000000,,2700.000000000000000,34200.000000000000000,900.000000000000000,,,900.000000000000000,6300.000000000000000,,9900.000000000000000,7200.000000000000000,10800.000000000000000,,9408.000000000000000,20175,SEWARD
1177459,1379138,2017500009620001004,27902.607762630159414,,,1800.000000000000000,,900.000000000000000,,,,,,,900.000000000000000,1800.000000000000000,,6272.000000000000000,20175,SEWARD
1177460,1379139,2017500037980001001,298816.631825413554907,,900.000000000000000,,,,,,,,,,,,,,20175,SEWARD
1177461,1379140,2017500002790001002,272260.231343624240253,2700.000000000000000,237600.000000000000000,50400.000000000000000,8100.000000000000000,5400.000000000000000,,,1800.000000000000000,900.000000000000000,,,,23400.000000000000000,,,20175,SEWARD
1177462,1379141,2017500038440001002,45434.434849650555407,,,,,1800.000000000000000,,,3600.000000000000000,,,,13500.000000000000000,10800.000000000000000,9408.000000000000000,18816.000000000000000,20175,SEWARD
1177463,1379142,2017500003240005012,20480.223313973481709,,,,1800.000000000000000,,,,,,,,,,,,20175,SEWARD
1177464,1379143,2017500004010001003,32014.520501627481281,5400.000000000000000,2700.000000000000000,,4500.000000000000000,,,,,,900.000000000000000,1800.000000000000000,900.000000000000000,,,12544.000000000000000,20175,SEWARD
1177465,1379144,2017500033480001006,639399.254997136536986,634500.000000000000000,478800.000000000000000,469800.000000000000000,627300.000000000000000,900.000000000000000,459900.000000000000000,459900.000000000000000,482400.000000000000000,477000.000000000000000,486000.000000000000000,453600.000000000000000,480600.000000000000000,,,,20175,SEWARD
1177466,1379145,2017500005610003001,193942.959990699280752,6300.000000000000000,,,176400.000000000000000,,,,,,,,,,,,20175,SEWARD
1177467,1379146,2017500038650001008,522689.929671734513249,520200.000000000000000,,494100.000000000000000,3600.000000000000000,495000.000000000000000,,491400.000000000000000,,496800.000000000000000,38700.000000000000000,481500.000000000000000,50400.000000000000000,516600.000000000000000,109760.000000000000000,464128.000000000000000,20175,SEWARD
1177468,1379147,2017500003170010001,34136.487723635182192,1800.000000000000000,,,,30600.000000000000000,,,,5400.000000000000000,,5400.000000000000000,3600.000000000000000,,,,20175,SEWARD
1177469,1379148,2017500004480001002,399778.743324951385148,,,,,900.000000000000000,,,,,,,,,,,20175,SEWARD
1177470,1379149,2017500010100001003,991833.967328464845195,980100.000000000000000,978300.000000000000000,967500.000000000000000,979200.000000000000000,960300.000000000000000,980100.000000000000000,948600.000000000000000,966600.000000000000000,977400.000000000000000,883800.000000000000000,958500.000000000000000,968400.000000000000000,961200.000000000000000,921984.000000000000000,918848.000000000000000,20175,SEWARD
1177471,1379150,2017500009110003001,31607.633448975910142,4500.000000000000000,2700.000000000000000,,3600.000000000000000,,,900.000000000000000,,,1800.000000000000000,2700.000000000000000,3600.000000000000000,6300.000000000000000,,,20175,SEWARD
1177472,1379151,2017500034840005001,29652.506500606767077,,,,,,,,,,,,,,,,20175,SEWARD
1177473,1379152,2017500003630003001,130475.669524739845656,,9900.000000000000000,,,3600.000000000000000,,900.000000000000000,,7200.000000000000000,,24300.000000000000000,5400.000000000000000,9900.000000000000000,12544.000000000000000,9408.000000000000000,20175,SEWARD
1177474,1379153,2017500002370005001,29374.603339376808435,900.000000000000000,,,,3600.000000000000000,,,,,,,,1800.000000000000000,,,20175,SEWARD
1177475,1379154,2017500009070004001,21672.250277845545497,1800.000000000000000,3600.000000000000000,,,,,,1800.000000000000000,,,,3600.000000000000000,2700.000000000000000,,3136.000000000000000,20175,SEWARD
1177476,1379155,2017500043150002001,116642.194140935724135,23400.000000000000000,74700.000000000000000,2700.000000000000000,36000.000000000000000,23400.000000000000000,14400.000000000000000,24300.000000000000000,17100.000000000000000,45900.000000000000000,900.000000000000000,900.000000000000000,27000.000000000000000,2700.000000000000000,40768.000000000000000,,20175,SEWARD
1177477,1379156,2017500002240007001,33067.841584022164170,,3600.000000000000000,,,,900.000000000000000,,4500.000000000000000,,4500.000000000000000,,,,,,20175,SEWARD
1177478,1379158,2017500006460001001,225028.396859708911506,2700.000000000000000,900.000000000000000,900.000000000000000,,5400.000000000000000,1800.000000000000000,,,8100.000000000000000,2700.000000000000000,900.000000000000000,,,,,20175,SEWARD
1177479,1379159,2017500005320001001,227601.759086176694836,,,,,,,,,,,,,,,,20175,SEWARD
1177480,1379160,2017500008430001001,204430.600323720864253,1800.000000000000000,,,1800.000000000000000,9900.000000000000000,,,25200.000000000000000,,1800.000000000000000,1800.000000000000000,50400.000000000000000,85500.000000000000000,,,20175,SEWARD
1177481,1379161,2017500006830001003,499800.514474631170742,495900.000000000000000,494100.000000000000000,450900.000000000000000,488700.000000000000000,495000.000000000000000,451800.000000000000000,475200.000000000000000,476100.000000000000000,496800.000000000000000,489600.000000000000000,493200.000000000000000,496800.000000000000000,480600.000000000000000,460992.000000000000000,429632.000000000000000,20175,SEWARD
1177482,1379162,2017500001440004001,48766.749933751554636,7200.000000000000000,23400.000000000000000,6300.000000000000000,6300.000000000000000,8100.000000000000000,900.000000000000000,900.000000000000000,900.000000000000000,24300.000000000000000,,,900.000000000000000,900.000000000000000,,3136.000000000000000,20175,SEWARD
1177483,1379163,2017500008650001001,512889.684133224422112,493200.000000000000000,4500.000000000000000,484200.000000000000000,16200.000000000000000,486900.000000000000000,496800.000000000000000,139500.000000000000000,490500.000000000000000,494100.000000000000000,497700.000000000000000,491400.000000000000000,493200.000000000000000,494100.000000000000000,486080.000000000000000,476672.000000000000000,20175,SEWARD
1177484,1379164,2017500008520001004,358306.507116850640159,351900.000000000000000,358200.000000000000000,340200.000000000000000,357300.000000000000000,342000.000000000000000,356400.000000000000000,,,,,68400.000000000000000,,356400.000000000000000,297920.000000000000000,326144.000000000000000,20175,SEWARD
1177485,1379165,2017500038660002001,35110.415057091544440,,1800.000000000000000,,2700.000000000000000,900.000000000000000,,,,,,,,,,,20175,SEWARD
1177486,1379166,2017500038840001008,480723.450959970126860,464400.000000000000000,,,458100.000000000000000,461700.000000000000000,,900.000000000000000,468900.000000000000000,393300.000000000000000,,3600.000000000000000,457200.000000000000000,475200.000000000000000,,,20175,SEWARD
1177487,1379167,2017500040700001001,122659.234472849464510,,,,,900.000000000000000,,,,,,,,,,,20175,SEWARD
1177488,1379168,2017500040620004001,52457.854816800019762,900.000000000000000,900.000000000000000,,,,,,,1800.000000000000000,,11700.000000000000000,,2700.000000000000000,,21952.000000000000000,20175,SEWARD
1177489,1379169,2017500007920004002,271471.557933808362577,4500.000000000000000,161100.000000000000000,2700.000000000000000,63000.000000000000000,,,,,900.000000000000000,,,,,,,20175,SEWARD
1177490,1379170,2017500008790001002,40507.411297669925261,6300.000000000000000,32400.000000000000000,16200.000000000000000,2700.000000000000000,900.000000000000000,,,,,,,,4500.000000000000000,,,20175,SEWARD
1177491,1379171,2017500006760001004,219782.262380664993543,16200.000000000000000,155700.000000000000000,2700.000000000000000,23400.000000000000000,3600.000000000000000,,900.000000000000000,,,7200.000000000000000,18900.000000000000000,,133200.000000000000000,15680.000000000000000,,20175,SEWARD
1177492,1379173,2017500004220002004,945532.550841641495936,941400.000000000000000,945000.000000000000000,936000.000000000000000,935100.000000000000000,942300.000000000000000,941400.000000000000000,927900.000000000000000,932400.000000000000000,723600.000000000000000,735300.000000000000000,930600.000000000000000,941400.000000000000000,936000.000000000000000,915712.000000000000000,856128.000000000000000,20175,SEWARD
1177493,1379174,2017500032870001002,113944.674164902651682,900.000000000000000,17100.000000000000000,110700.000000000000000,,2700.000000000000000,9000.000000000000000,,1800.000000000000000,1800.000000000000000,1800.000000000000000,4500.000000000000000,,3600.000000000000000,97216.000000000000000,21952.000000000000000,20175,SEWARD
1177494,1379175,2017500042430002003,27626.892712741318974,1800.000000000000000,900.000000000000000,,26100.000000000000000,2700.000000000000000,,,,,,,,,,,20175,SEWARD
1177495,1379176,2017500004260001007,126717.640484646501136,1800.000000000000000,93600.000000000000000,1800.000000000000000,117000.000000000000000,,,,,,,,,9900.000000000000000,3136.000000000000000,,20175,SEWARD
1177496,1379177,2017500033610001002,28678.434293352765962,8100.000000000000000,13500.000000000000000,5400.000000000000000,20700.000000000000000,,,900.000000000000000,,8100.000000000000000,1800.000000000000000,2700.000000000000000,,5400.000000000000000,3136.000000000000000,6272.000000000000000,20175,SEWARD
1177497,1379178,2017500003020001002,31126.229663048394286,23400.000000000000000,,,26100.000000000000000,,,,,,,1800.000000000000000,2700.000000000000000,,,,20175,SEWARD
1177498,1379179,2017500004270001003,24783.473171217501658,900.000000000000000,,,3600.000000000000000,1800.000000000000000,,,,3600.000000000000000,,,,,,,20175,SEWARD
1177499,1379180,2017500008430001002,115773.508128957313602,6300.000000000000000,3600.000000000000000,900.000000000000000,18900.000000000000000,900.000000000000000,,900.000000000000000,,20700.000000000000000,26100.000000000000000,17100.000000000000000,13500.000000000000000,18900.000000000000000,40768.000000000000000,,20175,SEWARD
1177500,1379181,2017500034100001010,74871.408150483548525,900.000000000000000,69300.000000000000000,1800.000000000000000,1800.000000000000000,9900.000000000000000,,900.000000000000000,,900.000000000000000,5400.000000000000000,13500.000000000000000,,,6272.000000000000000,9408.000000000000000,20175,SEWARD
1177501,1379182,2017500040130004001,32893.487676334581920,,4500.000000000000000,900.000000000000000,,,2700.000000000000000,,,,5400.000000000000000,,900.000000000000000,,,,20175,SEWARD
1177502,1379183,2017500009050001007,30118.255552231890761,7200.000000000000000,3600.000000000000000,,7200.000000000000000,,,900.000000000000000,2700.000000000000000,900.000000000000000,900.000000000000000,,4500.000000000000000,,3136.000000000000000,,20175,SEWARD
1177503,1379184,2017500035420007001,9680.577460315644203,,,,,,,,,,,,,,,,20175,SEWARD
1177504,1379185,2017500009220001011,37849.284925568645122,,900.000000000000000,,36000.000000000000000,6300.000000000000000,,,,18900.000000000000000,,9900.000000000000000,1800.000000000000000,2700.000000000000000,9408.000000000000000,12544.000000000000000,20175,SEWARD
1177505,1379186,2017500035650001003,248744.720332317898283,,900.000000000000000,,,,,,1800.000000000000000,,,,,,,,20175,SEWARD
1177506,1379187,2017500009050001008,513999.469279892451596,504900.000000000000000,15300.000000000000000,,4500.000000000000000,486000.000000000000000,4500.000000000000000,493200.000000000000000,1800.000000000000000,75600.000000000000000,900.000000000000000,2700.000000000000000,900.000000000000000,,,,20175,SEWARD
1177507,1379188,2017500034110002003,131477.884105217730394,98100.000000000000000,124200.000000000000000,86400.000000000000000,94500.000000000000000,92700.000000000000000,78300.000000000000000,80100.000000000000000,8100.000000000000000,103500.000000000000000,97200.000000000000000,102600.000000000000000,103500.000000000000000,103500.000000000000000,3136.000000000000000,34496.000000000000000,20175,SEWARD
1177508,1379189,2017500038960003001,78547.235294486643397,1800.000000000000000,65700.000000000000000,22500.000000000000000,55800.000000000000000,33300.000000000000000,32400.000000000000000,29700.000000000000000,25200.000000000000000,900.000000000000000,900.000000000000000,17100.000000000000000,10800.000000000000000,9900.000000000000000,15680.000000000000000,12544.000000000000000,20175,SEWARD
1177509,1379190,2017500034740002001,4208.553315343930080,1800.000000000000000,1800.000000000000000,,1800.000000000000000,2700.000000000000000,,,,2700.000000000000000,900.000000000000000,,1800.000000000000000,,3136.000000000000000,,20175,SEWARD
1177510,1379191,2017500008330001001,635755.370394901721738,900.000000000000000,,,900.000000000000000,,,,,,3600.000000000000000,10800.000000000000000,1800.000000000000000,,,,20175,SEWARD
1177511,1379192,2017500036210002002,35958.223107617734058,900.000000000000000,,,,1800.000000000000000,,,2700.000000000000000,,,900.000000000000000,,4500.000000000000000,18816.000000000000000,,20175,SEWARD
1177512,1379193,2017500033060010003,15489.137901059630167,9900.000000000000000,6300.000000000000000,4500.000000000000000,2700.000000000000000,7200.000000000000000,4500.000000000000000,,,1800.000000000000000,4500.000000000000000,6300.000000000000000,,900.000000000000000,3136.000000000000000,9408.000000000000000,20175,SEWARD
1177513,1379194,2017500009260002001,28499.431807807144651,,1800.000000000000000,900.000000000000000,900.000000000000000,,,,,,,900.000000000000000,900.000000000000000,2700.000000000000000,,,20175,SEWARD
1177514,1379195,2017500040370002001,4098.807499024918798,1800.000000000000000,,2700.000000000000000,,900.000000000000000,900.000000000000000,,,,900.000000000000000,,2700.000000000000000,,,,20175,SEWARD
1177515,1379196,2017500037340001001,199713.202693998900941,900.000000000000000,,,,,,,,,,,,,,,20175,SEWARD
1177516,1379197,2017500002810001005,486393.823309332423378,483300.000000000000000,482400.000000000000000,477000.000000000000000,477900.000000000000000,459000.000000000000000,477000.000000000000000,470700.000000000000000,468900.000000000000000,469800.000000000000000,477000.000000000000000,466200.000000000000000,474300.000000000000000,474300.000000000000000,464128.000000000000000,460992.000000000000000,20175,SEWARD
1177517,1379198,2017500038700001001,589089.273375343298540,494100.000000000000000,84600.000000000000000,2700.000000000000000,418500.000000000000000,29700.000000000000000,,,,1800.000000000000000,2700.000000000000000,1800.000000000000000,8100.000000000000000,3600.000000000000000,,,20175,SEWARD
1177518,1379199,2017500004000003001,25356.912207068533462,,,,,,,,1800.000000000000000,,,,900.000000000000000,,,,20175,SEWARD
1177519,1379200,2017500004030002003,32649.220839232020808,900.000000000000000,,,,,,,,,,,,,3136.000000000000000,,20175,SEWARD
1177520,1379201,2017500042420001002,320369.009274812648073,900.000000000000000,18000.000000000000000,8100.000000000000000,282600.000000000000000,,,900.000000000000000,,308700.000000000000000,,,,,,,20175,SEWARD
1177521,1379202,2017500009050001009,34385.586275324531016,12600.000000000000000,12600.000000000000000,,9900.000000000000000,3600.000000000000000,,1800.000000000000000,900.000000000000000,,,3600.000000000000000,,900.000000000000000,9408.000000000000000,6272.000000000000000,20175,SEWARD
1177522,1379203,2017500042820004001,4905.022647793698525,,,,,1800.000000000000000,,,900.000000000000000,,,900.000000000000000,1800.000000000000000,,,,20175,SEWARD
1177523,1379204,2017500003610002001,489517.883548971673008,68400.000000000000000,137700.000000000000000,,483300.000000000000000,,,,480600.000000000000000,,457200.000000000000000,472500.000000000000000,,478800.000000000000000,,34496.000000000000000,20175,SEWARD
1177524,1379205,2017500001540011001,68591.428368859691545,1800.000000000000000,7200.000000000000000,,9900.000000000000000,,7200.000000000000000,,4500.000000000000000,,9900.000000000000000,900.000000000000000,9900.000000000000000,,,,20175,SEWARD
1177525,1379206,2017500006180001003,516283.927969128708355,487800.000000000000000,5400.000000000000000,478800.000000000000000,482400.000000000000000,474300.000000000000000,390600.000000000000000,379800.000000000000000,121500.000000000000000,500400.000000000000000,,,279000.000000000000000,377100.000000000000000,511168.000000000000000,508032.000000000000000,20175,SEWARD
1177526,1379207,2017500006950001002,78705.448833079455653,900.000000000000000,,,,,,,,,,,,2700.000000000000000,,,20175,SEWARD
1177527,1379208,2017500039780001001,508670.389977083017584,900.000000000000000,470700.000000000000000,500400.000000000000000,,,,,,,,,,,,,20175,SEWARD
1177528,1379209,2017500004330007001,31271.190383713532356,10800.000000000000000,,12600.000000000000000,,8100.000000000000000,9000.000000000000000,,,4500.000000000000000,900.000000000000000,,14400.000000000000000,900.000000000000000,6272.000000000000000,,20175,SEWARD
1177529,1379210,2017500041550005001,34331.171843332522258,4500.000000000000000,4500.000000000000000,4500.000000000000000,3600.000000000000000,4500.000000000000000,5400.000000000000000,2700.000000000000000,900.000000000000000,1800.000000000000000,,6300.000000000000000,1800.000000000000000,,,15680.000000000000000,20175,SEWARD
1177530,1379211,2017500006690001002,283612.512008482997771,27900.000000000000000,31500.000000000000000,2700.000000000000000,189000.000000000000000,4500.000000000000000,2700.000000000000000,,,900.000000000000000,,1800.000000000000000,,34200.000000000000000,,,20175,SEWARD
1177531,1379212,2017500004820001003,67970.036556552018737,3600.000000000000000,3600.000000000000000,1800.000000000000000,9900.000000000000000,,9000.000000000000000,,900.000000000000000,,5400.000000000000000,6300.000000000000000,,1800.000000000000000,,,20175,SEWARD
1177532,1379213,2017500008270001002,130600.921692439733306,115200.000000000000000,,,4500.000000000000000,,,,,,,,,,,,20175,SEWARD
1177533,1379214,2017500008410001002,326297.795468353957403,34200.000000000000000,18000.000000000000000,1800.000000000000000,142200.000000000000000,,186300.000000000000000,5400.000000000000000,288900.000000000000000,235800.000000000000000,301500.000000000000000,1800.000000000000000,75600.000000000000000,129600.000000000000000,,,20175,SEWARD
1177534,1379216,2017500009180001001,547853.965571930748411,,,,,,,,,,,,,,,,20175,SEWARD
1177535,1379217,2017500002280001002,118883.091746805774164,117900.000000000000000,,1800.000000000000000,,,,,,,1800.000000000000000,3600.000000000000000,6300.000000000000000,900.000000000000000,3136.000000000000000,21952.000000000000000,20175,SEWARD
1177536,1379218,2017500038750001001,521871.566434549982660,507600.000000000000000,506700.000000000000000,503100.000000000000000,504900.000000000000000,501300.000000000000000,503100.000000000000000,495900.000000000000000,111600.000000000000000,488700.000000000000000,504000.000000000000000,495000.000000000000000,504000.000000000000000,50400.000000000000000,473536.000000000000000,476672.000000000000000,20175,SEWARD
1177537,1379219,2017500035510001001,37546.322743885109958,,2700.000000000000000,,1800.000000000000000,,,,2700.000000000000000,,,900.000000000000000,,,,,20175,SEWARD
1177538,1379220,2017500036270001002,1707263.139172010356560,10800.000000000000000,9000.000000000000000,2700.000000000000000,73800.000000000000000,,900.000000000000000,20700.000000000000000,119700.000000000000000,222300.000000000000000,1800.000000000000000,12600.000000000000000,4500.000000000000000,,,53312.000000000000000,20175,SEWARD
1177539,1379221,2017500038890003001,33273.646142738536582,2700.000000000000000,2700.000000000000000,1800.000000000000000,,,,,,900.000000000000000,900.000000000000000,4500.000000000000000,,3600.000000000000000,,12544.000000000000000,20175,SEWARD
1177540,1379222,2017500003900002002,28994.164006923798297,8100.000000000000000,29700.000000000000000,6300.000000000000000,29700.000000000000000,8100.000000000000000,5400.000000000000000,2700.000000000000000,900.000000000000000,,,900.000000000000000,4500.000000000000000,,,28224.000000000000000,20175,SEWARD
1177541,1379223,2017500006930003003,548945.911149306455627,518400.000000000000000,19800.000000000000000,513000.000000000000000,3600.000000000000000,531900.000000000000000,492300.000000000000000,500400.000000000000000,256500.000000000000000,,,,529200.000000000000000,527400.000000000000000,473536.000000000000000,476672.000000000000000,20175,SEWARD
1177542,1379224,2017500013200002001,553259.989301337394863,1800.000000000000000,,,55800.000000000000000,532800.000000000000000,534600.000000000000000,522900.000000000000000,527400.000000000000000,510300.000000000000000,523800.000000000000000,523800.000000000000000,422100.000000000000000,516600.000000000000000,508032.000000000000000,476672.000000000000000,20175,SEWARD
1177543,1379225,2017500003940001002,321821.570778878871351,900.000000000000000,5400.000000000000000,3600.000000000000000,,,,,,,,4500.000000000000000,,,,6272.000000000000000,20175,SEWARD
1177544,1379226,2017500004250012002,161776.844044973579003,4500.000000000000000,,,20700.000000000000000,900.000000000000000,,,,,,900.000000000000000,5400.000000000000000,,,3136.000000000000000,20175,SEWARD
1177545,1379227,2017500005060001006,30513.016050539994467,,9000.000000000000000,,,,2700.000000000000000,,900.000000000000000,,,5400.000000000000000,10800.000000000000000,4500.000000000000000,3136.000000000000000,3136.000000000000000,20175,SEWARD
1177546,1379228,2017500040390001001,481323.003032874024939,2700.000000000000000,,,9000.000000000000000,,,,,,,,,,9408.000000000000000,,20175,SEWARD
1177547,1379229,2017500007580003001,46109.521226838041912,,,,900.000000000000000,,,,,,,,,,,,20175,SEWARD
1177548,1379230,2017500039570004002,499289.924365160404705,492300.000000000000000,14400.000000000000000,493200.000000000000000,900.000000000000000,495000.000000000000000,9900.000000000000000,490500.000000000000000,16200.000000000000000,492300.000000000000000,10800.000000000000000,488700.000000000000000,495000.000000000000000,495000.000000000000000,479808.000000000000000,482944.000000000000000,20175,SEWARD
1177549,1379231,2017500003330001004,21631.856258373260061,900.000000000000000,900.000000000000000,900.000000000000000,1800.000000000000000,,,,1800.000000000000000,,3600.000000000000000,900.000000000000000,,900.000000000000000,,,20175,SEWARD
1177550,1379232,2017500041240001001,536778.220678378827870,1800.000000000000000,1800.000000000000000,,531000.000000000000000,1800.000000000000000,,515700.000000000000000,5400.000000000000000,208800.000000000000000,,1800.000000000000000,,521100.000000000000000,,6272.000000000000000,20175,SEWARD
1177551,1379233,2017500005660001003,219880.454797383223195,900.000000000000000,,900.000000000000000,,900.000000000000000,900.000000000000000,,,,,,1800.000000000000000,,3136.000000000000000,,20175,SEWARD
1177552,1379234,2017500001080001003,44198.447877378945122,,900.000000000000000,,9900.000000000000000,2700.000000000000000,,,,,900.000000000000000,4500.000000000000000,,9000.000000000000000,,,20175,SEWARD
1177553,1379235,2017500042820001001,531371.965628032106906,498600.000000000000000,8100.000000000000000,63900.000000000000000,521100.000000000000000,509400.000000000000000,504000.000000000000000,512100.000000000000000,504000.000000000000000,505800.000000000000000,500400.000000000000000,498600.000000000000000,498600.000000000000000,497700.000000000000000,479808.000000000000000,467264.000000000000000,20175,SEWARD
1177554,1379236,2017500000680001002,296993.569561399985105,200700.000000000000000,93600.000000000000000,31500.000000000000000,1800.000000000000000,,900.000000000000000,1800.000000000000000,5400.000000000000000,900.000000000000000,1800.000000000000000,53100.000000000000000,49500.000000000000000,11700.000000000000000,,,20175,SEWARD
1177555,1379237,2017500040640001016,47486.448738792860240,36000.000000000000000,,,10800.000000000000000,,,,,,,,,,,,20175,SEWARD
1177556,1379238,2017500004480001003,647203.827290818095207,7200.000000000000000,1800.000000000000000,,900.000000000000000,,,,,,,,,,,,20175,SEWARD
1177557,1379239,2017500034880001001,82731.351051039076992,,,,,,,,,,,,,,,,20175,SEWARD
1177558,1379240,2017500008690001011,346145.147228645626456,900.000000000000000,18900.000000000000000,,,237600.000000000000000,103500.000000000000000,900.000000000000000,,,2700.000000000000000,,,,288512.000000000000000,53312.000000000000000,20175,SEWARD
1177559,1379241,2017500036970001001,310816.073009371932130,,900.000000000000000,,,,,,,,,,,,,,20175,SEWARD
1177560,1379242,2017500009070003001,32748.071773033207137,1800.000000000000000,2700.000000000000000,,1800.000000000000000,,,,1800.000000000000000,,,,1800.000000000000000,1800.000000000000000,,3136.000000000000000,20175,SEWARD
1177561,1379243,2017500001530001001,1186715.096281454432756,900.000000000000000,900.000000000000000,,,,,900.000000000000000,,,,,900.000000000000000,,,,20175,SEWARD
1177562,1379244,2017500035470001003,178220.731406903621973,63900.000000000000000,13500.000000000000000,12600.000000000000000,16200.000000000000000,25200.000000000000000,8100.000000000000000,10800.000000000000000,8100.000000000000000,12600.000000000000000,10800.000000000000000,12600.000000000000000,13500.000000000000000,29700.000000000000000,15680.000000000000000,15680.000000000000000,20175,SEWARD
1177563,1379245,2017500005350001002,490077.166108234669082,18000.000000000000000,2700.000000000000000,468000.000000000000000,3600.000000000000000,472500.000000000000000,476100.000000000000000,,,468900.000000000000000,,468900.000000000000000,,475200.000000000000000,,426496.000000000000000,20175,SEWARD
1177564,1379246,2017500007630005002,592065.456774093559943,184500.000000000000000,150300.000000000000000,180900.000000000000000,302400.000000000000000,11700.000000000000000,,24300.000000000000000,198000.000000000000000,342000.000000000000000,450000.000000000000000,9900.000000000000000,4500.000000000000000,2700.000000000000000,,,20175,SEWARD
1177565,1379247,2017500037790001001,237022.382983842486283,,,,,900.000000000000000,,,,,,,,,,3136.000000000000000,20175,SEWARD
1177566,1379248,2017500002460001005,502364.568636597774457,495900.000000000000000,500400.000000000000000,497700.000000000000000,492300.000000000000000,486000.000000000000000,495900.000000000000000,4500.000000000000000,,490500.000000000000000,495000.000000000000000,,492300.000000000000000,475200.000000000000000,460992.000000000000000,467264.000000000000000,20175,SEWARD
1177567,1379249,2017500042030001006,12682.162157723396376,3600.000000000000000,,,5400.000000000000000,1800.000000000000000,900.000000000000000,,,1800.000000000000000,,1800.000000000000000,,5400.000000000000000,,,20175,SEWARD
1177568,1379250,2017500010210005001,185040.195949837449007,,,,,,,,,,,,,,,62720.000000000000000,20175,SEWARD
1177569,1379251,2017500005530001002,333810.703993708128110,900.000000000000000,3600.000000000000000,12600.000000000000000,,900.000000000000000,900.000000000000000,,1800.000000000000000,,,6300.000000000000000,,4500.000000000000000,3136.000000000000000,,20175,SEWARD
1177570,1379252,2017500003250001003,503696.102269664290361,2700.000000000000000,485100.000000000000000,485100.000000000000000,490500.000000000000000,1800.000000000000000,,,477000.000000000000000,,483300.000000000000000,486900.000000000000000,,488700.000000000000000,3136.000000000000000,457856.000000000000000,20175,SEWARD
1177571,1379253,2017500000230002001,379025.761822058586404,,,,,,,,,,900.000000000000000,,1800.000000000000000,,,,20175,SEWARD
1177572,1379254,2017500034850003005,74205.836625640018610,,,,5400.000000000000000,5400.000000000000000,2700.000000000000000,,,9000.000000000000000,25200.000000000000000,900.000000000000000,8100.000000000000000,,,,20175,SEWARD
1177573,1379255,2017500033890001001,595533.871037148288451,900.000000000000000,,,,,,,,,,,,,,,20175,SEWARD
1177574,1379256,2017500039980001001,38392.774313461486599,1800.000000000000000,1800.000000000000000,900.000000000000000,2700.000000000000000,2700.000000000000000,,,900.000000000000000,1800.000000000000000,3600.000000000000000,2700.000000000000000,,1800.000000000000000,,,20175,SEWARD
1177575,1379257,2017500038460001006,33297.490164648137579,7200.000000000000000,7200.000000000000000,2700.000000000000000,5400.000000000000000,14400.000000000000000,,23400.000000000000000,,8100.000000000000000,2700.000000000000000,1800.000000000000000,6300.000000000000000,,3136.000000000000000,12544.000000000000000,20175,SEWARD
1177576,1379258,2017500035410002001,93362.977798620777321,,,,,,,,,,,,,,,,20175,SEWARD
1177577,1379259,2017500001570001008,161467.852078615920618,10800.000000000000000,111600.000000000000000,27000.000000000000000,72000.000000000000000,33300.000000000000000,39600.000000000000000,,2700.000000000000000,1800.000000000000000,42300.000000000000000,14400.000000000000000,1800.000000000000000,5400.000000000000000,65856.000000000000000,,20175,SEWARD
1177578,1379260,2017500000400001001,636394.436237795976922,,1800.000000000000000,,3600.000000000000000,5400.000000000000000,2700.000000000000000,,,11700.000000000000000,5400.000000000000000,4500.000000000000000,6300.000000000000000,2700.000000000000000,,,20175,SEWARD
1177579,1379261,2017500009230002004,33493.104092676832806,3600.000000000000000,,,,3600.000000000000000,,900.000000000000000,,,,7200.000000000000000,,9000.000000000000000,,,20175,SEWARD
1177580,1379262,2017500041290004001,24756.938835845317953,,6300.000000000000000,900.000000000000000,3600.000000000000000,1800.000000000000000,1800.000000000000000,,4500.000000000000000,,,7200.000000000000000,9900.000000000000000,,,,20175,SEWARD
1177581,1379263,2017500003800002001,31117.986034924739215,900.000000000000000,,,,,,,,,,,,,,,20175,SEWARD
1177582,1379264,2017500039640001001,502382.905972502776422,501300.000000000000000,504000.000000000000000,7200.000000000000000,504000.000000000000000,500400.000000000000000,3600.000000000000000,,,453600.000000000000000,490500.000000000000000,2700.000000000000000,,18000.000000000000000,47040.000000000000000,3136.000000000000000,20175,SEWARD
1177583,1379265,2017500008370001004,302253.147092698840424,271800.000000000000000,5400.000000000000000,,134100.000000000000000,276300.000000000000000,272700.000000000000000,,12600.000000000000000,,900.000000000000000,4500.000000000000000,3600.000000000000000,166500.000000000000000,3136.000000000000000,,20175,SEWARD
1177584,1379266,2017500039250002001,48916.202052298140188,,,,,,,,,,1800.000000000000000,,,,,,20175,SEWARD
1177585,1379267,2017500010110001002,864957.150610487442464,463500.000000000000000,255600.000000000000000,5400.000000000000000,828900.000000000000000,12600.000000000000000,7200.000000000000000,,,900.000000000000000,32400.000000000000000,28800.000000000000000,,,,,20175,SEWARD
1177586,1379268,2017500041500001001,536068.907498503453098,11700.000000000000000,488700.000000000000000,478800.000000000000000,19800.000000000000000,486000.000000000000000,468900.000000000000000,498600.000000000000000,481500.000000000000000,478800.000000000000000,473400.000000000000000,477000.000000000000000,485100.000000000000000,498600.000000000000000,464128.000000000000000,454720.000000000000000,20175,SEWARD
1177587,1379269,2017500004710009003,200565.443607731431257,179100.000000000000000,185400.000000000000000,180000.000000000000000,181800.000000000000000,180000.000000000000000,179100.000000000000000,176400.000000000000000,1800.000000000000000,,,,,,,,20175,SEWARD
1177588,1379270,2017500038110001002,315526.095435116149019,900.000000000000000,4500.000000000000000,,4500.000000000000000,,,,,900.000000000000000,900.000000000000000,,,1800.000000000000000,,,20175,SEWARD
1177589,1379271,2017500006180002001,68465.050707559421426,3600.000000000000000,1800.000000000000000,900.000000000000000,,,,,,,,,,,3136.000000000000000,9408.000000000000000,20175,SEWARD
1177590,1379272,2017500004720003001,22093.103775318373664,2700.000000000000000,2700.000000000000000,900.000000000000000,900.000000000000000,2700.000000000000000,2700.000000000000000,,,,1800.000000000000000,2700.000000000000000,1800.000000000000000,3600.000000000000000,,,20175,SEWARD
1177591,1379273,2017500002440001004,19568.723981752304098,900.000000000000000,9900.000000000000000,,,,,,,,,,1800.000000000000000,,,,20175,SEWARD
1177592,1379274,2017500039520003001,64869.043549989277381,5400.000000000000000,900.000000000000000,5400.000000000000000,5400.000000000000000,11700.000000000000000,6300.000000000000000,4500.000000000000000,5400.000000000000000,4500.000000000000000,6300.000000000000000,7200.000000000000000,8100.000000000000000,10800.000000000000000,18816.000000000000000,6272.000000000000000,20175,SEWARD
1177593,1379275,2017500006200001003,211645.119068511121441,196200.000000000000000,193500.000000000000000,188100.000000000000000,189000.000000000000000,189900.000000000000000,187200.000000000000000,189900.000000000000000,189900.000000000000000,190800.000000000000000,189900.000000000000000,178200.000000000000000,180000.000000000000000,,3136.000000000000000,21952.000000000000000,20175,SEWARD
1177594,1379276,2017500003380001001,191764.422997227957239,900.000000000000000,900.000000000000000,,,,183600.000000000000000,,,,,178200.000000000000000,,,,,20175,SEWARD
1177595,1379277,2017500007040001009,58888.749417237464513,5400.000000000000000,3600.000000000000000,2700.000000000000000,2700.000000000000000,4500.000000000000000,2700.000000000000000,2700.000000000000000,,10800.000000000000000,2700.000000000000000,2700.000000000000000,,900.000000000000000,,3136.000000000000000,20175,SEWARD
1177596,1379278,2017500038280001001,568253.675496551091783,,,,,,,,,,,,,,,,20175,SEWARD
1177597,1379279,2017500042610001002,133001.584171182592399,10800.000000000000000,7200.000000000000000,6300.000000000000000,,12600.000000000000000,30600.000000000000000,36000.000000000000000,15300.000000000000000,3600.000000000000000,1800.000000000000000,28800.000000000000000,1800.000000000000000,,12544.000000000000000,15680.000000000000000,20175,SEWARD
1177598,1379280,2017500002430001002,326989.068064861989114,12600.000000000000000,4500.000000000000000,,,1800.000000000000000,,,,,,,,,,,20175,SEWARD
1177599,1379281,2017500001440013002,129970.173792838788358,12600.000000000000000,49500.000000000000000,,56700.000000000000000,51300.000000000000000,900.000000000000000,,1800.000000000000000,,,34200.000000000000000,78300.000000000000000,9000.000000000000000,,,20175,SEWARD
1177600,1379282,2017500002910001001,51507.803367010441434,15300.000000000000000,7200.000000000000000,900.000000000000000,8100.000000000000000,9900.000000000000000,46800.000000000000000,,10800.000000000000000,,11700.000000000000000,3600.000000000000000,19800.000000000000000,1800.000000000000000,,,20175,SEWARD
1177601,1379283,2017500040280003001,23711.416371952283953,900.000000000000000,900.000000000000000,,1800.000000000000000,3600.000000000000000,2700.000000000000000,900.000000000000000,,3600.000000000000000,,900.000000000000000,,,,,20175,SEWARD
1177602,1379284,2017500034960001001,73268.850283914041938,,900.000000000000000,,,900.000000000000000,,,,,3600.000000000000000,13500.000000000000000,,2700.000000000000000,,,20175,SEWARD
1177603,1379285,2017500000040001003,33934.740658936440013,900.000000000000000,3600.000000000000000,900.000000000000000,4500.000000000000000,1800.000000000000000,1800.000000000000000,,900.000000000000000,3600.000000000000000,,2700.000000000000000,5400.000000000000000,3600.000000000000000,9408.000000000000000,9408.000000000000000,20175,SEWARD
1177604,1379286,2017500005610003002,237202.206238562241197,2700.000000000000000,30600.000000000000000,,4500.000000000000000,8100.000000000000000,110700.000000000000000,,1800.000000000000000,6300.000000000000000,900.000000000000000,,144900.000000000000000,,,,20175,SEWARD
1177605,1379287,2017500002830001001,629511.462075152434409,603000.000000000000000,596700.000000000000000,,586800.000000000000000,7200.000000000000000,900.000000000000000,,900.000000000000000,,,9000.000000000000000,,,9408.000000000000000,,20175,SEWARD
1177606,1379288,2017500035510004017,507904.427466736291535,2700.000000000000000,486000.000000000000000,,495900.000000000000000,,491400.000000000000000,,475200.000000000000000,3600.000000000000000,488700.000000000000000,474300.000000000000000,491400.000000000000000,490500.000000000000000,467264.000000000000000,439040.000000000000000,20175,SEWARD
1177607,1379289,2017500002230001001,479388.934589469688945,900.000000000000000,480600.000000000000000,,474300.000000000000000,,470700.000000000000000,,477900.000000000000000,,474300.000000000000000,,477900.000000000000000,,454720.000000000000000,,20175,SEWARD
1177608,1379290,2017500033540001003,32454.849410121430992,21600.000000000000000,,,,,,,,900.000000000000000,,,,900.000000000000000,,,20175,SEWARD
1177609,1379291,2017500042290014001,39099.561311882011069,8100.000000000000000,9000.000000000000000,2700.000000000000000,7200.000000000000000,4500.000000000000000,3600.000000000000000,6300.000000000000000,4500.000000000000000,4500.000000000000000,6300.000000000000000,10800.000000000000000,12600.000000000000000,6300.000000000000000,3136.000000000000000,,20175,SEWARD
1177610,1379292,2017500040260001001,37123.052426347931032,1800.000000000000000,,1800.000000000000000,900.000000000000000,900.000000000000000,,2700.000000000000000,2700.000000000000000,900.000000000000000,,7200.000000000000000,4500.000000000000000,1800.000000000000000,3136.000000000000000,3136.000000000000000,20175,SEWARD
1177611,1379293,2017500003200004001,536081.305992822279222,9000.000000000000000,501300.000000000000000,,6300.000000000000000,504000.000000000000000,13500.000000000000000,,498600.000000000000000,,487800.000000000000000,5400.000000000000000,504900.000000000000000,480600.000000000000000,,476672.000000000000000,20175,SEWARD
1177612,1379294,2017500033320004001,71076.832000988812069,5400.000000000000000,5400.000000000000000,4500.000000000000000,3600.000000000000000,5400.000000000000000,4500.000000000000000,3600.000000000000000,,900.000000000000000,14400.000000000000000,7200.000000000000000,900.000000000000000,2700.000000000000000,,21952.000000000000000,20175,SEWARD
1177613,1379295,2017500002010001005,500600.186835555708967,476100.000000000000000,225000.000000000000000,497700.000000000000000,2700.000000000000000,485100.000000000000000,447300.000000000000000,474300.000000000000000,66600.000000000000000,495900.000000000000000,493200.000000000000000,487800.000000000000000,294300.000000000000000,498600.000000000000000,464128.000000000000000,445312.000000000000000,20175,SEWARD
1177614,1379296,2017500040060010001,25798.687204215118982,,,,,,,,,,,,,,,,20175,SEWARD
1177615,1379297,2017500042330007001,16370.520967486565496,,,,,,,,,,,,,,,,20175,SEWARD
1177616,1379298,2017500007980001003,448157.195947795000393,389700.000000000000000,432900.000000000000000,383400.000000000000000,378000.000000000000000,381600.000000000000000,372600.000000000000000,,362700.000000000000000,396000.000000000000000,3600.000000000000000,367200.000000000000000,11700.000000000000000,372600.000000000000000,188160.000000000000000,147392.000000000000000,20175,SEWARD
1177618,1379300,2017500002950001006,496852.233500449219719,489600.000000000000000,492300.000000000000000,489600.000000000000000,476100.000000000000000,472500.000000000000000,492300.000000000000000,,,472500.000000000000000,487800.000000000000000,480600.000000000000000,485100.000000000000000,473400.000000000000000,439040.000000000000000,470400.000000000000000,20175,SEWARD
1177619,1379301,2017500038850017001,30516.953106088352797,900.000000000000000,4500.000000000000000,1800.000000000000000,1800.000000000000000,900.000000000000000,,1800.000000000000000,,4500.000000000000000,4500.000000000000000,900.000000000000000,,,,,20175,SEWARD
1177620,1379302,2017500037490001001,361867.283819010714069,900.000000000000000,,,,,,,,,,,,,,,20175,SEWARD
1177621,1379304,2017500006260007001,28385.304982169069262,,,,,,,,,,,,,,,,20175,SEWARD
1177622,1379305,2017500007270006001,22453.411184978900565,18000.000000000000000,19800.000000000000000,10800.000000000000000,14400.000000000000000,,,,,,9000.000000000000000,,,,,,20175,SEWARD
1177623,1379306,2017500008040001001,635891.885354927275330,,,,,,,,,,,900.000000000000000,,,,,20175,SEWARD
1177624,1379307,2017500039560009001,32794.269324368447997,7200.000000000000000,5400.000000000000000,,9900.000000000000000,900.000000000000000,900.000000000000000,900.000000000000000,2700.000000000000000,900.000000000000000,900.000000000000000,900.000000000000000,,2700.000000000000000,,,20175,SEWARD
1177625,1379308,2017500000940004004,471322.433219189580996,39600.000000000000000,,164700.000000000000000,333900.000000000000000,445500.000000000000000,444600.000000000000000,432000.000000000000000,430200.000000000000000,444600.000000000000000,443700.000000000000000,432000.000000000000000,454500.000000000000000,441900.000000000000000,423360.000000000000000,354368.000000000000000,20175,SEWARD
1177626,1379309,2017500005340001003,490363.800062130962033,479700.000000000000000,479700.000000000000000,450900.000000000000000,469800.000000000000000,468900.000000000000000,401400.000000000000000,436500.000000000000000,459000.000000000000000,469800.000000000000000,469800.000000000000000,,467100.000000000000000,,432768.000000000000000,429632.000000000000000,20175,SEWARD
1177627,1379310,2017500000830001001,244328.285480210528476,13500.000000000000000,,,,3600.000000000000000,,,,4500.000000000000000,,3600.000000000000000,,,,,20175,SEWARD
1177628,1379311,2017500035900001004,30828.447784084797604,,2700.000000000000000,,,900.000000000000000,1800.000000000000000,,4500.000000000000000,,2700.000000000000000,,900.000000000000000,,,,20175,SEWARD
1177629,1379312,2017500001600001008,14162.676175480073653,900.000000000000000,11700.000000000000000,,5400.000000000000000,,9900.000000000000000,,900.000000000000000,,6300.000000000000000,,,,21952.000000000000000,,20175,SEWARD
1177630,1379313,2017500008600001003,158166.276170486875344,130500.000000000000000,,900.000000000000000,91800.000000000000000,7200.000000000000000,7200.000000000000000,,900.000000000000000,6300.000000000000000,3600.000000000000000,33300.000000000000000,33300.000000000000000,62100.000000000000000,,,20175,SEWARD
1177631,1379314,2017500006930011001,9510.135354004560213,,,,,,,,,,,900.000000000000000,,,,,20175,SEWARD
1177632,1379315,2017500039240005001,31594.382276104370249,,,,,,,,,,,,,,,,20175,SEWARD
1177633,1379316,2017500007340004003,102265.047528995200992,1800.000000000000000,59400.000000000000000,1800.000000000000000,96300.000000000000000,4500.000000000000000,,64800.000000000000000,,42300.000000000000000,58500.000000000000000,63000.000000000000000,2700.000000000000000,4500.000000000000000,,,20175,SEWARD
1177634,1379317,2017500002360001002,100002.769670430614497,,72900.000000000000000,,67500.000000000000000,68400.000000000000000,,,,,,7200.000000000000000,,,,,20175,SEWARD
1177635,1379318,2017500004330025001,29733.201138402499055,1800.000000000000000,1800.000000000000000,,900.000000000000000,1800.000000000000000,,,,,,,,900.000000000000000,,,20175,SEWARD
1177636,1379319,2017500010280002001,272859.976410258910619,,,,,,,,,,,1800.000000000000000,900.000000000000000,,,,20175,SEWARD
1177637,1379320,2017500012030002001,159118.788396793825086,1800.000000000000000,13500.000000000000000,,,,,,,,,,,,,,20175,SEWARD
1177638,1379321,2017500007580001009,60663.397316083544865,18000.000000000000000,3600.000000000000000,5400.000000000000000,3600.000000000000000,57600.000000000000000,,,1800.000000000000000,3600.000000000000000,5400.000000000000000,,3600.000000000000000,,,,20175,SEWARD
1177639,1379322,2017500040590002001,82409.142290828283876,,,,,,,,,900.000000000000000,,1800.000000000000000,,1800.000000000000000,,3136.000000000000000,20175,SEWARD
1177640,1379323,2017500040990002018,199187.269847448391374,11700.000000000000000,66600.000000000000000,,10800.000000000000000,1800.000000000000000,,,5400.000000000000000,1800.000000000000000,7200.000000000000000,5400.000000000000000,,3600.000000000000000,,,20175,SEWARD
1177641,1379324,2017500003570001002,162176.418965001357719,117000.000000000000000,115200.000000000000000,112500.000000000000000,113400.000000000000000,108900.000000000000000,114300.000000000000000,900.000000000000000,68400.000000000000000,19800.000000000000000,14400.000000000000000,,,,,,20175,SEWARD
1177642,1379325,2017500004220001003,32215.430222689716175,6300.000000000000000,6300.000000000000000,4500.000000000000000,6300.000000000000000,6300.000000000000000,8100.000000000000000,3600.000000000000000,1800.000000000000000,900.000000000000000,4500.000000000000000,8100.000000000000000,5400.000000000000000,4500.000000000000000,,18816.000000000000000,20175,SEWARD
1177643,1379326,2017500002840001003,571400.816261783009395,900.000000000000000,,,568800.000000000000000,900.000000000000000,,,,,,,,17100.000000000000000,,335552.000000000000000,20175,SEWARD
1177644,1379327,2017500033540001004,34045.217946208802459,900.000000000000000,26100.000000000000000,,,,,,900.000000000000000,8100.000000000000000,900.000000000000000,,,2700.000000000000000,,6272.000000000000000,20175,SEWARD
1177645,1379328,2017500001880002001,497934.505352410313208,493200.000000000000000,487800.000000000000000,,,4500.000000000000000,491400.000000000000000,495000.000000000000000,492300.000000000000000,,494100.000000000000000,492300.000000000000000,,491400.000000000000000,492352.000000000000000,,20175,SEWARD
1177646,1379329,2017500002290005001,35878.898113892217225,6300.000000000000000,1800.000000000000000,900.000000000000000,,6300.000000000000000,,2700.000000000000000,,2700.000000000000000,,6300.000000000000000,,3600.000000000000000,,,20175,SEWARD
1177647,1379330,2017500041910001003,30295.386268820002442,25200.000000000000000,27900.000000000000000,9000.000000000000000,4500.000000000000000,16200.000000000000000,,900.000000000000000,1800.000000000000000,900.000000000000000,,,,15300.000000000000000,9408.000000000000000,28224.000000000000000,20175,SEWARD
1177648,1379331,2017500003480001004,29661.721939105587808,5400.000000000000000,11700.000000000000000,7200.000000000000000,15300.000000000000000,,,,,8100.000000000000000,1800.000000000000000,,,,,3136.000000000000000,20175,SEWARD
1177649,1379332,2017500005290001004,28098.736845286901371,4500.000000000000000,10800.000000000000000,9000.000000000000000,9000.000000000000000,13500.000000000000000,7200.000000000000000,9000.000000000000000,,8100.000000000000000,18000.000000000000000,9000.000000000000000,1800.000000000000000,3600.000000000000000,,9408.000000000000000,20175,SEWARD
1177650,1379333,2017500042460004001,91726.930390751222149,18000.000000000000000,49500.000000000000000,,18900.000000000000000,,,900.000000000000000,5400.000000000000000,13500.000000000000000,,4500.000000000000000,2700.000000000000000,900.000000000000000,3136.000000000000000,,20175,SEWARD
1177651,1379334,2017500010250001008,52442.658123220651760,900.000000000000000,4500.000000000000000,,900.000000000000000,22500.000000000000000,,,,,,1800.000000000000000,,,,,20175,SEWARD
1177652,1379335,2017500008690001012,30154.677128469753370,2700.000000000000000,2700.000000000000000,,9900.000000000000000,1800.000000000000000,,,900.000000000000000,9900.000000000000000,2700.000000000000000,6300.000000000000000,2700.000000000000000,9000.000000000000000,,18816.000000000000000,20175,SEWARD
1177653,1379336,2017500009610005002,493339.630476703925524,480600.000000000000000,488700.000000000000000,394200.000000000000000,18900.000000000000000,,189900.000000000000000,134100.000000000000000,900.000000000000000,4500.000000000000000,2700.000000000000000,2700.000000000000000,9900.000000000000000,900.000000000000000,106624.000000000000000,413952.000000000000000,20175,SEWARD
1177654,1379337,2017500000320002001,88792.416900339885615,,,,,,,,,,,,,,,,20175,SEWARD
1177655,1379338,2017500012530001001,382468.727693438646384,6300.000000000000000,9000.000000000000000,,26100.000000000000000,900.000000000000000,,,,1800.000000000000000,,5400.000000000000000,4500.000000000000000,8100.000000000000000,3136.000000000000000,,20175,SEWARD
1177656,1379339,2017500005610003003,179115.683618768525776,,157500.000000000000000,,,3600.000000000000000,,,,,,,,,3136.000000000000000,,20175,SEWARD
1177657,1379340,2017500006400001003,157817.227804884314537,143100.000000000000000,148500.000000000000000,3600.000000000000000,153000.000000000000000,30600.000000000000000,7200.000000000000000,,3600.000000000000000,60300.000000000000000,,,,63000.000000000000000,,,20175,SEWARD
1177658,1379341,2017500003020001003,23227.554897449273994,18000.000000000000000,,,21600.000000000000000,,,,,,,900.000000000000000,900.000000000000000,,9408.000000000000000,,20175,SEWARD
1177659,1379342,2017500004410001005,493180.574142143654171,2700.000000000000000,900.000000000000000,470700.000000000000000,5400.000000000000000,900.000000000000000,265500.000000000000000,,482400.000000000000000,,424800.000000000000000,2700.000000000000000,291600.000000000000000,,442176.000000000000000,56448.000000000000000,20175,SEWARD
1177660,1379343,2017500039520006001,30534.742678758408147,3600.000000000000000,,1800.000000000000000,,6300.000000000000000,4500.000000000000000,3600.000000000000000,4500.000000000000000,7200.000000000000000,7200.000000000000000,10800.000000000000000,11700.000000000000000,10800.000000000000000,9408.000000000000000,15680.000000000000000,20175,SEWARD
1177661,1379344,2017500033170001003,35847.145502811763436,14400.000000000000000,,,,1800.000000000000000,,,,6300.000000000000000,,,,1800.000000000000000,,,20175,SEWARD
1177662,1379345,2017500036150001004,495376.536675345152617,234900.000000000000000,257400.000000000000000,240300.000000000000000,254700.000000000000000,339300.000000000000000,250200.000000000000000,237600.000000000000000,171000.000000000000000,300600.000000000000000,484200.000000000000000,5400.000000000000000,116100.000000000000000,12600.000000000000000,445312.000000000000000,40768.000000000000000,20175,SEWARD
1177663,1379346,2017500039890003001,33855.431232070732221,1800.000000000000000,1800.000000000000000,1800.000000000000000,1800.000000000000000,2700.000000000000000,900.000000000000000,,900.000000000000000,1800.000000000000000,4500.000000000000000,1800.000000000000000,4500.000000000000000,3600.000000000000000,,,20175,SEWARD
1177664,1379347,2017500002580001003,502451.833044981234707,488700.000000000000000,900.000000000000000,470700.000000000000000,900.000000000000000,477000.000000000000000,1800.000000000000000,463500.000000000000000,1800.000000000000000,484200.000000000000000,428400.000000000000000,33300.000000000000000,486000.000000000000000,16200.000000000000000,423360.000000000000000,,20175,SEWARD
1177665,1379348,2017500002240006001,33056.979935476774699,,5400.000000000000000,,,,2700.000000000000000,,4500.000000000000000,,2700.000000000000000,5400.000000000000000,900.000000000000000,900.000000000000000,,,20175,SEWARD
1177666,1379349,2017500036380001005,37297.296687418311194,5400.000000000000000,8100.000000000000000,9000.000000000000000,9000.000000000000000,,,,,,,,,1800.000000000000000,3136.000000000000000,,20175,SEWARD
1177667,1379350,2017500007450001002,184333.413957354874583,6300.000000000000000,82800.000000000000000,,6300.000000000000000,18000.000000000000000,3600.000000000000000,,900.000000000000000,107100.000000000000000,,,1800.000000000000000,,,,20175,SEWARD
1177668,1379351,2017500003200002001,523495.483386443112977,15300.000000000000000,511200.000000000000000,233100.000000000000000,6300.000000000000000,466200.000000000000000,19800.000000000000000,39600.000000000000000,464400.000000000000000,232200.000000000000000,465300.000000000000000,480600.000000000000000,10800.000000000000000,467100.000000000000000,,460992.000000000000000,20175,SEWARD
1177669,1379352,2017500041630001005,180251.477524857938988,3600.000000000000000,108900.000000000000000,32400.000000000000000,1800.000000000000000,11700.000000000000000,,,,,4500.000000000000000,131400.000000000000000,2700.000000000000000,,53312.000000000000000,,20175,SEWARD
1177670,1379353,2017500036130003001,35485.080558434267004,1800.000000000000000,4500.000000000000000,,,6300.000000000000000,2700.000000000000000,1800.000000000000000,,,2700.000000000000000,3600.000000000000000,1800.000000000000000,2700.000000000000000,3136.000000000000000,,20175,SEWARD
1177671,1379354,2017500007260001003,422332.878506828565150,126000.000000000000000,323100.000000000000000,322200.000000000000000,224100.000000000000000,329400.000000000000000,339300.000000000000000,319500.000000000000000,334800.000000000000000,54900.000000000000000,1800.000000000000000,166500.000000000000000,235800.000000000000000,153000.000000000000000,,,20175,SEWARD
1177672,1379355,2017500036940001002,638720.520144775975496,2700.000000000000000,4500.000000000000000,,10800.000000000000000,2700.000000000000000,,2700.000000000000000,,6300.000000000000000,1800.000000000000000,900.000000000000000,1800.000000000000000,,9408.000000000000000,15680.000000000000000,20175,SEWARD
1177673,1379356,2017500034850003006,74748.101159773446852,900.000000000000000,7200.000000000000000,2700.000000000000000,5400.000000000000000,9000.000000000000000,2700.000000000000000,,,,9900.000000000000000,,5400.000000000000000,4500.000000000000000,3136.000000000000000,3136.000000000000000,20175,SEWARD
1177674,1379358,2017500033000001003,505140.488532729563303,425700.000000000000000,60300.000000000000000,900.000000000000000,5400.000000000000000,477000.000000000000000,,900.000000000000000,10800.000000000000000,474300.000000000000000,441000.000000000000000,162000.000000000000000,150300.000000000000000,89100.000000000000000,460992.000000000000000,376320.000000000000000,20175,SEWARD
1177675,1379359,2017500038740002001,32101.440509165335243,5400.000000000000000,5400.000000000000000,2700.000000000000000,2700.000000000000000,7200.000000000000000,5400.000000000000000,2700.000000000000000,2700.000000000000000,,7200.000000000000000,10800.000000000000000,1800.000000000000000,2700.000000000000000,,12544.000000000000000,20175,SEWARD
1177676,1379360,2017500007790001003,487970.716049872688018,47700.000000000000000,150300.000000000000000,,273600.000000000000000,44100.000000000000000,23400.000000000000000,2700.000000000000000,2700.000000000000000,1800.000000000000000,900.000000000000000,900.000000000000000,,,,9408.000000000000000,20175,SEWARD
1177677,1379361,2017500007410002001,33206.933690350590041,,900.000000000000000,,,,,,900.000000000000000,,,,,,,3136.000000000000000,20175,SEWARD
1177678,1379362,2017500036110001003,31464.592320267260220,4500.000000000000000,6300.000000000000000,1800.000000000000000,20700.000000000000000,1800.000000000000000,,900.000000000000000,900.000000000000000,3600.000000000000000,3600.000000000000000,4500.000000000000000,,,,9408.000000000000000,20175,SEWARD
1177679,1379363,2017500011460003006,18738.048121837855433,2700.000000000000000,5400.000000000000000,900.000000000000000,900.000000000000000,7200.000000000000000,5400.000000000000000,6300.000000000000000,4500.000000000000000,2700.000000000000000,16200.000000000000000,1800.000000000000000,4500.000000000000000,900.000000000000000,,9408.000000000000000,20175,SEWARD
1177680,1379364,2017500004650001001,648463.885034512495622,5400.000000000000000,3600.000000000000000,1800.000000000000000,6300.000000000000000,6300.000000000000000,2700.000000000000000,,2700.000000000000000,2700.000000000000000,4500.000000000000000,12600.000000000000000,16200.000000000000000,1800.000000000000000,6272.000000000000000,9408.000000000000000,20175,SEWARD
1177681,1379365,2017500035510004018,39674.210918388867867,29700.000000000000000,,2700.000000000000000,30600.000000000000000,1800.000000000000000,,900.000000000000000,,7200.000000000000000,,4500.000000000000000,10800.000000000000000,16200.000000000000000,,9408.000000000000000,20175,SEWARD
1177682,1379366,2017500006580001001,640224.969355613226071,900.000000000000000,4500.000000000000000,,,1800.000000000000000,,,,,,,,,,,20175,SEWARD
1177683,1379367,2017500005630001001,582102.654956349404529,,,,,,,,,,900.000000000000000,,,,,,20175,SEWARD
1177684,1379368,2017500042460004002,253644.905082048120676,242100.000000000000000,239400.000000000000000,,226800.000000000000000,,,218700.000000000000000,7200.000000000000000,225000.000000000000000,,225000.000000000000000,242100.000000000000000,,219520.000000000000000,169344.000000000000000,20175,SEWARD
1177685,1379369,2017500007040001010,32348.999621325456246,3600.000000000000000,2700.000000000000000,,2700.000000000000000,1800.000000000000000,,1800.000000000000000,1800.000000000000000,10800.000000000000000,900.000000000000000,,,1800.000000000000000,,3136.000000000000000,20175,SEWARD
1177686,1379370,2017500033320008001,31743.922555175689922,2700.000000000000000,1800.000000000000000,,900.000000000000000,900.000000000000000,900.000000000000000,,,,1800.000000000000000,,,,,,20175,SEWARD
1177687,1379371,2017500037720004002,34992.208273445343366,1800.000000000000000,,900.000000000000000,,,,,,,,3600.000000000000000,8100.000000000000000,,,,20175,SEWARD
1177688,1379372,2017500001620001003,34754.248238344560377,25200.000000000000000,28800.000000000000000,8100.000000000000000,,,900.000000000000000,,5400.000000000000000,,3600.000000000000000,,3600.000000000000000,20700.000000000000000,9408.000000000000000,25088.000000000000000,20175,SEWARD
1177689,1379373,2017500039040002005,2022619.899904948193580,1947600.000000000000000,788400.000000000000000,6300.000000000000000,9900.000000000000000,,1962900.000000000000000,1907100.000000000000000,1180800.000000000000000,91800.000000000000000,366300.000000000000000,14400.000000000000000,1945800.000000000000000,,1862784.000000000000000,25088.000000000000000,20175,SEWARD
1177690,1379374,2017500034860001002,113813.718689081288176,7200.000000000000000,16200.000000000000000,,10800.000000000000000,3600.000000000000000,,,,900.000000000000000,72900.000000000000000,40500.000000000000000,9900.000000000000000,3600.000000000000000,6272.000000000000000,,20175,SEWARD
1177691,1379375,2017500002390002001,83001.364706546839443,1800.000000000000000,,,,,,,,,,,,,,,20175,SEWARD
1177692,1379376,2017500043020001002,403238.953032638528384,114300.000000000000000,25200.000000000000000,76500.000000000000000,90900.000000000000000,6300.000000000000000,,,900.000000000000000,9900.000000000000000,900.000000000000000,5400.000000000000000,90900.000000000000000,61200.000000000000000,34496.000000000000000,,20175,SEWARD
1177693,1379377,2017500042430002005,33953.516555470610911,,,,30600.000000000000000,6300.000000000000000,,,,,,,,,,,20175,SEWARD
1177694,1379378,2017500000540001004,505222.724967934074812,428400.000000000000000,499500.000000000000000,479700.000000000000000,495000.000000000000000,,,486000.000000000000000,481500.000000000000000,,,495000.000000000000000,486900.000000000000000,488700.000000000000000,,,20175,SEWARD
1177695,1379379,2017500007580001011,104846.767408135900041,7200.000000000000000,21600.000000000000000,,,72000.000000000000000,,,36000.000000000000000,65700.000000000000000,9000.000000000000000,,68400.000000000000000,,56448.000000000000000,,20175,SEWARD
1177696,1379380,2017500008650002001,33602.198632009785797,900.000000000000000,,,900.000000000000000,2700.000000000000000,,,,,3600.000000000000000,,7200.000000000000000,2700.000000000000000,,,20175,SEWARD
1177697,1379382,2017500003190006001,31888.349968377708137,,,,,,,,,,,,,,3136.000000000000000,,20175,SEWARD
1177698,1379383,2017500041820002002,50924.868603401810105,,900.000000000000000,900.000000000000000,1800.000000000000000,1800.000000000000000,,900.000000000000000,900.000000000000000,1800.000000000000000,900.000000000000000,,,,,,20175,SEWARD
1177699,1379384,2017500005010002001,1900083.934960187412798,12600.000000000000000,900.000000000000000,2700.000000000000000,,900.000000000000000,,,,,,,,,,,20175,SEWARD
1177701,1379386,2017500039520011001,65229.459142655927280,13500.000000000000000,4500.000000000000000,2700.000000000000000,8100.000000000000000,16200.000000000000000,16200.000000000000000,10800.000000000000000,8100.000000000000000,12600.000000000000000,13500.000000000000000,25200.000000000000000,19800.000000000000000,21600.000000000000000,6272.000000000000000,31360.000000000000000,20175,SEWARD
1177702,1379387,2017500006700001002,496522.376890455314424,1800.000000000000000,491400.000000000000000,,472500.000000000000000,1800.000000000000000,459000.000000000000000,,,457200.000000000000000,457200.000000000000000,2700.000000000000000,900.000000000000000,459900.000000000000000,,3136.000000000000000,20175,SEWARD
1177703,1379388,2017500001760001002,31330.395902008072881,13500.000000000000000,14400.000000000000000,6300.000000000000000,23400.000000000000000,,,,3600.000000000000000,,5400.000000000000000,5400.000000000000000,,1800.000000000000000,,9408.000000000000000,20175,SEWARD
1177704,1379389,2017500041590003001,35653.446688149262627,2700.000000000000000,2700.000000000000000,1800.000000000000000,2700.000000000000000,,,,900.000000000000000,5400.000000000000000,1800.000000000000000,900.000000000000000,2700.000000000000000,,,,20175,SEWARD
1177705,1379390,2017500041850001003,458641.267699828895275,1800.000000000000000,232200.000000000000000,,26100.000000000000000,88200.000000000000000,40500.000000000000000,,2700.000000000000000,,1800.000000000000000,13500.000000000000000,,,,,20175,SEWARD
1177706,1379391,2017500003860001001,645251.787468629307114,640800.000000000000000,642600.000000000000000,599400.000000000000000,622800.000000000000000,624600.000000000000000,621900.000000000000000,588600.000000000000000,604800.000000000000000,635400.000000000000000,628200.000000000000000,626400.000000000000000,628200.000000000000000,633600.000000000000000,611520.000000000000000,639744.000000000000000,20175,SEWARD
1177707,1379392,2017500010110002008,509842.675632884842344,1800.000000000000000,477900.000000000000000,,472500.000000000000000,8100.000000000000000,,,1800.000000000000000,,,3600.000000000000000,,,,,20175,SEWARD
1177708,1379393,2017500039190001002,500498.895781049155630,8100.000000000000000,498600.000000000000000,,488700.000000000000000,2700.000000000000000,479700.000000000000000,,474300.000000000000000,,493200.000000000000000,6300.000000000000000,483300.000000000000000,3600.000000000000000,470400.000000000000000,,20175,SEWARD
1177709,1379394,2017500004740002001,1240275.301356769865379,1166400.000000000000000,766800.000000000000000,,,,,,,,,1800.000000000000000,,,,,20175,SEWARD
1177710,1379395,2017500042080001005,33639.788209914600884,1800.000000000000000,,,,1800.000000000000000,,,900.000000000000000,,,,,3600.000000000000000,,3136.000000000000000,20175,SEWARD
1177711,1379396,2017500007740002003,68837.747619647983811,63000.000000000000000,1800.000000000000000,,54900.000000000000000,1800.000000000000000,,,,3600.000000000000000,1800.000000000000000,,,4500.000000000000000,,,20175,SEWARD
1177712,1379397,2017500037990002002,294049.970413800620008,1800.000000000000000,,,,,900.000000000000000,,,900.000000000000000,,2700.000000000000000,,,,,20175,SEWARD
1177713,1379398,2017500006930012001,104433.405727091972949,900.000000000000000,,,900.000000000000000,,,,,900.000000000000000,,3600.000000000000000,,,,,20175,SEWARD
1177714,1379399,2017500004170001001,651062.582826770259999,16200.000000000000000,18900.000000000000000,,4500.000000000000000,3600.000000000000000,,,3600.000000000000000,,900.000000000000000,6300.000000000000000,1800.000000000000000,4500.000000000000000,,6272.000000000000000,20175,SEWARD
1177715,1379400,2017500005800001004,271926.705651838565245,900.000000000000000,2700.000000000000000,,,66600.000000000000000,,,,1800.000000000000000,5400.000000000000000,,,,,,20175,SEWARD
1177716,1379401,2017500037710001001,1274821.706274317810312,757800.000000000000000,770400.000000000000000,506700.000000000000000,732600.000000000000000,1217700.000000000000000,1036800.000000000000000,,963900.000000000000000,948600.000000000000000,815400.000000000000000,742500.000000000000000,529200.000000000000000,744300.000000000000000,799680.000000000000000,583296.000000000000000,20175,SEWARD
1177717,1379402,2017500037020001003,27242.618036064610351,,4500.000000000000000,,2700.000000000000000,,,,,,,,5400.000000000000000,,,3136.000000000000000,20175,SEWARD
1177718,1379403,2017500003610007001,25427.461386897393822,1800.000000000000000,900.000000000000000,,900.000000000000000,4500.000000000000000,,,,,,5400.000000000000000,7200.000000000000000,,,,20175,SEWARD
1177719,1379404,2017500039560012001,27124.608132671175554,1800.000000000000000,3600.000000000000000,,900.000000000000000,1800.000000000000000,,,900.000000000000000,900.000000000000000,,5400.000000000000000,2700.000000000000000,8100.000000000000000,9408.000000000000000,12544.000000000000000,20175,SEWARD
1177720,1379405,2017500000090007001,53529.872386448638281,900.000000000000000,,,,,,,,,900.000000000000000,,5400.000000000000000,,,3136.000000000000000,20175,SEWARD
1177721,1379406,2017500001310001005,504389.426254092250019,496800.000000000000000,495000.000000000000000,489600.000000000000000,489600.000000000000000,478800.000000000000000,476100.000000000000000,468900.000000000000000,490500.000000000000000,485100.000000000000000,489600.000000000000000,487800.000000000000000,486000.000000000000000,486000.000000000000000,470400.000000000000000,448448.000000000000000,20175,SEWARD
1177723,1379408,2017500038650001010,29814.494386511687480,1800.000000000000000,1800.000000000000000,,25200.000000000000000,,5400.000000000000000,,,,,,2700.000000000000000,900.000000000000000,,,20175,SEWARD
1177724,1379409,2017500002760001005,35696.575414440078021,1800.000000000000000,1800.000000000000000,,,900.000000000000000,,1800.000000000000000,,15300.000000000000000,8100.000000000000000,6300.000000000000000,5400.000000000000000,4500.000000000000000,,3136.000000000000000,20175,SEWARD
1177725,1379410,2017500002370002005,32490.803190768947388,,2700.000000000000000,,6300.000000000000000,,900.000000000000000,,,,,,1800.000000000000000,,3136.000000000000000,,20175,SEWARD
1177726,1379411,2017500035390002001,37337.137438338708307,2700.000000000000000,,,,,,,,1800.000000000000000,4500.000000000000000,900.000000000000000,2700.000000000000000,7200.000000000000000,,,20175,SEWARD
1177727,1379412,2017500040230003001,31147.576500299557665,,900.000000000000000,,900.000000000000000,900.000000000000000,,900.000000000000000,4500.000000000000000,900.000000000000000,900.000000000000000,,1800.000000000000000,,6272.000000000000000,,20175,SEWARD
1177728,1379413,2017500036270001003,266881.218193095293827,,,,,5400.000000000000000,,,,,24300.000000000000000,54900.000000000000000,,,,3136.000000000000000,20175,SEWARD
1177729,1379414,2017500003180002001,37176.167521179551841,5400.000000000000000,900.000000000000000,900.000000000000000,17100.000000000000000,2700.000000000000000,2700.000000000000000,,,,,5400.000000000000000,4500.000000000000000,1800.000000000000000,,,20175,SEWARD
1177730,1379415,2017500006600001006,31497.086788574240927,2700.000000000000000,,,,7200.000000000000000,,1800.000000000000000,,900.000000000000000,1800.000000000000000,,,1800.000000000000000,,,20175,SEWARD
1177731,1379416,2017500033320002001,506346.711396545229945,502200.000000000000000,501300.000000000000000,498600.000000000000000,499500.000000000000000,501300.000000000000000,484200.000000000000000,498600.000000000000000,491400.000000000000000,498600.000000000000000,501300.000000000000000,489600.000000000000000,495000.000000000000000,495000.000000000000000,392000.000000000000000,492352.000000000000000,20175,SEWARD
1177732,1379417,2017500001150020001,209110.231724417535588,900.000000000000000,1800.000000000000000,1800.000000000000000,,,,,,,,,,4500.000000000000000,,12544.000000000000000,20175,SEWARD
1177733,1379418,2017500000910002001,69979.483003708766773,,,,,,,,,,,,,,,,20175,SEWARD
1177734,1379419,2017500039050011001,108735.948021963078645,4500.000000000000000,9000.000000000000000,1800.000000000000000,,,,,,,,2700.000000000000000,,,,,20175,SEWARD
1177735,1379420,2017500040990002019,8991.440187388157938,,,,,,,,,,,,,,,,20175,SEWARD
1177736,1379421,2017500002750001003,32556.602500744065765,4500.000000000000000,3600.000000000000000,900.000000000000000,900.000000000000000,5400.000000000000000,3600.000000000000000,1800.000000000000000,1800.000000000000000,,7200.000000000000000,2700.000000000000000,900.000000000000000,,6272.000000000000000,3136.000000000000000,20175,SEWARD
1177737,1379422,2017500000140001002,202358.036027779278811,3600.000000000000000,900.000000000000000,19800.000000000000000,5400.000000000000000,22500.000000000000000,900.000000000000000,,900.000000000000000,,,,,,,,20175,SEWARD
1177738,1379423,2017500002270001001,8875.074668379898867,,,,,,,900.000000000000000,,,,,,,3136.000000000000000,,20175,SEWARD
1177739,1379424,2017500041560003001,505918.668918251001742,86400.000000000000000,6300.000000000000000,49500.000000000000000,10800.000000000000000,2700.000000000000000,,3600.000000000000000,900.000000000000000,191700.000000000000000,492300.000000000000000,495900.000000000000000,5400.000000000000000,498600.000000000000000,470400.000000000000000,6272.000000000000000,20175,SEWARD
1177740,1379425,2017500000050006001,622493.807817028253339,2700.000000000000000,2700.000000000000000,,3600.000000000000000,,900.000000000000000,,2700.000000000000000,900.000000000000000,,,900.000000000000000,,,,20175,SEWARD
1177741,1379426,2017500000300001005,83893.800817402909161,,1800.000000000000000,,49500.000000000000000,900.000000000000000,5400.000000000000000,3600.000000000000000,,900.000000000000000,,,,,,,20175,SEWARD
1177742,1379427,2017500041470007003,33279.919715293610352,1800.000000000000000,6300.000000000000000,900.000000000000000,,9000.000000000000000,1800.000000000000000,900.000000000000000,3600.000000000000000,,5400.000000000000000,,1800.000000000000000,,,,20175,SEWARD
1177743,1379428,2017500002180009001,29146.968209380866028,4500.000000000000000,2700.000000000000000,1800.000000000000000,900.000000000000000,5400.000000000000000,900.000000000000000,3600.000000000000000,,900.000000000000000,,4500.000000000000000,6300.000000000000000,,9408.000000000000000,21952.000000000000000,20175,SEWARD
1177744,1379429,2017500005060001007,61880.666219112070394,1800.000000000000000,27900.000000000000000,,,6300.000000000000000,,900.000000000000000,4500.000000000000000,,,11700.000000000000000,,4500.000000000000000,,9408.000000000000000,20175,SEWARD
1177745,1379430,2017500040990003013,6267.514777112355659,,,,2700.000000000000000,,,,,,,,,,,,20175,SEWARD
1177746,1379431,2017500004140001002,203499.767998288734816,,190800.000000000000000,,201600.000000000000000,7200.000000000000000,167400.000000000000000,,155700.000000000000000,19800.000000000000000,55800.000000000000000,900.000000000000000,,3600.000000000000000,6272.000000000000000,28224.000000000000000,20175,SEWARD
1177747,1379432,2017500007480001007,28606.469467780614650,3600.000000000000000,17100.000000000000000,1800.000000000000000,1800.000000000000000,900.000000000000000,,,,9000.000000000000000,1800.000000000000000,5400.000000000000000,2700.000000000000000,900.000000000000000,,9408.000000000000000,20175,SEWARD
1177748,1379433,2017500038850012001,31840.387313370752963,5400.000000000000000,5400.000000000000000,900.000000000000000,4500.000000000000000,5400.000000000000000,,1800.000000000000000,1800.000000000000000,3600.000000000000000,7200.000000000000000,10800.000000000000000,900.000000000000000,,,,20175,SEWARD
1177749,1379434,2017500038650001011,53665.040956451906823,3600.000000000000000,,,51300.000000000000000,,,,,,,,,7200.000000000000000,,9408.000000000000000,20175,SEWARD
1177750,1379435,2017500040980001001,499047.035434424295090,4500.000000000000000,489600.000000000000000,900.000000000000000,900.000000000000000,485100.000000000000000,445500.000000000000000,28800.000000000000000,474300.000000000000000,,,,,243900.000000000000000,,,20175,SEWARD
1177751,1379436,2017500008120002006,31758.269256360472355,,900.000000000000000,,,4500.000000000000000,,,,6300.000000000000000,,1800.000000000000000,3600.000000000000000,4500.000000000000000,,3136.000000000000000,20175,SEWARD
1177752,1379437,2017500041360001002,134818.720342589978827,122400.000000000000000,3600.000000000000000,,,24300.000000000000000,,,5400.000000000000000,4500.000000000000000,3600.000000000000000,,,,,,20175,SEWARD
1177753,1379438,2017500001680001001,317359.981385443592444,,,,,,,,,,,,,,,,20175,SEWARD
1177754,1379439,2017500008520001011,498991.996461612347048,489600.000000000000000,498600.000000000000000,495900.000000000000000,491400.000000000000000,482400.000000000000000,494100.000000000000000,474300.000000000000000,490500.000000000000000,489600.000000000000000,474300.000000000000000,483300.000000000000000,482400.000000000000000,487800.000000000000000,445312.000000000000000,451584.000000000000000,20175,SEWARD
1177755,1379440,2017500009790004001,31350.681130039971322,2700.000000000000000,,,,,,,,,,3600.000000000000000,1800.000000000000000,2700.000000000000000,3136.000000000000000,25088.000000000000000,20175,SEWARD
1177756,1379441,2017500041010001004,33100.686272658080270,1800.000000000000000,23400.000000000000000,,,,,,,,,,,,,,20175,SEWARD
1177757,1379442,2017500034100001011,32587.279090703010297,,,,,900.000000000000000,,,,1800.000000000000000,,,,2700.000000000000000,3136.000000000000000,,20175,SEWARD
1177758,1379443,2017500043300001002,567523.527701232465915,48600.000000000000000,9900.000000000000000,40500.000000000000000,45000.000000000000000,900.000000000000000,,,,,,,900.000000000000000,9900.000000000000000,9408.000000000000000,,20175,SEWARD
1177759,1379444,2017500009670006001,18882.446456340501754,,,,1800.000000000000000,,,900.000000000000000,2700.000000000000000,,,1800.000000000000000,5400.000000000000000,900.000000000000000,3136.000000000000000,6272.000000000000000,20175,SEWARD
1177760,1379445,2017500006610002004,255632.131590959645109,900.000000000000000,2700.000000000000000,,,,,,,,,,,238500.000000000000000,225792.000000000000000,,20175,SEWARD
1177761,1379446,2017500039580015001,31611.464234657891211,,3600.000000000000000,1800.000000000000000,4500.000000000000000,1800.000000000000000,3600.000000000000000,3600.000000000000000,3600.000000000000000,1800.000000000000000,900.000000000000000,2700.000000000000000,6300.000000000000000,,,3136.000000000000000,20175,SEWARD
1177762,1379447,2017500005010008003,173954.144228120014304,31500.000000000000000,7200.000000000000000,32400.000000000000000,3600.000000000000000,900.000000000000000,29700.000000000000000,,,1800.000000000000000,,1800.000000000000000,,,9408.000000000000000,3136.000000000000000,20175,SEWARD
1177763,1379448,2017500004180002007,27318.803324461612647,,,,18900.000000000000000,,,,,,,,,,,,20175,SEWARD
1177764,1379449,2017500041140005001,110947.635536061716266,105300.000000000000000,,,109800.000000000000000,101700.000000000000000,,,,,4500.000000000000000,89100.000000000000000,,9900.000000000000000,,9408.000000000000000,20175,SEWARD
1177765,1379450,2017500036940003001,335187.642162945005111,,,,,,,,,,,,18000.000000000000000,,,,20175,SEWARD
1177766,1379451,2017500006800002003,526426.894399406737648,2700.000000000000000,8100.000000000000000,,19800.000000000000000,7200.000000000000000,,,8100.000000000000000,,4500.000000000000000,11700.000000000000000,,11700.000000000000000,,,20175,SEWARD
1177767,1379452,2017500007740002004,104443.070941222264082,99000.000000000000000,,,72000.000000000000000,,,,,,,,,,,,20175,SEWARD
1177768,1379453,2017500004290001001,993591.336175425676629,76500.000000000000000,333900.000000000000000,355500.000000000000000,563400.000000000000000,597600.000000000000000,577800.000000000000000,587700.000000000000000,584100.000000000000000,655200.000000000000000,419400.000000000000000,27000.000000000000000,504900.000000000000000,327600.000000000000000,884352.000000000000000,,20175,SEWARD
1177769,1379454,2017500009000003003,245573.147393352555810,,,229500.000000000000000,,235800.000000000000000,234000.000000000000000,,,,202500.000000000000000,,,231300.000000000000000,213248.000000000000000,181888.000000000000000,20175,SEWARD
1177770,1379455,2017500041840001001,1551938.488260662648827,900.000000000000000,54000.000000000000000,,6300.000000000000000,4500.000000000000000,,,,,900.000000000000000,42300.000000000000000,,80100.000000000000000,9408.000000000000000,,20175,SEWARD
1177771,1379456,2017500005510001004,123753.051884169806726,9000.000000000000000,,11700.000000000000000,14400.000000000000000,900.000000000000000,,900.000000000000000,,9900.000000000000000,,,60300.000000000000000,21600.000000000000000,,,20175,SEWARD
1177772,1379457,2017500010330001001,310981.638031262380537,,,,,,,,,,,,,,,,20175,SEWARD
1177773,1379458,2017500009620001005,29922.119929782296822,,,,3600.000000000000000,3600.000000000000000,,,,1800.000000000000000,,900.000000000000000,900.000000000000000,900.000000000000000,,,20175,SEWARD
1177774,1379459,2017500000160002001,506531.809621061722282,492300.000000000000000,6300.000000000000000,480600.000000000000000,10800.000000000000000,500400.000000000000000,48600.000000000000000,496800.000000000000000,488700.000000000000000,495900.000000000000000,496800.000000000000000,482400.000000000000000,495900.000000000000000,498600.000000000000000,492352.000000000000000,492352.000000000000000,20175,SEWARD
1177775,1379460,2017500041540001002,499033.303206264448818,500400.000000000000000,500400.000000000000000,,,497700.000000000000000,480600.000000000000000,,,,493200.000000000000000,495900.000000000000000,,,457856.000000000000000,3136.000000000000000,20175,SEWARD
1177776,1379461,2017500000500001001,177000.363653115811758,,,,,,,,,,,,,,,,20175,SEWARD
1177777,1379462,2017500004410002004,34471.656671436205215,3600.000000000000000,,,5400.000000000000000,,,900.000000000000000,900.000000000000000,,,,,900.000000000000000,6272.000000000000000,,20175,SEWARD
1177778,1379463,2017500002290002001,33482.872213070389989,1800.000000000000000,900.000000000000000,,,3600.000000000000000,,,,900.000000000000000,,2700.000000000000000,,2700.000000000000000,,,20175,SEWARD
1177779,1379464,2017500038800001003,26338.477522072058491,23400.000000000000000,,,24300.000000000000000,19800.000000000000000,900.000000000000000,,,,,900.000000000000000,2700.000000000000000,,,6272.000000000000000,20175,SEWARD
1177780,1379465,2017500033490001004,358479.016458413971122,360000.000000000000000,16200.000000000000000,185400.000000000000000,187200.000000000000000,177300.000000000000000,900.000000000000000,163800.000000000000000,9900.000000000000000,171000.000000000000000,13500.000000000000000,275400.000000000000000,1800.000000000000000,181800.000000000000000,,,20175,SEWARD
1177781,1379466,2017500034980002005,490929.683298024116084,488700.000000000000000,488700.000000000000000,5400.000000000000000,489600.000000000000000,89100.000000000000000,484200.000000000000000,465300.000000000000000,477000.000000000000000,490500.000000000000000,327600.000000000000000,212400.000000000000000,,,,,20175,SEWARD
1177782,1379467,2017500001940001002,128598.162660799949663,124200.000000000000000,124200.000000000000000,,120600.000000000000000,117900.000000000000000,9000.000000000000000,900.000000000000000,,4500.000000000000000,,99900.000000000000000,,118800.000000000000000,94080.000000000000000,81536.000000000000000,20175,SEWARD
1177783,1379468,2017500006250003004,69608.400338496518089,1800.000000000000000,,,,20700.000000000000000,4500.000000000000000,,,,,,,,,,20175,SEWARD
1177784,1379469,2017500003790001002,319510.362179443705827,73800.000000000000000,211500.000000000000000,,900.000000000000000,,,,,,,24300.000000000000000,,,,9408.000000000000000,20175,SEWARD
1177785,1379470,2017500008510001002,326107.023795684217475,,,,,,,,,,,,,,,47040.000000000000000,20175,SEWARD
1177786,1379471,2017500007480001008,15546.241891276675233,900.000000000000000,13500.000000000000000,,,900.000000000000000,,,900.000000000000000,2700.000000000000000,900.000000000000000,1800.000000000000000,,2700.000000000000000,3136.000000000000000,3136.000000000000000,20175,SEWARD
1177787,1379472,2017500038650002006,35704.841919847291138,,,,34200.000000000000000,,,,900.000000000000000,,5400.000000000000000,,,5400.000000000000000,9408.000000000000000,3136.000000000000000,20175,SEWARD
1177788,1379473,2017500006930025001,59296.417251078572008,900.000000000000000,,,,900.000000000000000,,,,,,,,1800.000000000000000,3136.000000000000000,6272.000000000000000,20175,SEWARD
1177789,1379474,2017500001210001001,494087.443213639780879,484200.000000000000000,15300.000000000000000,456300.000000000000000,10800.000000000000000,469800.000000000000000,459900.000000000000000,2700.000000000000000,34200.000000000000000,12600.000000000000000,28800.000000000000000,18900.000000000000000,479700.000000000000000,,426496.000000000000000,442176.000000000000000,20175,SEWARD
1177790,1379475,2017500042970002001,157554.725331669556908,,,,,,,,,,,900.000000000000000,,,,,20175,SEWARD
1177791,1379476,2017500000960001001,265110.015780941874254,,,,,,,,,,,,,,,,20175,SEWARD
1177792,1379477,2017500004280001006,29446.379507967696554,2700.000000000000000,1800.000000000000000,,,5400.000000000000000,1800.000000000000000,,,3600.000000000000000,,,900.000000000000000,1800.000000000000000,3136.000000000000000,,20175,SEWARD
1177793,1379478,2017500003180003001,33589.088392568744894,2700.000000000000000,,,5400.000000000000000,900.000000000000000,,,,,,,1800.000000000000000,,,,20175,SEWARD
1177794,1379479,2017500000100010001,32254.221867372056295,,900.000000000000000,,,1800.000000000000000,,,,,3600.000000000000000,5400.000000000000000,,4500.000000000000000,,,20175,SEWARD
1177795,1379480,2017500041910001004,31263.574404339811736,20700.000000000000000,21600.000000000000000,16200.000000000000000,1800.000000000000000,11700.000000000000000,2700.000000000000000,,1800.000000000000000,900.000000000000000,2700.000000000000000,,,9000.000000000000000,18816.000000000000000,21952.000000000000000,20175,SEWARD
1177796,1379481,2017500035950001003,305147.349067704868503,302400.000000000000000,297900.000000000000000,1800.000000000000000,296100.000000000000000,7200.000000000000000,288000.000000000000000,283500.000000000000000,288900.000000000000000,294300.000000000000000,288000.000000000000000,286200.000000000000000,291600.000000000000000,,,247744.000000000000000,20175,SEWARD
1177797,1379482,2017500000150001001,508338.872432792850304,439200.000000000000000,30600.000000000000000,,27000.000000000000000,240300.000000000000000,238500.000000000000000,241200.000000000000000,246600.000000000000000,485100.000000000000000,489600.000000000000000,478800.000000000000000,486000.000000000000000,486000.000000000000000,,432768.000000000000000,20175,SEWARD
1177798,1379483,2017500006180001004,34326.317004751981585,16200.000000000000000,26100.000000000000000,1800.000000000000000,,12600.000000000000000,,,,4500.000000000000000,,,900.000000000000000,25200.000000000000000,9408.000000000000000,25088.000000000000000,20175,SEWARD
1177799,1379484,2017500041560015001,19584.548344331244152,1800.000000000000000,,1800.000000000000000,,900.000000000000000,,,,10800.000000000000000,12600.000000000000000,11700.000000000000000,14400.000000000000000,11700.000000000000000,6272.000000000000000,3136.000000000000000,20175,SEWARD
1177800,1379485,2017500042010001002,208141.100417589652352,1800.000000000000000,1800.000000000000000,,,19800.000000000000000,,,,,,,,,,,20175,SEWARD
1177801,1379486,2017500006600004004,31679.102144568591029,1800.000000000000000,,,,,,,,,1800.000000000000000,,,,6272.000000000000000,,20175,SEWARD
1177802,1379487,2017500001150012001,510777.705642071960028,501300.000000000000000,492300.000000000000000,4500.000000000000000,435600.000000000000000,478800.000000000000000,470700.000000000000000,,,,,6300.000000000000000,7200.000000000000000,474300.000000000000000,6272.000000000000000,448448.000000000000000,20175,SEWARD
1177803,1379488,2017500009450001001,496415.582676916266792,493200.000000000000000,9900.000000000000000,491400.000000000000000,1800.000000000000000,6300.000000000000000,482400.000000000000000,,487800.000000000000000,472500.000000000000000,480600.000000000000000,497700.000000000000000,495000.000000000000000,11700.000000000000000,457856.000000000000000,18816.000000000000000,20175,SEWARD
1177804,1379489,2017500042320002001,487779.928725874866359,483300.000000000000000,486000.000000000000000,482400.000000000000000,485100.000000000000000,442800.000000000000000,482400.000000000000000,482400.000000000000000,486000.000000000000000,484200.000000000000000,485100.000000000000000,483300.000000000000000,484200.000000000000000,480600.000000000000000,476672.000000000000000,,20175,SEWARD
1177805,1379490,2017500003330002004,24693.467157490038517,5400.000000000000000,6300.000000000000000,,6300.000000000000000,6300.000000000000000,900.000000000000000,,,900.000000000000000,6300.000000000000000,4500.000000000000000,,,,,20175,SEWARD
1177806,1379491,2017500004880001003,31317.633773288922384,4500.000000000000000,900.000000000000000,900.000000000000000,900.000000000000000,2700.000000000000000,900.000000000000000,,,9900.000000000000000,2700.000000000000000,5400.000000000000000,5400.000000000000000,7200.000000000000000,,6272.000000000000000,20175,SEWARD
1177807,1379492,2017500008950001001,465962.240600067772903,112500.000000000000000,436500.000000000000000,89100.000000000000000,195300.000000000000000,109800.000000000000000,,,8100.000000000000000,27900.000000000000000,32400.000000000000000,6300.000000000000000,900.000000000000000,,,,20175,SEWARD
1177808,1379493,2017500006450001001,589058.103582023642957,,,,,,,,,,,,,,,,20175,SEWARD
1177809,1379494,2017500042410001006,190003.792004005605122,6300.000000000000000,,,16200.000000000000000,,,,,,,,,,,28224.000000000000000,20175,SEWARD
1177810,1379495,2017500039560008001,34789.661377426833496,3600.000000000000000,900.000000000000000,900.000000000000000,3600.000000000000000,900.000000000000000,,,900.000000000000000,,,1800.000000000000000,,900.000000000000000,3136.000000000000000,,20175,SEWARD
1177811,1379496,2017500009890001001,512377.321041969233193,69300.000000000000000,389700.000000000000000,,15300.000000000000000,507600.000000000000000,506700.000000000000000,46800.000000000000000,500400.000000000000000,504000.000000000000000,511200.000000000000000,512100.000000000000000,511200.000000000000000,511200.000000000000000,486080.000000000000000,473536.000000000000000,20175,SEWARD
1177812,1379497,2017500002980001001,597473.709577209199779,5400.000000000000000,900.000000000000000,14400.000000000000000,3600.000000000000000,77400.000000000000000,41400.000000000000000,,,,1800.000000000000000,9900.000000000000000,,,,6272.000000000000000,20175,SEWARD
1177813,1379498,2017500005060001008,62735.549829363895697,900.000000000000000,17100.000000000000000,,,900.000000000000000,,2700.000000000000000,4500.000000000000000,900.000000000000000,,9000.000000000000000,,10800.000000000000000,,6272.000000000000000,20175,SEWARD
1177814,1379499,2017500005330001002,143902.776362899923697,8100.000000000000000,129600.000000000000000,900.000000000000000,2700.000000000000000,,5400.000000000000000,,5400.000000000000000,,6300.000000000000000,,,3600.000000000000000,37632.000000000000000,,20175,SEWARD
1177815,1379500,2017500041070001007,252535.659994058049051,3600.000000000000000,234900.000000000000000,,1800.000000000000000,217800.000000000000000,,232200.000000000000000,9900.000000000000000,8100.000000000000000,4500.000000000000000,26100.000000000000000,,,238336.000000000000000,12544.000000000000000,20175,SEWARD
1177816,1379501,2017500003190010001,66671.081217616389040,,2700.000000000000000,,,,,,,,,,,,12544.000000000000000,,20175,SEWARD
1177817,1379502,2017500036500002001,36629.948741391242947,900.000000000000000,1800.000000000000000,900.000000000000000,,,,,1800.000000000000000,,,,,,,,20175,SEWARD
1177818,1379503,2017500002400002001,631451.676764980074950,900.000000000000000,3600.000000000000000,,80100.000000000000000,,1800.000000000000000,,,,,,,17100.000000000000000,,3136.000000000000000,20175,SEWARD
1177819,1379504,2017500003920001003,136637.247499215416610,,9900.000000000000000,900.000000000000000,89100.000000000000000,9900.000000000000000,14400.000000000000000,4500.000000000000000,9900.000000000000000,2700.000000000000000,14400.000000000000000,5400.000000000000000,11700.000000000000000,2700.000000000000000,,18816.000000000000000,20175,SEWARD
1177820,1379505,2017500042160006001,26855.219831852573407,,900.000000000000000,,900.000000000000000,900.000000000000000,900.000000000000000,900.000000000000000,2700.000000000000000,,1800.000000000000000,7200.000000000000000,7200.000000000000000,2700.000000000000000,3136.000000000000000,9408.000000000000000,20175,SEWARD
1177821,1379506,2017500002590001002,234439.990350728156045,,,,232200.000000000000000,,,,,,,209700.000000000000000,900.000000000000000,,,,20175,SEWARD
1177822,1379507,2017500007630005003,139212.536373451905092,135900.000000000000000,136800.000000000000000,122400.000000000000000,140400.000000000000000,139500.000000000000000,900.000000000000000,124200.000000000000000,115200.000000000000000,140400.000000000000000,24300.000000000000000,135000.000000000000000,136800.000000000000000,138600.000000000000000,,,20175,SEWARD
1177823,1379508,2017500000840001008,31483.377323468899704,14400.000000000000000,1800.000000000000000,,,900.000000000000000,,,,900.000000000000000,,,,1800.000000000000000,15680.000000000000000,,20175,SEWARD
1177824,1379509,2017500003910013001,33503.590972438127210,900.000000000000000,2700.000000000000000,1800.000000000000000,,,,,3600.000000000000000,,,1800.000000000000000,5400.000000000000000,5400.000000000000000,3136.000000000000000,21952.000000000000000,20175,SEWARD
1177825,1379510,2017500006060001003,642043.705756376730278,124200.000000000000000,93600.000000000000000,340200.000000000000000,156600.000000000000000,12600.000000000000000,900.000000000000000,,,24300.000000000000000,,900.000000000000000,285300.000000000000000,38700.000000000000000,,,20175,SEWARD
1177826,1379511,2017500005460001002,496184.349733744340483,9000.000000000000000,88200.000000000000000,,1800.000000000000000,1800.000000000000000,900.000000000000000,,,,,1800.000000000000000,8100.000000000000000,36900.000000000000000,,15680.000000000000000,20175,SEWARD
1177827,1379512,2017500003240005015,26366.731983764704637,,900.000000000000000,,900.000000000000000,,,900.000000000000000,,,,,,1800.000000000000000,,,20175,SEWARD
1177828,1379513,2017500000530001001,643242.895403620670550,6300.000000000000000,8100.000000000000000,,5400.000000000000000,1800.000000000000000,,900.000000000000000,,,,5400.000000000000000,,,,,20175,SEWARD
1177829,1379514,2017500001570001010,509105.454215161735192,281700.000000000000000,429300.000000000000000,125100.000000000000000,309600.000000000000000,900.000000000000000,380700.000000000000000,210600.000000000000000,414900.000000000000000,69300.000000000000000,485100.000000000000000,210600.000000000000000,8100.000000000000000,459000.000000000000000,476672.000000000000000,282240.000000000000000,20175,SEWARD
1177830,1379515,2017500004020001008,31674.248698466923088,26100.000000000000000,28800.000000000000000,11700.000000000000000,24300.000000000000000,1800.000000000000000,900.000000000000000,4500.000000000000000,4500.000000000000000,900.000000000000000,3600.000000000000000,9900.000000000000000,2700.000000000000000,9000.000000000000000,3136.000000000000000,12544.000000000000000,20175,SEWARD
1177831,1379517,2017500002620001003,500460.278957680915482,495900.000000000000000,,486900.000000000000000,,495900.000000000000000,,470700.000000000000000,,497700.000000000000000,492300.000000000000000,900.000000000000000,490500.000000000000000,4500.000000000000000,464128.000000000000000,,20175,SEWARD
1177832,1379518,2017500000310001005,29989.093718231400999,,,,,,,,,2700.000000000000000,,900.000000000000000,,1800.000000000000000,,,20175,SEWARD
1177833,1379519,2017500005280002002,880599.570377363590524,18000.000000000000000,34200.000000000000000,,,,,,900.000000000000000,900.000000000000000,,,,,,,20175,SEWARD
1177834,1379520,2017500000450013001,106689.822840306936996,9000.000000000000000,1800.000000000000000,1800.000000000000000,,6300.000000000000000,,5400.000000000000000,,,15300.000000000000000,,18000.000000000000000,,12544.000000000000000,,20175,SEWARD
1177835,1379521,2017500033640001005,28979.454548144334694,,27900.000000000000000,,,,,,,900.000000000000000,,,,,,,20175,SEWARD
1177836,1379522,2017500000550002001,315823.150423735904042,,900.000000000000000,,,,,,,,,2700.000000000000000,,,,3136.000000000000000,20175,SEWARD
1177837,1379523,2017500034450001005,141857.383922378270654,136800.000000000000000,8100.000000000000000,139500.000000000000000,1800.000000000000000,,133200.000000000000000,,139500.000000000000000,121500.000000000000000,,37800.000000000000000,2700.000000000000000,,,,20175,SEWARD
1177838,1379525,2017500033540001005,510352.144632484531030,93600.000000000000000,900.000000000000000,9900.000000000000000,487800.000000000000000,,478800.000000000000000,486000.000000000000000,,501300.000000000000000,486900.000000000000000,,,495000.000000000000000,423360.000000000000000,435904.000000000000000,20175,SEWARD
1177839,1379526,2017500005010001001,689637.499038824578747,7200.000000000000000,,900.000000000000000,,,900.000000000000000,,,,,,,,,,20175,SEWARD
1177840,1379527,2017500006830001004,36965.572711366592557,35100.000000000000000,7200.000000000000000,,12600.000000000000000,2700.000000000000000,2700.000000000000000,900.000000000000000,,7200.000000000000000,5400.000000000000000,9900.000000000000000,10800.000000000000000,,3136.000000000000000,6272.000000000000000,20175,SEWARD
1177841,1379528,2017500008690001014,500265.493260316434316,484200.000000000000000,493200.000000000000000,3600.000000000000000,495900.000000000000000,477900.000000000000000,,479700.000000000000000,479700.000000000000000,495900.000000000000000,488700.000000000000000,483300.000000000000000,484200.000000000000000,491400.000000000000000,451584.000000000000000,435904.000000000000000,20175,SEWARD
1177842,1379529,2017500033310008001,419843.029032768972684,,,,,,,,,,,,,900.000000000000000,3136.000000000000000,,20175,SEWARD
1177843,1379530,2017500007030003001,132376.887901302543469,,,,,,,,,,,,,,,,20175,SEWARD
1177844,1379531,2017500008120001005,32606.798935845203232,900.000000000000000,900.000000000000000,,3600.000000000000000,5400.000000000000000,900.000000000000000,900.000000000000000,,7200.000000000000000,3600.000000000000000,3600.000000000000000,9900.000000000000000,15300.000000000000000,,12544.000000000000000,20175,SEWARD
1177845,1379532,2017500000330001005,39686.256706980078889,13500.000000000000000,13500.000000000000000,7200.000000000000000,10800.000000000000000,,4500.000000000000000,900.000000000000000,9000.000000000000000,7200.000000000000000,7200.000000000000000,20700.000000000000000,3600.000000000000000,12600.000000000000000,9408.000000000000000,6272.000000000000000,20175,SEWARD
1177846,1379533,2017500002910001002,29305.256868697622849,3600.000000000000000,9900.000000000000000,,19800.000000000000000,,900.000000000000000,,1800.000000000000000,,900.000000000000000,,4500.000000000000000,900.000000000000000,3136.000000000000000,,20175,SEWARD
1177847,1379534,2017500037620001006,20584.099601114598045,9000.000000000000000,2700.000000000000000,3600.000000000000000,9000.000000000000000,6300.000000000000000,5400.000000000000000,,,15300.000000000000000,1800.000000000000000,2700.000000000000000,1800.000000000000000,3600.000000000000000,,,20175,SEWARD
1177848,1379535,2017500041780003001,81621.798135885343072,,3600.000000000000000,3600.000000000000000,57600.000000000000000,1800.000000000000000,,,900.000000000000000,1800.000000000000000,1800.000000000000000,14400.000000000000000,4500.000000000000000,6300.000000000000000,3136.000000000000000,9408.000000000000000,20175,SEWARD
1177849,1379536,2017500042460001005,25188.806498596444726,18900.000000000000000,9900.000000000000000,1800.000000000000000,12600.000000000000000,900.000000000000000,,,900.000000000000000,,,,,,,,20175,SEWARD
1177850,1379537,2017500042520003001,30610.959176479558664,,,,,,,,,,,,,,,,20175,SEWARD
1177851,1379538,2017500033160001004,32157.458052561451041,11700.000000000000000,,,,900.000000000000000,,,,7200.000000000000000,900.000000000000000,,1800.000000000000000,,3136.000000000000000,,20175,SEWARD
1177852,1379539,2017500035980001005,18136.339975853046781,,,,,,,,,,,,,,,,20175,SEWARD
1177853,1379540,2017500040970001003,125084.170785300288117,9900.000000000000000,36900.000000000000000,89100.000000000000000,,,,,,,900.000000000000000,1800.000000000000000,,1800.000000000000000,,,20175,SEWARD
1177854,1379541,2017500000540001005,40014.863161451597989,,27000.000000000000000,,,,,,,,,900.000000000000000,,900.000000000000000,,,20175,SEWARD
1177855,1379542,2017500004110004001,30304.076018482730433,1800.000000000000000,,,1800.000000000000000,900.000000000000000,,,,,1800.000000000000000,9900.000000000000000,,2700.000000000000000,,,20175,SEWARD
1177856,1379543,2017500004000001001,490548.012732069066260,32400.000000000000000,466200.000000000000000,2700.000000000000000,7200.000000000000000,,417600.000000000000000,,443700.000000000000000,261000.000000000000000,469800.000000000000000,29700.000000000000000,479700.000000000000000,17100.000000000000000,451584.000000000000000,12544.000000000000000,20175,SEWARD
1177857,1379544,2017500007600001001,436997.390602080267854,12600.000000000000000,10800.000000000000000,100800.000000000000000,3600.000000000000000,389700.000000000000000,387000.000000000000000,43200.000000000000000,900.000000000000000,,,262800.000000000000000,,,6272.000000000000000,,20175,SEWARD
1177858,1379545,2017500038860002001,506756.632540895254351,7200.000000000000000,498600.000000000000000,487800.000000000000000,144900.000000000000000,500400.000000000000000,495000.000000000000000,,500400.000000000000000,496800.000000000000000,1800.000000000000000,,495900.000000000000000,498600.000000000000000,81536.000000000000000,,20175,SEWARD
1177859,1379546,2017500039800001001,491562.053738584101666,493200.000000000000000,488700.000000000000000,486900.000000000000000,,,,480600.000000000000000,480600.000000000000000,,490500.000000000000000,473400.000000000000000,,,,,20175,SEWARD
1177860,1379547,2017500003890001008,34217.847143777813471,900.000000000000000,11700.000000000000000,1800.000000000000000,4500.000000000000000,,,,,1800.000000000000000,900.000000000000000,3600.000000000000000,,900.000000000000000,,,20175,SEWARD
1177861,1379548,2017500002750001004,36171.082229506515432,11700.000000000000000,3600.000000000000000,900.000000000000000,,4500.000000000000000,3600.000000000000000,900.000000000000000,3600.000000000000000,13500.000000000000000,,5400.000000000000000,,2700.000000000000000,3136.000000000000000,12544.000000000000000,20175,SEWARD
1177862,1379549,2017500007160005002,476203.094293666654266,29700.000000000000000,,,,1800.000000000000000,,,,,,,,,,6272.000000000000000,20175,SEWARD
1177863,1379550,2017500035460001006,60389.081972700412734,3600.000000000000000,2700.000000000000000,2700.000000000000000,2700.000000000000000,2700.000000000000000,,1800.000000000000000,1800.000000000000000,7200.000000000000000,2700.000000000000000,,900.000000000000000,5400.000000000000000,,,20175,SEWARD
1177865,1379552,2017500042360001003,133136.658162364445161,900.000000000000000,,,,,,,3600.000000000000000,,2700.000000000000000,2700.000000000000000,,,,,20175,SEWARD
1177866,1379553,2017500001620001007,7623.025620714942306,900.000000000000000,,1800.000000000000000,,1800.000000000000000,,900.000000000000000,,,,3600.000000000000000,,,,,20175,SEWARD
1177868,1379555,2017500034440001005,34638.228288811369566,9900.000000000000000,3600.000000000000000,2700.000000000000000,5400.000000000000000,8100.000000000000000,4500.000000000000000,3600.000000000000000,3600.000000000000000,17100.000000000000000,9900.000000000000000,3600.000000000000000,5400.000000000000000,5400.000000000000000,,,20175,SEWARD
1177869,1379556,2017500001520001005,518902.854940124379937,450000.000000000000000,481500.000000000000000,466200.000000000000000,489600.000000000000000,435600.000000000000000,432000.000000000000000,452700.000000000000000,462600.000000000000000,475200.000000000000000,486900.000000000000000,488700.000000000000000,400500.000000000000000,489600.000000000000000,479808.000000000000000,18816.000000000000000,20175,SEWARD
1177870,1379557,2017500006770001002,148970.891841248841956,122400.000000000000000,14400.000000000000000,,129600.000000000000000,30600.000000000000000,,,1800.000000000000000,,,,,1800.000000000000000,,,20175,SEWARD
1177871,1379558,2017500008690001016,31900.715516778280289,900.000000000000000,,,8100.000000000000000,,,900.000000000000000,,3600.000000000000000,,,,1800.000000000000000,6272.000000000000000,,20175,SEWARD
1177872,1379559,2017500007990003001,77353.145308059902163,5400.000000000000000,6300.000000000000000,2700.000000000000000,6300.000000000000000,4500.000000000000000,1800.000000000000000,900.000000000000000,5400.000000000000000,7200.000000000000000,1800.000000000000000,9900.000000000000000,8100.000000000000000,7200.000000000000000,,28224.000000000000000,20175,SEWARD
1177873,1379560,2017500006420001005,499674.716349466471002,492300.000000000000000,14400.000000000000000,477000.000000000000000,497700.000000000000000,497700.000000000000000,444600.000000000000000,491400.000000000000000,489600.000000000000000,475200.000000000000000,495000.000000000000000,496800.000000000000000,53100.000000000000000,495900.000000000000000,464128.000000000000000,460992.000000000000000,20175,SEWARD
1177874,1379561,2017500033450003003,186826.746637215052033,900.000000000000000,1800.000000000000000,168300.000000000000000,,,,,,,,,,,,,20175,SEWARD
1177875,1379562,2017500005790001002,153019.220490238105413,59400.000000000000000,27000.000000000000000,9900.000000000000000,80100.000000000000000,2700.000000000000000,,900.000000000000000,3600.000000000000000,8100.000000000000000,,1800.000000000000000,2700.000000000000000,2700.000000000000000,,,20175,SEWARD
1177876,1379563,2017500004440001004,19028.471265487325581,4500.000000000000000,,,9900.000000000000000,,900.000000000000000,900.000000000000000,,3600.000000000000000,,,,1800.000000000000000,,,20175,SEWARD
1177877,1379564,2017500003560001004,31296.688697264646180,,14400.000000000000000,,1800.000000000000000,,,900.000000000000000,2700.000000000000000,,2700.000000000000000,,9900.000000000000000,4500.000000000000000,9408.000000000000000,6272.000000000000000,20175,SEWARD
1177878,1379565,2017500033710001001,336580.189752745267469,5400.000000000000000,280800.000000000000000,,900.000000000000000,156600.000000000000000,,,66600.000000000000000,,,126000.000000000000000,315900.000000000000000,4500.000000000000000,,,20175,SEWARD
1177879,1379566,2017500034740001002,279473.710001366853248,276300.000000000000000,27000.000000000000000,267300.000000000000000,6300.000000000000000,255600.000000000000000,260100.000000000000000,257400.000000000000000,267300.000000000000000,279000.000000000000000,275400.000000000000000,272700.000000000000000,53100.000000000000000,279000.000000000000000,275968.000000000000000,279104.000000000000000,20175,SEWARD
1177880,1379567,2017500004100001003,34722.016176804238057,900.000000000000000,17100.000000000000000,,9000.000000000000000,,,,1800.000000000000000,1800.000000000000000,,4500.000000000000000,2700.000000000000000,,3136.000000000000000,,20175,SEWARD
1177881,1379568,2017500007110001003,27846.023686459942837,,3600.000000000000000,1800.000000000000000,21600.000000000000000,17100.000000000000000,2700.000000000000000,,7200.000000000000000,5400.000000000000000,2700.000000000000000,,25200.000000000000000,13500.000000000000000,9408.000000000000000,3136.000000000000000,20175,SEWARD
1177882,1379569,2017500005320006001,26566.731606599998486,,,,,,,,,,,,,,,,20175,SEWARD
1177883,1379570,2017500008300002001,256180.072030783776427,80100.000000000000000,235800.000000000000000,18000.000000000000000,234000.000000000000000,34200.000000000000000,23400.000000000000000,30600.000000000000000,900.000000000000000,,,,,,,,20175,SEWARD
1177884,1379571,2017500040690002002,168328.181533250637585,23400.000000000000000,31500.000000000000000,31500.000000000000000,125100.000000000000000,,,,2700.000000000000000,,,9000.000000000000000,7200.000000000000000,900.000000000000000,,,20175,SEWARD
1177885,1379572,2017500002280001005,131425.925407868868206,123300.000000000000000,,900.000000000000000,107100.000000000000000,1800.000000000000000,,,,,,,900.000000000000000,1800.000000000000000,3136.000000000000000,,20175,SEWARD
1177886,1379573,2017500008060001001,624428.229520982247777,900.000000000000000,900.000000000000000,3600.000000000000000,900.000000000000000,,,,,,,68400.000000000000000,,,,,20175,SEWARD
1177887,1379574,2017500033810002005,492519.587972475274000,487800.000000000000000,481500.000000000000000,479700.000000000000000,493200.000000000000000,490500.000000000000000,479700.000000000000000,476100.000000000000000,486000.000000000000000,483300.000000000000000,485100.000000000000000,481500.000000000000000,483300.000000000000000,487800.000000000000000,473536.000000000000000,442176.000000000000000,20175,SEWARD
1177888,1379575,2017500000770001002,486363.670542291656602,121500.000000000000000,90000.000000000000000,9900.000000000000000,14400.000000000000000,9900.000000000000000,1800.000000000000000,1800.000000000000000,6300.000000000000000,2700.000000000000000,2700.000000000000000,59400.000000000000000,44100.000000000000000,4500.000000000000000,,,20175,SEWARD
1177889,1379576,2017500036540001001,472263.900484577519819,900.000000000000000,3600.000000000000000,,,3600.000000000000000,,,,,900.000000000000000,1800.000000000000000,,,,,20175,SEWARD
1177890,1379577,2017500004180003004,25207.372779737783276,,,,17100.000000000000000,,,,2700.000000000000000,,2700.000000000000000,,2700.000000000000000,,3136.000000000000000,,20175,SEWARD
1177891,1379578,2017500036570001003,19396.312968817794172,18000.000000000000000,15300.000000000000000,900.000000000000000,12600.000000000000000,1800.000000000000000,2700.000000000000000,,,6300.000000000000000,,9000.000000000000000,,5400.000000000000000,3136.000000000000000,12544.000000000000000,20175,SEWARD
1177892,1379579,2017500000100003001,35993.481602566629590,1800.000000000000000,,,900.000000000000000,,900.000000000000000,,,,900.000000000000000,,2700.000000000000000,,3136.000000000000000,,20175,SEWARD
1177894,1379581,2017500039790001001,29275.334020407753997,900.000000000000000,,,,,,900.000000000000000,900.000000000000000,3600.000000000000000,4500.000000000000000,10800.000000000000000,5400.000000000000000,4500.000000000000000,,,20175,SEWARD
1177895,1379582,2017500007470001001,638479.351685029687360,,,,,,,,,,,,,,,,20175,SEWARD
1177896,1379583,2017500001730001003,177061.648268604971236,12600.000000000000000,,,,,,,,,,,,,97216.000000000000000,,20175,SEWARD
1177897,1379584,2017500041470001002,539262.161338586476631,40500.000000000000000,6300.000000000000000,475200.000000000000000,900.000000000000000,461700.000000000000000,435600.000000000000000,471600.000000000000000,381600.000000000000000,470700.000000000000000,469800.000000000000000,465300.000000000000000,94500.000000000000000,36000.000000000000000,,,20175,SEWARD
1177898,1379585,2017500039200003001,122503.766912784543820,16200.000000000000000,4500.000000000000000,6300.000000000000000,,3600.000000000000000,,4500.000000000000000,,5400.000000000000000,,20700.000000000000000,,14400.000000000000000,,25088.000000000000000,20175,SEWARD
1177899,1379586,2017500005060002003,27857.318960021690145,,25200.000000000000000,,,,,,900.000000000000000,,4500.000000000000000,,900.000000000000000,,,12544.000000000000000,20175,SEWARD
1177900,1379587,2017500003430002005,34438.200694493440096,33300.000000000000000,32400.000000000000000,900.000000000000000,36900.000000000000000,3600.000000000000000,2700.000000000000000,,900.000000000000000,7200.000000000000000,7200.000000000000000,1800.000000000000000,36900.000000000000000,,,12544.000000000000000,20175,SEWARD
1177901,1379588,2017500040990003015,8565.082099208657382,,3600.000000000000000,,1800.000000000000000,,,,,1800.000000000000000,,,,,,,20175,SEWARD
1177902,1379589,2017500039040003007,58749.934893119614571,,,,,9000.000000000000000,,,1800.000000000000000,19800.000000000000000,,1800.000000000000000,,14400.000000000000000,,,20175,SEWARD
1177903,1379590,2017500036120003001,19559.740369442530209,,1800.000000000000000,,,900.000000000000000,,,,,900.000000000000000,,1800.000000000000000,,6272.000000000000000,,20175,SEWARD
1177904,1379591,2017500033420001002,1545218.198840775759891,14400.000000000000000,900.000000000000000,3600.000000000000000,1446300.000000000000000,1800.000000000000000,7200.000000000000000,1800.000000000000000,2700.000000000000000,10800.000000000000000,8100.000000000000000,11700.000000000000000,1476900.000000000000000,9900.000000000000000,1411200.000000000000000,28224.000000000000000,20175,SEWARD
1177905,1379592,2017500009810001002,631271.416072741383687,56700.000000000000000,59400.000000000000000,,33300.000000000000000,63900.000000000000000,12600.000000000000000,,5400.000000000000000,,,,,13500.000000000000000,6272.000000000000000,6272.000000000000000,20175,SEWARD
1177906,1379593,2017500000130005001,68813.041203183383914,,,,,,,,,,,1800.000000000000000,,,,,20175,SEWARD
1177907,1379594,2017500005610001005,484874.831916402792558,452700.000000000000000,,900.000000000000000,469800.000000000000000,1800.000000000000000,,1800.000000000000000,460800.000000000000000,4500.000000000000000,900.000000000000000,5400.000000000000000,469800.000000000000000,36900.000000000000000,,,20175,SEWARD
1177908,1379595,2017500035510001006,354729.379379394173156,,350100.000000000000000,,345600.000000000000000,,340200.000000000000000,,341100.000000000000000,,342900.000000000000000,328500.000000000000000,55800.000000000000000,,,,20175,SEWARD
1177909,1379596,2017500033230001002,320193.126968296011910,,,,,,,900.000000000000000,,,,2700.000000000000000,,,,,20175,SEWARD
1177910,1379597,2017500000870007001,38497.247263560610008,2700.000000000000000,2700.000000000000000,2700.000000000000000,2700.000000000000000,3600.000000000000000,2700.000000000000000,900.000000000000000,900.000000000000000,,2700.000000000000000,4500.000000000000000,900.000000000000000,5400.000000000000000,6272.000000000000000,,20175,SEWARD
1177911,1379598,2017500002460001007,45266.658594581247598,10800.000000000000000,15300.000000000000000,37800.000000000000000,9000.000000000000000,9000.000000000000000,33300.000000000000000,3600.000000000000000,10800.000000000000000,6300.000000000000000,7200.000000000000000,,,6300.000000000000000,,,20175,SEWARD
1177912,1379600,2017500039440002001,378462.850554069562349,900.000000000000000,900.000000000000000,,,,,,,,,,,,,,20175,SEWARD
1177913,1379601,2017500009240001009,499955.502737539529335,8100.000000000000000,1800.000000000000000,1800.000000000000000,18000.000000000000000,450900.000000000000000,201600.000000000000000,82800.000000000000000,36900.000000000000000,49500.000000000000000,423000.000000000000000,,,1800.000000000000000,344960.000000000000000,,20175,SEWARD
1177914,1379602,2017500008810001001,335039.104331330745481,64800.000000000000000,292500.000000000000000,35100.000000000000000,111600.000000000000000,,5400.000000000000000,,,34200.000000000000000,,,,137700.000000000000000,,,20175,SEWARD
1177915,1379603,2017500009220001014,31466.893188929429016,,,,29700.000000000000000,6300.000000000000000,,,,,,900.000000000000000,,5400.000000000000000,,3136.000000000000000,20175,SEWARD
1177916,1379604,2017500002480001002,1263141.188163799699396,441900.000000000000000,10800.000000000000000,26100.000000000000000,10800.000000000000000,111600.000000000000000,1800.000000000000000,,4500.000000000000000,3600.000000000000000,2700.000000000000000,9000.000000000000000,9000.000000000000000,,,489216.000000000000000,20175,SEWARD
1177917,1379605,2017500003970015001,37631.966831086538150,3600.000000000000000,5400.000000000000000,900.000000000000000,1800.000000000000000,,7200.000000000000000,,2700.000000000000000,,3600.000000000000000,3600.000000000000000,,2700.000000000000000,,9408.000000000000000,20175,SEWARD
1177918,1379606,2017500004000004001,27246.610489292630518,900.000000000000000,3600.000000000000000,,,,,,1800.000000000000000,,4500.000000000000000,2700.000000000000000,13500.000000000000000,7200.000000000000000,9408.000000000000000,,20175,SEWARD
1177919,1379607,2017500009220001015,37073.833572574432765,,,,29700.000000000000000,2700.000000000000000,,,,17100.000000000000000,,900.000000000000000,3600.000000000000000,1800.000000000000000,,,20175,SEWARD
1177920,1379608,2017500040440002001,161502.907656818628311,,101700.000000000000000,6300.000000000000000,,900.000000000000000,,,,,,,,,,,20175,SEWARD
1177921,1379609,2017500042360002001,115452.610656809119973,900.000000000000000,,5400.000000000000000,4500.000000000000000,,,,,,,,,,3136.000000000000000,,20175,SEWARD
1177922,1379610,2017500007620001002,487068.052038182911929,476100.000000000000000,475200.000000000000000,468000.000000000000000,5400.000000000000000,477900.000000000000000,477900.000000000000000,223200.000000000000000,474300.000000000000000,477900.000000000000000,477000.000000000000000,460800.000000000000000,471600.000000000000000,467100.000000000000000,454720.000000000000000,417088.000000000000000,20175,SEWARD
1177923,1379611,2017500039030001001,131598.094530311645940,2700.000000000000000,8100.000000000000000,,3600.000000000000000,11700.000000000000000,,2700.000000000000000,6300.000000000000000,3600.000000000000000,6300.000000000000000,12600.000000000000000,,8100.000000000000000,,31360.000000000000000,20175,SEWARD
1177924,1379612,2017500000220001003,43509.853232688765274,39600.000000000000000,,1800.000000000000000,,,,,,,,900.000000000000000,,,,,20175,SEWARD
1177925,1379613,2017500009050001011,62729.846243585438060,900.000000000000000,3600.000000000000000,900.000000000000000,1800.000000000000000,1800.000000000000000,1800.000000000000000,,1800.000000000000000,,3600.000000000000000,3600.000000000000000,2700.000000000000000,2700.000000000000000,15680.000000000000000,6272.000000000000000,20175,SEWARD
1177926,1379614,2017500003690001003,1894777.556505868909881,14400.000000000000000,51300.000000000000000,,,7200.000000000000000,,,900.000000000000000,4500.000000000000000,900.000000000000000,,,900.000000000000000,,,20175,SEWARD
1177927,1379615,2017500000560002001,310045.166646886966191,,,,,,,,,,,,,,,,20175,SEWARD
1177928,1379616,2017500009220001016,498961.364701481768861,3600.000000000000000,167400.000000000000000,,496800.000000000000000,4500.000000000000000,1800.000000000000000,1800.000000000000000,482400.000000000000000,81900.000000000000000,900.000000000000000,477900.000000000000000,14400.000000000000000,474300.000000000000000,445312.000000000000000,457856.000000000000000,20175,SEWARD
1177929,1379617,2017500005520001002,317826.130830170470290,,,,,,5400.000000000000000,4500.000000000000000,16200.000000000000000,,,,,,,,20175,SEWARD
1177930,1379618,2017500000810001004,509805.820207144832239,,497700.000000000000000,456300.000000000000000,1800.000000000000000,165600.000000000000000,453600.000000000000000,434700.000000000000000,361800.000000000000000,,464400.000000000000000,484200.000000000000000,18000.000000000000000,900.000000000000000,,,20175,SEWARD
1177931,1379619,2017500004180002008,25341.702951710063644,,,,,,,,,3600.000000000000000,,,,2700.000000000000000,,,20175,SEWARD
1177932,1379620,2017500034100001017,486595.356800563167781,463500.000000000000000,6300.000000000000000,,470700.000000000000000,457200.000000000000000,1800.000000000000000,,,451800.000000000000000,393300.000000000000000,2700.000000000000000,1800.000000000000000,450900.000000000000000,423360.000000000000000,3136.000000000000000,20175,SEWARD
1177933,1379621,2017500002650001001,620453.644400843768381,,1800.000000000000000,,,900.000000000000000,900.000000000000000,,,,3600.000000000000000,,900.000000000000000,,3136.000000000000000,,20175,SEWARD
1177934,1379622,2017500002940001005,236790.176944833685411,235800.000000000000000,235800.000000000000000,230400.000000000000000,900.000000000000000,231300.000000000000000,225900.000000000000000,226800.000000000000000,227700.000000000000000,225000.000000000000000,229500.000000000000000,225000.000000000000000,229500.000000000000000,201600.000000000000000,222656.000000000000000,213248.000000000000000,20175,SEWARD
1177935,1379623,2017500003380001002,226185.102297539764550,,900.000000000000000,900.000000000000000,900.000000000000000,,202500.000000000000000,,,,2700.000000000000000,189900.000000000000000,,,,,20175,SEWARD
1177936,1379624,2017500040490001008,32628.128347039950313,,,,,,,,,,,,1800.000000000000000,,,,20175,SEWARD
1177937,1379625,2017500007590001002,139594.265326665859902,10800.000000000000000,18900.000000000000000,3600.000000000000000,25200.000000000000000,16200.000000000000000,29700.000000000000000,16200.000000000000000,17100.000000000000000,17100.000000000000000,27000.000000000000000,28800.000000000000000,42300.000000000000000,25200.000000000000000,6272.000000000000000,9408.000000000000000,20175,SEWARD
1177938,1379626,2017500009830001001,275264.768311843159609,12600.000000000000000,4500.000000000000000,,81900.000000000000000,,,,14400.000000000000000,85500.000000000000000,4500.000000000000000,,,24300.000000000000000,,,20175,SEWARD
1177939,1379627,2017500003780001009,32883.432351386225491,,8100.000000000000000,,900.000000000000000,2700.000000000000000,1800.000000000000000,,,2700.000000000000000,,3600.000000000000000,2700.000000000000000,,,12544.000000000000000,20175,SEWARD
1177940,1379628,2017500007250001002,321263.991301058675162,262800.000000000000000,172800.000000000000000,,1800.000000000000000,258300.000000000000000,36000.000000000000000,252900.000000000000000,7200.000000000000000,263700.000000000000000,270900.000000000000000,269100.000000000000000,256500.000000000000000,262800.000000000000000,241472.000000000000000,,20175,SEWARD
1177941,1379629,2017500010250001009,72275.758909356736694,,1800.000000000000000,,6300.000000000000000,11700.000000000000000,,,,,,,,,,,20175,SEWARD
1177942,1379630,2017500036000001003,325295.926422544871457,1800.000000000000000,3600.000000000000000,900.000000000000000,,,1800.000000000000000,,,,,,,8100.000000000000000,,,20175,SEWARD
1177943,1379631,2017500001150009001,12988.615151676995083,,,,900.000000000000000,,,,,900.000000000000000,,,900.000000000000000,900.000000000000000,,,20175,SEWARD
1177944,1379632,2017500042430001007,38179.653076024718757,900.000000000000000,1800.000000000000000,,,,,,,900.000000000000000,,,,900.000000000000000,,,20175,SEWARD
1177945,1379633,2017500002410001003,172720.915568842552602,148500.000000000000000,,,4500.000000000000000,,,,,,,,,,,,20175,SEWARD
1177946,1379634,2017500001660001001,591814.234663937124424,6300.000000000000000,,,,,,,,,900.000000000000000,,,,,,20175,SEWARD
1177947,1379635,2017500006860001002,959185.931637956644408,,11700.000000000000000,,1800.000000000000000,900.000000000000000,,,,1800.000000000000000,,,,1800.000000000000000,,,20175,SEWARD
1177948,1379636,2017500039570012001,496378.843570503988303,491400.000000000000000,9000.000000000000000,490500.000000000000000,4500.000000000000000,489600.000000000000000,12600.000000000000000,487800.000000000000000,32400.000000000000000,485100.000000000000000,45000.000000000000000,491400.000000000000000,491400.000000000000000,486900.000000000000000,460992.000000000000000,467264.000000000000000,20175,SEWARD
1177949,1379637,2017500004680001001,389624.831909659260418,1800.000000000000000,1800.000000000000000,,,2700.000000000000000,,,900.000000000000000,,,,,,,,20175,SEWARD
1177950,1379638,2017500000850001002,323476.102248899231199,260100.000000000000000,900.000000000000000,1800.000000000000000,294300.000000000000000,,900.000000000000000,9900.000000000000000,,7200.000000000000000,,,12600.000000000000000,47700.000000000000000,,56448.000000000000000,20175,SEWARD
1177951,1379639,2017500033610001006,138167.496428652550094,135900.000000000000000,135900.000000000000000,6300.000000000000000,134100.000000000000000,128700.000000000000000,131400.000000000000000,122400.000000000000000,128700.000000000000000,96300.000000000000000,127800.000000000000000,18000.000000000000000,123300.000000000000000,9000.000000000000000,119168.000000000000000,116032.000000000000000,20175,SEWARD
1177952,1379640,2017500039630001001,33900.082306699870969,900.000000000000000,4500.000000000000000,4500.000000000000000,2700.000000000000000,6300.000000000000000,3600.000000000000000,900.000000000000000,,,,7200.000000000000000,,,,,20175,SEWARD
1177953,1379641,2017500004330021001,30330.962644411152723,900.000000000000000,,,900.000000000000000,1800.000000000000000,,900.000000000000000,,,,,,,,,20175,SEWARD
1177954,1379642,2017500039820010001,35063.876880028219603,2700.000000000000000,1800.000000000000000,3600.000000000000000,3600.000000000000000,2700.000000000000000,,2700.000000000000000,1800.000000000000000,5400.000000000000000,1800.000000000000000,4500.000000000000000,,4500.000000000000000,9408.000000000000000,,20175,SEWARD
1177955,1379643,2017500006900001001,627021.689986955956556,3600.000000000000000,,,1800.000000000000000,,,,,,,900.000000000000000,,900.000000000000000,,,20175,SEWARD
1177956,1379644,2017500000220006006,35994.144862131703121,,,,,3600.000000000000000,,,,2700.000000000000000,,,4500.000000000000000,2700.000000000000000,,,20175,SEWARD
1177957,1379645,2017500003970013001,64219.358632679410221,7200.000000000000000,8100.000000000000000,900.000000000000000,3600.000000000000000,2700.000000000000000,3600.000000000000000,,2700.000000000000000,,,3600.000000000000000,10800.000000000000000,,,6272.000000000000000,20175,SEWARD
1177958,1379646,2017500041570002001,34506.307102248923911,900.000000000000000,900.000000000000000,1800.000000000000000,1800.000000000000000,2700.000000000000000,2700.000000000000000,1800.000000000000000,,,2700.000000000000000,1800.000000000000000,,,,,20175,SEWARD
1177959,1379647,2017500000140001003,248123.211523419362493,6300.000000000000000,9900.000000000000000,19800.000000000000000,,16200.000000000000000,,,1800.000000000000000,,,6300.000000000000000,,,,,20175,SEWARD
1177960,1379648,2017500009170001001,642948.163393527502194,,,,,,,,,,,11700.000000000000000,,,,,20175,SEWARD
1177961,1379649,2017500002580001005,30180.257814197128027,3600.000000000000000,,,,900.000000000000000,,,,9000.000000000000000,,,,900.000000000000000,,,20175,SEWARD
1177962,1379650,2017500006860001003,238739.463182928448077,,8100.000000000000000,,,,,,,,,,,,,,20175,SEWARD
1177964,1379652,2017500009220007006,30851.473454154322098,,,,28800.000000000000000,,,,,,,,,,,,20175,SEWARD
1177965,1379653,2017500037520005001,32445.667706612715847,29700.000000000000000,1800.000000000000000,3600.000000000000000,12600.000000000000000,1800.000000000000000,7200.000000000000000,3600.000000000000000,900.000000000000000,4500.000000000000000,4500.000000000000000,11700.000000000000000,6300.000000000000000,9900.000000000000000,3136.000000000000000,15680.000000000000000,20175,SEWARD
1177966,1379654,2017500007040010004,30945.740725822786771,4500.000000000000000,900.000000000000000,4500.000000000000000,7200.000000000000000,2700.000000000000000,900.000000000000000,,,6300.000000000000000,,2700.000000000000000,4500.000000000000000,6300.000000000000000,6272.000000000000000,,20175,SEWARD
1177967,1379655,2017500002680001007,136445.647299613367068,7200.000000000000000,2700.000000000000000,4500.000000000000000,103500.000000000000000,1800.000000000000000,,,,10800.000000000000000,,10800.000000000000000,,8100.000000000000000,,21952.000000000000000,20175,SEWARD
1177968,1379656,2017500034360001001,157964.073712197394343,,,,,,900.000000000000000,,,,,,,,,,20175,SEWARD
1177969,1379657,2017500039670001001,400518.479973190405872,381600.000000000000000,375300.000000000000000,121500.000000000000000,4500.000000000000000,363600.000000000000000,4500.000000000000000,1800.000000000000000,3600.000000000000000,6300.000000000000000,1800.000000000000000,8100.000000000000000,7200.000000000000000,5400.000000000000000,,15680.000000000000000,20175,SEWARD
1177970,1379658,2017500035390001001,509446.584618869121186,4500.000000000000000,2700.000000000000000,,6300.000000000000000,900.000000000000000,,10800.000000000000000,30600.000000000000000,16200.000000000000000,504000.000000000000000,498600.000000000000000,502200.000000000000000,503100.000000000000000,479808.000000000000000,467264.000000000000000,20175,SEWARD
1177971,1379659,2017500003780001011,34879.405326599451655,,7200.000000000000000,900.000000000000000,900.000000000000000,,,9900.000000000000000,,,,900.000000000000000,,1800.000000000000000,,3136.000000000000000,20175,SEWARD
1177972,1379660,2017500003240005019,26203.538720437682059,,,,2700.000000000000000,,,,,,,,,8100.000000000000000,,6272.000000000000000,20175,SEWARD
1177973,1379661,2017500007670002001,509657.073595552472398,900.000000000000000,,,,,,,,,1800.000000000000000,3600.000000000000000,,,,3136.000000000000000,20175,SEWARD
1177974,1379662,2017500041270006001,4986.691051428366336,,900.000000000000000,,,1800.000000000000000,,,,,,,,,,3136.000000000000000,20175,SEWARD
1177975,1379663,2017500038860003001,513290.628382110211533,508500.000000000000000,507600.000000000000000,6300.000000000000000,504000.000000000000000,504000.000000000000000,,495000.000000000000000,502200.000000000000000,137700.000000000000000,503100.000000000000000,502200.000000000000000,423900.000000000000000,,,,20175,SEWARD
1177976,1379664,2017500008670002001,40587.300218180265801,,,,,,,,,,,,,,,3136.000000000000000,20175,SEWARD
1177977,1379666,2017500003250010001,34368.728569376209634,1800.000000000000000,,,,2700.000000000000000,1800.000000000000000,1800.000000000000000,,,,,6300.000000000000000,,,12544.000000000000000,20175,SEWARD
1177978,1379667,2017500034950001001,476514.164957108383533,,900.000000000000000,,,,1800.000000000000000,,,,2700.000000000000000,,6300.000000000000000,3600.000000000000000,6272.000000000000000,21952.000000000000000,20175,SEWARD
1177979,1379668,2017500000100006001,499574.382663112541195,5400.000000000000000,,485100.000000000000000,,488700.000000000000000,,900.000000000000000,3600.000000000000000,10800.000000000000000,489600.000000000000000,482400.000000000000000,,477900.000000000000000,,,20175,SEWARD
1177980,1379669,2017500009580001001,630309.015366869629361,8100.000000000000000,9900.000000000000000,1800.000000000000000,17100.000000000000000,15300.000000000000000,4500.000000000000000,,5400.000000000000000,8100.000000000000000,8100.000000000000000,15300.000000000000000,539100.000000000000000,524700.000000000000000,,,20175,SEWARD
1177981,1379670,2017500039890006001,10573.525824486359852,2700.000000000000000,2700.000000000000000,900.000000000000000,1800.000000000000000,1800.000000000000000,,900.000000000000000,900.000000000000000,1800.000000000000000,,900.000000000000000,1800.000000000000000,1800.000000000000000,3136.000000000000000,,20175,SEWARD
1177982,1379671,2017500035720001001,291091.154525686870329,,,,,,,,,,,,,,,,20175,SEWARD
1177983,1379672,2017500034750001002,109250.344784190558130,106200.000000000000000,105300.000000000000000,2700.000000000000000,106200.000000000000000,106200.000000000000000,1800.000000000000000,,,13500.000000000000000,2700.000000000000000,99000.000000000000000,3600.000000000000000,,100352.000000000000000,,20175,SEWARD
1177984,1379673,2017500003240005020,35737.214958245458547,900.000000000000000,,,,,,,,3600.000000000000000,,,,,,,20175,SEWARD
1177985,1379675,2017500002280001007,4624.168568754361331,2700.000000000000000,,,900.000000000000000,,,,,,,,,,,,20175,SEWARD
1177986,1379676,2017500035960001003,504438.491474886599462,495000.000000000000000,501300.000000000000000,1800.000000000000000,2700.000000000000000,,,467100.000000000000000,487800.000000000000000,,,486000.000000000000000,,40500.000000000000000,442176.000000000000000,150528.000000000000000,20175,SEWARD
1177987,1379677,2017500008980001006,28442.176007448128075,3600.000000000000000,,900.000000000000000,,1800.000000000000000,900.000000000000000,,900.000000000000000,4500.000000000000000,1800.000000000000000,,,1800.000000000000000,,,20175,SEWARD
1177988,1379678,2017500039340001001,592397.517905019922182,,,,,,,,,,,4500.000000000000000,,2700.000000000000000,,,20175,SEWARD
1177989,1379679,2017500000100009001,38277.748900699851220,900.000000000000000,,2700.000000000000000,,1800.000000000000000,,,,900.000000000000000,2700.000000000000000,1800.000000000000000,,3600.000000000000000,,,20175,SEWARD
1177990,1379680,2017500043070001001,87936.702969472346012,,,,,,,,,,,,,,,,20175,SEWARD
1177991,1379681,2017500006640002003,493735.472521235642489,33300.000000000000000,44100.000000000000000,,107100.000000000000000,9900.000000000000000,20700.000000000000000,89100.000000000000000,102600.000000000000000,2700.000000000000000,,900.000000000000000,,,,,20175,SEWARD
1177992,1379682,2017500040450001004,14740.391848722163559,,,,900.000000000000000,900.000000000000000,,,,,900.000000000000000,,,,,3136.000000000000000,20175,SEWARD
1177993,1379683,2017500002370003001,32468.339790330053802,,,,,,,,,,,,,,12544.000000000000000,,20175,SEWARD
1177994,1379684,2017500009010004001,226538.682609692827100,2700.000000000000000,6300.000000000000000,,,,,,,,,,9900.000000000000000,,,,20175,SEWARD
1177995,1379685,2017500000200001009,108163.502731916771154,96300.000000000000000,12600.000000000000000,9000.000000000000000,9900.000000000000000,25200.000000000000000,18900.000000000000000,8100.000000000000000,17100.000000000000000,59400.000000000000000,18000.000000000000000,12600.000000000000000,27900.000000000000000,14400.000000000000000,18816.000000000000000,47040.000000000000000,20175,SEWARD
1177996,1379686,2017500005100001002,501059.391530967550352,490500.000000000000000,486000.000000000000000,471600.000000000000000,489600.000000000000000,487800.000000000000000,489600.000000000000000,488700.000000000000000,486000.000000000000000,491400.000000000000000,492300.000000000000000,481500.000000000000000,498600.000000000000000,487800.000000000000000,473536.000000000000000,420224.000000000000000,20175,SEWARD
1177997,1379687,2017500033170001005,486307.605146870191675,,477000.000000000000000,,478800.000000000000000,1800.000000000000000,458100.000000000000000,,467100.000000000000000,3600.000000000000000,,448200.000000000000000,1800.000000000000000,474300.000000000000000,18816.000000000000000,15680.000000000000000,20175,SEWARD
1177998,1379688,2017500001950001002,498296.805563927278854,94500.000000000000000,222300.000000000000000,414900.000000000000000,427500.000000000000000,450900.000000000000000,380700.000000000000000,390600.000000000000000,24300.000000000000000,477000.000000000000000,,468900.000000000000000,362700.000000000000000,469800.000000000000000,,,20175,SEWARD
1177999,1379689,2017500035950006001,28044.451388374600356,8100.000000000000000,,,900.000000000000000,2700.000000000000000,,,,6300.000000000000000,900.000000000000000,,8100.000000000000000,900.000000000000000,,,20175,SEWARD
1178000,1379690,2017500041230001003,359752.942189234250691,,,1800.000000000000000,,9000.000000000000000,50400.000000000000000,,,900.000000000000000,,,,1800.000000000000000,,3136.000000000000000,20175,SEWARD
1178001,1379691,2017500033710001002,317545.203337738581467,3600.000000000000000,48600.000000000000000,197100.000000000000000,,900.000000000000000,127800.000000000000000,,2700.000000000000000,38700.000000000000000,,12600.000000000000000,306000.000000000000000,5400.000000000000000,,,20175,SEWARD
1178002,1379692,2017500004110001002,492618.735885630536359,11700.000000000000000,481500.000000000000000,,1800.000000000000000,900.000000000000000,485100.000000000000000,900.000000000000000,485100.000000000000000,,140400.000000000000000,136800.000000000000000,486000.000000000000000,900.000000000000000,448448.000000000000000,,20175,SEWARD
1178003,1379693,2017500040630003001,326494.499500242236536,285300.000000000000000,13500.000000000000000,900.000000000000000,300600.000000000000000,,,,,,,,2700.000000000000000,,3136.000000000000000,3136.000000000000000,20175,SEWARD
1178004,1379694,2017500003370001001,490342.086824538477231,457200.000000000000000,455400.000000000000000,84600.000000000000000,454500.000000000000000,900.000000000000000,4500.000000000000000,,,53100.000000000000000,,2700.000000000000000,1800.000000000000000,2700.000000000000000,,,20175,SEWARD
1178005,1379695,2017500041250004001,10539.426131836615241,,,,900.000000000000000,,,,,900.000000000000000,,,,,,,20175,SEWARD
1178006,1379696,2017500039730008001,28409.457377064260072,,,,,,,,2700.000000000000000,,,2700.000000000000000,,,6272.000000000000000,,20175,SEWARD
1194062,1398720,2017500000910004001,187954.412201932747848,900.000000000000000,,,,,,,,,,1800.000000000000000,,,,,20175,SEWARD
1194063,1398722,2017500000910006001,24329.219868254425819,,,,,,,,,,,,,,,,20175,SEWARD
1194064,1398723,2017500000130002001,38188.329175559309078,,,,,,,,,,,,,,,,20175,SEWARD
1194065,1398724,2017500000130004001,12879.434994469438607,,,,,,,,,,,,,,,,20175,SEWARD
1194066,1398726,2017502008110002001,1071827.334499306045473,900.000000000000000,,,,,,,,,,2700.000000000000000,,,,,20175,SEWARD
1194067,1398727,2017502008120001001,152238.997337852226337,900.000000000000000,900.000000000000000,,,,,,,,,,,,,,20175,SEWARD
1194068,1398728,2017520189110005001,207838.609583521785680,14400.000000000000000,20700.000000000000000,4500.000000000000000,8100.000000000000000,3600.000000000000000,7200.000000000000000,2700.000000000000000,1800.000000000000000,,9000.000000000000000,9900.000000000000000,13500.000000000000000,9900.000000000000000,15680.000000000000000,31360.000000000000000,20175,SEWARD
1194069,1398729,2017520189130003001,24997.068730048664293,,,,,900.000000000000000,,,,,,1800.000000000000000,1800.000000000000000,,6272.000000000000000,3136.000000000000000,20175,SEWARD
1194070,1398731,2017520189160002001,517302.943410250416491,,,900.000000000000000,900.000000000000000,,,,,,,900.000000000000000,,900.000000000000000,,,20175,SEWARD
1194071,1398732,2017520189170002001,9522.395669453375376,1800.000000000000000,900.000000000000000,900.000000000000000,,,,1800.000000000000000,900.000000000000000,,900.000000000000000,1800.000000000000000,,,,,20175,SEWARD
1194072,1398734,2017520189190003001,37416.814047436404508,2700.000000000000000,900.000000000000000,900.000000000000000,,1800.000000000000000,,,,,2700.000000000000000,1800.000000000000000,,3600.000000000000000,3136.000000000000000,6272.000000000000000,20175,SEWARD
1194073,1398735,2017520189200001001,448223.648298135958612,,,,,,,,,,,3600.000000000000000,1800.000000000000000,,,,20175,SEWARD
1194074,1398736,2017520189210002001,22664.935089185597462,,,,,,,,,,,,,,,,20175,SEWARD
1194075,1398737,2017500000220004001,18314.865091297684558,900.000000000000000,,900.000000000000000,,,,,,,,,,,,,20175,SEWARD
1194076,1398738,2017500033750007001,20738.151383126194560,,,,,,,,,,,,,,,3136.000000000000000,20175,SEWARD
1194077,1398739,2017500007480002001,17412.545665955196455,11700.000000000000000,7200.000000000000000,900.000000000000000,12600.000000000000000,4500.000000000000000,4500.000000000000000,8100.000000000000000,10800.000000000000000,12600.000000000000000,12600.000000000000000,15300.000000000000000,9000.000000000000000,15300.000000000000000,6272.000000000000000,3136.000000000000000,20175,SEWARD
1194078,1398740,2017500034750002001,15715.329805194522123,1800.000000000000000,2700.000000000000000,,2700.000000000000000,2700.000000000000000,,,,,,2700.000000000000000,,,,,20175,SEWARD
1194079,1398743,2017500003330003001,5217.430944601288502,900.000000000000000,900.000000000000000,,1800.000000000000000,,,,,,3600.000000000000000,1800.000000000000000,,,,,20175,SEWARD
1194080,1398745,2017500003320007001,10467.585063780474229,4500.000000000000000,900.000000000000000,900.000000000000000,4500.000000000000000,,,,,900.000000000000000,,,,,,,20175,SEWARD
1194081,1398746,2017520081140002001,6912.262800863551092,3600.000000000000000,,,,,,,,1800.000000000000000,,,,1800.000000000000000,,,20175,SEWARD
1194082,1398747,2017500002910002001,95985.731205947042326,9000.000000000000000,7200.000000000000000,1800.000000000000000,6300.000000000000000,,6300.000000000000000,900.000000000000000,4500.000000000000000,1800.000000000000000,3600.000000000000000,900.000000000000000,14400.000000000000000,6300.000000000000000,3136.000000000000000,,20175,SEWARD
1194083,1398749,2017520081150002001,11656.014498399394142,9900.000000000000000,9000.000000000000000,2700.000000000000000,8100.000000000000000,,3600.000000000000000,,1800.000000000000000,4500.000000000000000,1800.000000000000000,3600.000000000000000,,5400.000000000000000,15680.000000000000000,,20175,SEWARD
1194084,1398750,2017500003430005001,9550.845522235509634,2700.000000000000000,2700.000000000000000,900.000000000000000,2700.000000000000000,,,,,,,900.000000000000000,2700.000000000000000,,,,20175,SEWARD
1194085,1398752,2017500003460003001,4552.901985880667780,1800.000000000000000,,,2700.000000000000000,,,,,,,900.000000000000000,,,,,20175,SEWARD
1194086,1398753,2017500011710001001,653794.327337446506135,900.000000000000000,,,900.000000000000000,,,,,,,,,,,,20175,SEWARD
1194087,1398755,2017500002040003001,4100.465149605372062,,,,,,,,,,,,,,,,20175,SEWARD
1194088,1398756,2017500003140002001,4745.387547707495287,,,,,,,,,,,,,,,,20175,SEWARD
1194089,1398757,2017500004190002001,8436.985391831354718,4500.000000000000000,3600.000000000000000,5400.000000000000000,7200.000000000000000,900.000000000000000,6300.000000000000000,,7200.000000000000000,7200.000000000000000,7200.000000000000000,7200.000000000000000,7200.000000000000000,7200.000000000000000,6272.000000000000000,6272.000000000000000,20175,SEWARD
1194090,1398758,2017500003690002001,47482.120043827198970,,900.000000000000000,,,,,,,,,900.000000000000000,,,,,20175,SEWARD
1194091,1398759,2017500003690003001,14996.726246244965296,,900.000000000000000,,,,,,,900.000000000000000,,1800.000000000000000,,,,,20175,SEWARD
1194092,1398761,2017500040710007001,6681.983783010185107,6300.000000000000000,2700.000000000000000,7200.000000000000000,7200.000000000000000,7200.000000000000000,7200.000000000000000,3600.000000000000000,6300.000000000000000,6300.000000000000000,7200.000000000000000,4500.000000000000000,2700.000000000000000,2700.000000000000000,,,20175,SEWARD
1194093,1398764,2017520081170001001,637955.375767569057643,539100.000000000000000,147600.000000000000000,506700.000000000000000,630900.000000000000000,495000.000000000000000,491400.000000000000000,480600.000000000000000,489600.000000000000000,484200.000000000000000,518400.000000000000000,315900.000000000000000,342000.000000000000000,337500.000000000000000,592704.000000000000000,413952.000000000000000,20175,SEWARD
1194094,1398765,2017520081180003001,11473.909026910838293,11700.000000000000000,5400.000000000000000,8100.000000000000000,9000.000000000000000,9000.000000000000000,9000.000000000000000,7200.000000000000000,8100.000000000000000,9000.000000000000000,8100.000000000000000,2700.000000000000000,9900.000000000000000,3600.000000000000000,3136.000000000000000,,20175,SEWARD
1194095,1398767,2017500003060004001,4235.527968231147497,,,,,,,,,,,,,,,,20175,SEWARD
1194096,1398768,2017500003060003001,5420.868831357840463,,,,,,,,,,,,,,,,20175,SEWARD
1194097,1398770,2017500004250013001,5719.970996084177386,,,,,,,,,,,,,,,,20175,SEWARD
1194098,1398771,2017500004250014001,4566.247241882614617,,,,,,,,,,,,,,,,20175,SEWARD
1194099,1398772,2017500004250015001,14891.653895999661472,,,,,,,,,,,,,,,,20175,SEWARD
1194100,1398773,2017520081200001001,1274841.389979805331677,1225800.000000000000000,,900.000000000000000,229500.000000000000000,1800.000000000000000,,,,,,,1800.000000000000000,,,3136.000000000000000,20175,SEWARD
1194101,1398776,2017500038890005001,4585.939692444293541,,,,,,,,,,,,,,,,20175,SEWARD
1194102,1398777,2017500004340002001,6100.063169649437441,8100.000000000000000,3600.000000000000000,3600.000000000000000,1800.000000000000000,4500.000000000000000,,3600.000000000000000,900.000000000000000,3600.000000000000000,8100.000000000000000,6300.000000000000000,2700.000000000000000,8100.000000000000000,6272.000000000000000,6272.000000000000000,20175,SEWARD
1194103,1398778,2017500004340003001,11896.508763472997089,5400.000000000000000,2700.000000000000000,1800.000000000000000,5400.000000000000000,,1800.000000000000000,,900.000000000000000,,,,2700.000000000000000,,,,20175,SEWARD
1194104,1398779,2017500004340004001,42076.765151296865952,5400.000000000000000,,900.000000000000000,900.000000000000000,900.000000000000000,2700.000000000000000,,,2700.000000000000000,900.000000000000000,,4500.000000000000000,900.000000000000000,,,20175,SEWARD
1194105,1398780,2017500002680003001,12679.829230524386730,1800.000000000000000,1800.000000000000000,900.000000000000000,,,,,,1800.000000000000000,,900.000000000000000,900.000000000000000,1800.000000000000000,,3136.000000000000000,20175,SEWARD
1194106,1398782,2017520119160002001,919340.241903868503869,167400.000000000000000,318600.000000000000000,610200.000000000000000,234000.000000000000000,743400.000000000000000,510300.000000000000000,620100.000000000000000,492300.000000000000000,712800.000000000000000,758700.000000000000000,735300.000000000000000,728100.000000000000000,762300.000000000000000,664832.000000000000000,482944.000000000000000,20175,SEWARD
1194107,1398783,2017520119170005001,4633.077231962980477,,3600.000000000000000,,3600.000000000000000,3600.000000000000000,,3600.000000000000000,,3600.000000000000000,3600.000000000000000,3600.000000000000000,3600.000000000000000,3600.000000000000000,6272.000000000000000,6272.000000000000000,20175,SEWARD
1194108,1398784,2017520119180004001,328663.718199022579938,,284400.000000000000000,27900.000000000000000,261000.000000000000000,268200.000000000000000,13500.000000000000000,252900.000000000000000,4500.000000000000000,249300.000000000000000,261000.000000000000000,259200.000000000000000,258300.000000000000000,280800.000000000000000,235200.000000000000000,250880.000000000000000,20175,SEWARD
1194109,1398785,2017500041010002001,4129.663154402334840,,900.000000000000000,,,,,,,,,,,,,,20175,SEWARD
1194110,1398786,2017500041000002001,4436.826775392246418,,,,,,,,,,,,,,,,20175,SEWARD
1194111,1398787,2017500038650004001,57725.348036240102374,1800.000000000000000,5400.000000000000000,,19800.000000000000000,,6300.000000000000000,,6300.000000000000000,1800.000000000000000,6300.000000000000000,2700.000000000000000,4500.000000000000000,10800.000000000000000,3136.000000000000000,9408.000000000000000,20175,SEWARD
1194112,1398789,2017500038650005001,7772.771263713941153,900.000000000000000,,,4500.000000000000000,,,,,,,,1800.000000000000000,900.000000000000000,,,20175,SEWARD
1194113,1398790,2017520119190001001,629777.073820983758196,232200.000000000000000,10800.000000000000000,371700.000000000000000,,900.000000000000000,,1800.000000000000000,900.000000000000000,,,,1800.000000000000000,,,,20175,SEWARD
1194114,1398792,2017500003720004001,5845.017637267735154,4500.000000000000000,5400.000000000000000,4500.000000000000000,5400.000000000000000,2700.000000000000000,5400.000000000000000,900.000000000000000,5400.000000000000000,4500.000000000000000,2700.000000000000000,5400.000000000000000,5400.000000000000000,3600.000000000000000,6272.000000000000000,6272.000000000000000,20175,SEWARD
1194115,1398793,2017500001410018001,5274.782565149116635,,,,,,,,,900.000000000000000,,,,,,,20175,SEWARD
1194116,1398794,2017500001410019001,80394.388377303737798,6300.000000000000000,2700.000000000000000,,1800.000000000000000,6300.000000000000000,3600.000000000000000,4500.000000000000000,,900.000000000000000,9000.000000000000000,7200.000000000000000,2700.000000000000000,,,3136.000000000000000,20175,SEWARD
1194117,1398795,2017500001400002001,232587.485431078850525,2700.000000000000000,,900.000000000000000,,900.000000000000000,,900.000000000000000,900.000000000000000,3600.000000000000000,900.000000000000000,,,,,,20175,SEWARD
1194118,1398796,2017500001400001001,255593.180672772694379,26100.000000000000000,,,,20700.000000000000000,,900.000000000000000,4500.000000000000000,5400.000000000000000,13500.000000000000000,18000.000000000000000,5400.000000000000000,18900.000000000000000,,,20175,SEWARD
1194119,1398797,2017500011610002001,18504.271052857948234,900.000000000000000,,,,,,,,,,,,,,,20175,SEWARD
1194120,1398798,2017500036910001001,468390.397473783988971,,,,,,,,,,,,,,,,20175,SEWARD
1194121,1398799,2017500011760001001,993481.154504602542147,7200.000000000000000,8100.000000000000000,436500.000000000000000,448200.000000000000000,834300.000000000000000,824400.000000000000000,393300.000000000000000,804600.000000000000000,167400.000000000000000,824400.000000000000000,66600.000000000000000,877500.000000000000000,378900.000000000000000,711872.000000000000000,81536.000000000000000,20175,SEWARD
1194122,1398800,2017500011760002001,1532159.387103222543374,27900.000000000000000,9900.000000000000000,50400.000000000000000,68400.000000000000000,37800.000000000000000,40500.000000000000000,18900.000000000000000,36900.000000000000000,6300.000000000000000,45000.000000000000000,22500.000000000000000,123300.000000000000000,47700.000000000000000,43904.000000000000000,78400.000000000000000,20175,SEWARD
1194123,1398801,2017500011760003001,5662.545739903035610,,,,,,,,,,,,,,,,20175,SEWARD
1194124,1398802,2017500011500001001,2996250.711644673720002,2700.000000000000000,5400.000000000000000,1800.000000000000000,,13500.000000000000000,,,,6300.000000000000000,,900.000000000000000,,900.000000000000000,,3136.000000000000000,20175,SEWARD
1194125,1398803,2017500036900001001,965712.603390293661505,1800.000000000000000,900.000000000000000,,,,,,,,,,4500.000000000000000,,,,20175,SEWARD
1194126,1398804,2017500036870007001,2900002.649244273081422,44100.000000000000000,24300.000000000000000,327600.000000000000000,301500.000000000000000,318600.000000000000000,378000.000000000000000,305100.000000000000000,333900.000000000000000,89100.000000000000000,369000.000000000000000,81900.000000000000000,530100.000000000000000,235800.000000000000000,310464.000000000000000,228928.000000000000000,20175,SEWARD
1194127,1398805,2017500004910006001,32109.632153122947784,,,,,,,,,,900.000000000000000,,,,,,20175,SEWARD
1194128,1398806,2017500036880001001,655877.192455244716257,900.000000000000000,,,,900.000000000000000,900.000000000000000,,900.000000000000000,,1800.000000000000000,2700.000000000000000,6300.000000000000000,1800.000000000000000,,,20175,SEWARD
1194129,1398807,2017500036880002001,9613.750069697536674,,,,,,,,,,,,,,,,20175,SEWARD
1194130,1398808,2017500011810001001,140143.175140491221100,2700.000000000000000,,900.000000000000000,,,,,,2700.000000000000000,,4500.000000000000000,12600.000000000000000,,,6272.000000000000000,20175,SEWARD
1194131,1398809,2017500011810002001,391930.231483338982798,16200.000000000000000,8100.000000000000000,,3600.000000000000000,1800.000000000000000,,2700.000000000000000,,,,,,,,,20175,SEWARD
1194132,1398810,2017500011810003001,51747.801759882277111,900.000000000000000,1800.000000000000000,,900.000000000000000,,,,,,900.000000000000000,,,900.000000000000000,,,20175,SEWARD
1194133,1398811,2017500011740002001,468689.472642851411365,2700.000000000000000,,,,,,,,,,,,,,,20175,SEWARD
1194134,1398812,2017500036880003001,4783.374807619031344,,,,,,,,,,,,,,,,20175,SEWARD
1194135,1398813,2017500013030001001,787396.230911045102403,900.000000000000000,900.000000000000000,,,2700.000000000000000,,900.000000000000000,1800.000000000000000,900.000000000000000,1800.000000000000000,5400.000000000000000,900.000000000000000,3600.000000000000000,9408.000000000000000,6272.000000000000000,20175,SEWARD
1194136,1398814,2017500011480001001,457773.410966502095107,900.000000000000000,900.000000000000000,1800.000000000000000,900.000000000000000,900.000000000000000,,900.000000000000000,,900.000000000000000,900.000000000000000,900.000000000000000,,,,,20175,SEWARD
1194137,1398815,2017500011840002001,33541.101573635474779,,,,,,,,,,,,,,,,20175,SEWARD
1194138,1398816,2017500001810003001,14726.711572250080280,,,,,,,,,,,,,,,,20175,SEWARD
1194139,1398817,2017500011730001001,626955.694181757862680,27900.000000000000000,14400.000000000000000,900.000000000000000,7200.000000000000000,2700.000000000000000,1800.000000000000000,,2700.000000000000000,1800.000000000000000,900.000000000000000,1800.000000000000000,,900.000000000000000,,9408.000000000000000,20175,SEWARD
1194140,1398819,2017500003920003001,4377.067016968519965,,,,,,,,,,,,,,,,20175,SEWARD
1194141,1398821,2017500036740001001,37889.257626918224560,900.000000000000000,2700.000000000000000,2700.000000000000000,,4500.000000000000000,4500.000000000000000,900.000000000000000,2700.000000000000000,4500.000000000000000,,4500.000000000000000,,5400.000000000000000,,,20175,SEWARD
1194142,1398822,2017500011740003001,959894.101874151965603,2700.000000000000000,,,,,,,,,,1800.000000000000000,,,,,20175,SEWARD
1194143,1398823,2017500011740004001,9660.637317256338065,,,,,,,,,,,,,,,,20175,SEWARD
1194144,1398824,2017500034430003001,11700.118672025100750,,,,,,,,,,,,,,,,20175,SEWARD
1194145,1398825,2017500010110004001,13515.039745939919158,2700.000000000000000,,,,,,,,,900.000000000000000,,,,,,20175,SEWARD
1194146,1398826,2017500003980002001,52516.631705730324029,3600.000000000000000,,,,900.000000000000000,900.000000000000000,,1800.000000000000000,,1800.000000000000000,,,,,,20175,SEWARD
1194147,1398829,2017500004260007001,10455.919700585411192,,,,,,,,,,,,,,,,20175,SEWARD
1194148,1398830,2017500004260008001,4975.678031211748930,5400.000000000000000,,2700.000000000000000,,2700.000000000000000,,2700.000000000000000,,5400.000000000000000,900.000000000000000,2700.000000000000000,,4500.000000000000000,,6272.000000000000000,20175,SEWARD
1194149,1398832,2017500002750002001,8870.615950625076948,900.000000000000000,,,,,,,,,,,,,,,20175,SEWARD
1194150,1398834,2017500035070002001,12438.024200960182498,1800.000000000000000,900.000000000000000,,2700.000000000000000,,,,,,,,,,,3136.000000000000000,20175,SEWARD
1194151,1398835,2017500008690009001,4770.668202876277974,3600.000000000000000,1800.000000000000000,,900.000000000000000,1800.000000000000000,900.000000000000000,900.000000000000000,,,,1800.000000000000000,,,15680.000000000000000,15680.000000000000000,20175,SEWARD
1194152,1398836,2017500034450002001,14888.420503676599765,,,,1800.000000000000000,,,,,,,,,,,,20175,SEWARD
1194153,1398837,2017500034410005001,6783.404176607376030,900.000000000000000,1800.000000000000000,1800.000000000000000,1800.000000000000000,,1800.000000000000000,,900.000000000000000,,900.000000000000000,,,,,,20175,SEWARD
1194154,1398838,2017500004900002001,43801.273852521837398,2700.000000000000000,7200.000000000000000,,6300.000000000000000,900.000000000000000,900.000000000000000,,5400.000000000000000,,,9000.000000000000000,,9000.000000000000000,3136.000000000000000,,20175,SEWARD
1194155,1398839,2017500035970003001,31673.524563086113631,6300.000000000000000,7200.000000000000000,,5400.000000000000000,,1800.000000000000000,1800.000000000000000,2700.000000000000000,1800.000000000000000,,,,,,3136.000000000000000,20175,SEWARD
1194156,1398841,2017500010110006001,21059.037573839515971,6300.000000000000000,,,,,,,,,,,,,,,20175,SEWARD
1194157,1398842,2017500008620002001,192198.114858343062224,,,,,,,,,,,,,,,,20175,SEWARD
1194158,1398844,2017500038850001001,186543.464685737330001,,,,,,,,,,,,,,,,20175,SEWARD
1194159,1398845,2017500009620002001,6447.593254903935303,,,,,,,,,,,,,,,,20175,SEWARD
1194160,1398846,2017500003070003001,53286.275705406500492,,8100.000000000000000,,900.000000000000000,7200.000000000000000,2700.000000000000000,1800.000000000000000,,,15300.000000000000000,1800.000000000000000,900.000000000000000,,3136.000000000000000,6272.000000000000000,20175,SEWARD
1194161,1398847,2017500035980002001,16080.621248762226969,1800.000000000000000,900.000000000000000,,,,,,,,,,,,,,20175,SEWARD
1194162,1398851,2017500038840002001,51596.484798271761974,9000.000000000000000,900.000000000000000,1800.000000000000000,11700.000000000000000,4500.000000000000000,,,6300.000000000000000,2700.000000000000000,2700.000000000000000,3600.000000000000000,9000.000000000000000,13500.000000000000000,,,20175,SEWARD
1194163,1398854,2017500038840007001,31293.746885450131231,6300.000000000000000,,,1800.000000000000000,3600.000000000000000,,,6300.000000000000000,,,900.000000000000000,9900.000000000000000,2700.000000000000000,,,20175,SEWARD
1194164,1398856,2017500042820002001,17422.771371012389864,900.000000000000000,900.000000000000000,,900.000000000000000,900.000000000000000,900.000000000000000,,900.000000000000000,900.000000000000000,,900.000000000000000,900.000000000000000,,,,20175,SEWARD
1194165,1398857,2017500004000006001,46594.932154123271175,2700.000000000000000,,,,,900.000000000000000,,,,,4500.000000000000000,2700.000000000000000,,,,20175,SEWARD
1194166,1398858,2017500002240010001,4124.095784677031588,,,,,,,,,,,,,,,,20175,SEWARD
1194167,1398859,2017500039540006001,9021.216921841642034,900.000000000000000,,,,,,,,,1800.000000000000000,,,,,,20175,SEWARD
1194168,1398861,2017500035570002001,6306.640104443683413,3600.000000000000000,2700.000000000000000,,,900.000000000000000,,,3600.000000000000000,1800.000000000000000,8100.000000000000000,900.000000000000000,4500.000000000000000,8100.000000000000000,,,20175,SEWARD
1194169,1398862,2017500004120008001,8256.063186380153638,,,,,,,,,,,,,,,,20175,SEWARD
1194170,1398863,2017500009220004001,12687.925326748218140,2700.000000000000000,,900.000000000000000,3600.000000000000000,,3600.000000000000000,,,,900.000000000000000,,,,,,20175,SEWARD
1194171,1398865,2017500003170012001,7268.638247395471808,,,,,,,,,,,,,,,,20175,SEWARD
1194172,1398868,2017500008050004001,10434.507769495312459,,,,,,,,,,,,,,,,20175,SEWARD
1194173,1398869,2017500008050003001,87625.855986774389748,,,,,,,,,,,,,,,,20175,SEWARD
1194174,1398870,2017500040800002001,8502.259019295410326,,,,,,,,,,,,,,,3136.000000000000000,20175,SEWARD
1194175,1398871,2017500012670001001,47567.920728970573691,,,,,,,,,900.000000000000000,,1800.000000000000000,1800.000000000000000,,,,20175,SEWARD
1194176,1398873,2017500010180003001,51362.447384246457659,1800.000000000000000,,,,,,,,900.000000000000000,,,,,,,20175,SEWARD
1194177,1398874,2017500010180002001,333777.105644061346538,,,,900.000000000000000,,,,,,,,,900.000000000000000,,,20175,SEWARD
1194178,1398876,2017500008090002001,4262.899026380141549,,,,,,,,,,,,,,,,20175,SEWARD
1194179,1398878,2017500033440002001,4406.794550512496244,,,,,,,,,,,,,,,,20175,SEWARD
1194180,1398879,2017500040450003001,25715.321836943450762,,,,,,,,,,,,,,,3136.000000000000000,20175,SEWARD
1194181,1398880,2017500033450004001,4159.892098495547543,,,,,,,,,,,,,,,,20175,SEWARD
1194182,1398882,2017500033450006001,9587.442316042155653,,,900.000000000000000,,900.000000000000000,,,,,,,,,,,20175,SEWARD
1194183,1398883,2017500008530003001,4677.807024365603866,,,,,,,,,,,,,,,,20175,SEWARD
1194184,1398885,2017500035510008001,4261.641270142907160,,2700.000000000000000,,2700.000000000000000,,1800.000000000000000,,1800.000000000000000,,1800.000000000000000,900.000000000000000,900.000000000000000,1800.000000000000000,3136.000000000000000,,20175,SEWARD
1194185,1398886,2017500038420016001,82837.936767418126692,1800.000000000000000,1800.000000000000000,,4500.000000000000000,4500.000000000000000,900.000000000000000,,900.000000000000000,,,19800.000000000000000,,,3136.000000000000000,,20175,SEWARD
1194186,1398887,2017500038420018001,24056.330644979749195,,,,,,,,,1800.000000000000000,,,,,,3136.000000000000000,20175,SEWARD
1194187,1398888,2017500038420017001,34750.712188528603292,,900.000000000000000,900.000000000000000,2700.000000000000000,,1800.000000000000000,,,1800.000000000000000,,,900.000000000000000,900.000000000000000,,,20175,SEWARD
1194188,1398889,2017500001360001001,119591.747091647077468,,,,,,,,,16200.000000000000000,,,900.000000000000000,900.000000000000000,,,20175,SEWARD
1194189,1398890,2017500011510002001,1214259.231709884945303,,900.000000000000000,,,,,,,,,,,,,,20175,SEWARD
1194190,1398891,2017500001540007001,316829.263881854363717,7200.000000000000000,3600.000000000000000,2700.000000000000000,1800.000000000000000,900.000000000000000,,,,1800.000000000000000,900.000000000000000,4500.000000000000000,,900.000000000000000,,3136.000000000000000,20175,SEWARD
1194191,1398893,2017500000450010001,39347.592082977753307,,,,,,,,,,,900.000000000000000,,900.000000000000000,,,20175,SEWARD
1194192,1398894,2017500000450019001,37987.375441802119894,2700.000000000000000,900.000000000000000,900.000000000000000,,,,1800.000000000000000,,,900.000000000000000,,5400.000000000000000,,9408.000000000000000,,20175,SEWARD
1194193,1398896,2017500000570006001,11036.614303320619001,,,,,,,,,,,,,,,,20175,SEWARD
1194194,1398897,2017500036570003001,34905.093716136208968,2700.000000000000000,4500.000000000000000,,900.000000000000000,900.000000000000000,5400.000000000000000,,,,,9900.000000000000000,,1800.000000000000000,,15680.000000000000000,20175,SEWARD
1194195,1398898,2017500036570002001,17544.204703412779054,4500.000000000000000,4500.000000000000000,,900.000000000000000,5400.000000000000000,,,,,,1800.000000000000000,,900.000000000000000,3136.000000000000000,9408.000000000000000,20175,SEWARD
1194196,1398899,2017500001620002001,42034.212412379099987,5400.000000000000000,,1800.000000000000000,,3600.000000000000000,,2700.000000000000000,,,900.000000000000000,4500.000000000000000,,,3136.000000000000000,,20175,SEWARD
1194197,1398900,2017500001600002001,14041.011018994086044,1800.000000000000000,4500.000000000000000,900.000000000000000,1800.000000000000000,900.000000000000000,3600.000000000000000,,1800.000000000000000,,2700.000000000000000,,,,3136.000000000000000,,20175,SEWARD
1194198,1398902,2017500011560005001,133183.144675093528349,3600.000000000000000,6300.000000000000000,,2700.000000000000000,,,900.000000000000000,,1800.000000000000000,1800.000000000000000,,1800.000000000000000,,18816.000000000000000,,20175,SEWARD
1194199,1398903,2017540007020003001,63289.377851542958524,2700.000000000000000,9000.000000000000000,1800.000000000000000,900.000000000000000,7200.000000000000000,,4500.000000000000000,1800.000000000000000,2700.000000000000000,,,,,,,20175,SEWARD
1194200,1398904,2017540007030002001,69610.955004325936898,,12600.000000000000000,1800.000000000000000,,,,6300.000000000000000,2700.000000000000000,1800.000000000000000,,1800.000000000000000,,,,,20175,SEWARD
1194201,1398905,2017540007040001001,486158.549888619221747,3600.000000000000000,482400.000000000000000,434700.000000000000000,18000.000000000000000,135000.000000000000000,,477900.000000000000000,386100.000000000000000,465300.000000000000000,,4500.000000000000000,,,,,20175,SEWARD
1194202,1398907,2017500000410002001,108731.459223872923758,,,,,,,,,,,,1800.000000000000000,,,,20175,SEWARD
1194203,1398908,2017500005580002001,35314.843844372866442,,1800.000000000000000,,,900.000000000000000,,,,,,900.000000000000000,,,,,20175,SEWARD
1194204,1398909,2017540007050002001,34052.253303225392301,4500.000000000000000,1800.000000000000000,,900.000000000000000,,2700.000000000000000,3600.000000000000000,,,1800.000000000000000,,,,,,20175,SEWARD
1194205,1398910,2017540007060003001,29532.345942867301346,900.000000000000000,3600.000000000000000,,,,,,,,1800.000000000000000,,,,,,20175,SEWARD
1194206,1398911,2017540007070004001,27804.928913644427666,900.000000000000000,,,,,,,,,,,,,,,20175,SEWARD
1194207,1398912,2017540007080001001,491621.598956393601838,456300.000000000000000,4500.000000000000000,30600.000000000000000,1800.000000000000000,,458100.000000000000000,,,,478800.000000000000000,,,,,,20175,SEWARD
1194208,1398913,2017540007090005001,28199.212093154812464,,,900.000000000000000,,,,,,,1800.000000000000000,,,,,,20175,SEWARD
1194209,1398914,2017500000670002001,320196.730603350384627,1800.000000000000000,1800.000000000000000,900.000000000000000,900.000000000000000,900.000000000000000,2700.000000000000000,,,,900.000000000000000,,,,,,20175,SEWARD
1194210,1398915,2017500042970005001,36535.280829392650048,,,,,,,,,,900.000000000000000,,,,,,20175,SEWARD
1194211,1398916,2017500011360001001,612134.661939911777154,900.000000000000000,900.000000000000000,,,,,,,,,,,,,,20175,SEWARD
1194212,1398917,2017500006050003001,9859.341877158767602,,,,,,,,,,,,,,,,20175,SEWARD
1194213,1398918,2017500036760003001,22072.818191263322660,,1800.000000000000000,,4500.000000000000000,,,,,,,1800.000000000000000,900.000000000000000,,,,20175,SEWARD
1194214,1398919,2017500005630002001,27280.460239235038898,,,,,,,,,,,,9000.000000000000000,,,,20175,SEWARD
1194215,1398920,2017500011270002001,36781.785322788709891,,900.000000000000000,,,,,,,,,,,,,,20175,SEWARD
1194216,1398921,2017500005100005001,86243.887435525859473,,,,,,,,,,,,,,,,20175,SEWARD
1194217,1398922,2017500013200006001,15185.170820972500223,,,,,,,,,,,,,,,,20175,SEWARD
1194218,1398923,2017500011840001001,640955.731893151649274,,,,,,,,,,,1800.000000000000000,,,,,20175,SEWARD
1194219,1398924,2017500011470001001,118735.128156289254548,,,,,,,,,,,,,,,,20175,SEWARD
1194220,1398925,2017500011470002001,16664.738948105576128,,,,,,,,,,,,,,,,20175,SEWARD
1194221,1398926,2017500011420001001,126656.860913118900498,900.000000000000000,1800.000000000000000,,4500.000000000000000,,,,,,,,,,,,20175,SEWARD
1194222,1398927,2017500000050008001,634119.817711324198171,,,,,,,,,,,,,,,,20175,SEWARD
1194223,1398928,2017500011400003001,73601.455863998126006,,,,,,,,,,,,,,,,20175,SEWARD
1194224,1398929,2017500011400005001,19415.481543977086403,,,,,,,,,,900.000000000000000,,,,,,20175,SEWARD
1194225,1398930,2017500011410001001,292377.205375278601423,,,,,,,,,2700.000000000000000,,,,,,3136.000000000000000,20175,SEWARD
1194226,1398931,2017500011410002001,26562.050292503889068,,,,,,,,,,,,,,,,20175,SEWARD
1194227,1398932,2017500012000001001,313372.063125951623078,,,,,,,,,,,,,900.000000000000000,,,20175,SEWARD
1194228,1398933,2017500006570002001,235687.753147072304273,,,,,,,,,900.000000000000000,,,,,,,20175,SEWARD
1194229,1398934,2017500006570003001,11337.291364700815393,,,,,900.000000000000000,,,,,,,,,,,20175,SEWARD
1194230,1398936,2017500000240002001,6895.211432769843668,,,,,,,,,,,,,,,,20175,SEWARD
1194231,1398938,2017500008140003001,162660.298086651135236,,,,,,,,,,,,,,,,20175,SEWARD
1194232,1398939,2017500009490001001,311403.011844314518385,,,,,,,,,,,,,,,,20175,SEWARD
1194233,1398940,2017500012630001001,656686.958566073095426,,,,,,,,,,,,,,,,20175,SEWARD
1194234,1398941,2017500037500002001,392262.703074259043206,,,,,,,,,,,,,,,,20175,SEWARD
1194235,1398942,2017500037500003001,9069.672240624142432,,,,,,,,,,,,,,,,20175,SEWARD
1194236,1398943,2017500037480002001,262143.076315339363646,900.000000000000000,,,,,,,,,,,,,,,20175,SEWARD
1194237,1398944,2017500037480003001,14767.107496476615779,2700.000000000000000,900.000000000000000,,1800.000000000000000,900.000000000000000,900.000000000000000,,,900.000000000000000,900.000000000000000,,,,,,20175,SEWARD
1194238,1398945,2017500012310004001,261364.188330222066725,,,,,,,,,2700.000000000000000,,,,,,,20175,SEWARD
1194239,1398946,2017500013210001001,167749.308977025153581,,,,,,,,,,,,,,,,20175,SEWARD
1194240,1398947,2017500041440009001,61059.402975085991784,,,,,,,,,,,,1800.000000000000000,,,3136.000000000000000,20175,SEWARD
1194241,1398948,2017500041430002001,5407.283331027732856,,1800.000000000000000,,1800.000000000000000,,,,,,,6300.000000000000000,,1800.000000000000000,,,20175,SEWARD
1194242,1398949,2017500005560002001,16647.287654573563486,1800.000000000000000,,1800.000000000000000,6300.000000000000000,900.000000000000000,,,,900.000000000000000,900.000000000000000,,,,,,20175,SEWARD
1194243,1398953,2017500036270004001,12379.903466378766097,900.000000000000000,,,900.000000000000000,,,,,,,,,,,,20175,SEWARD
1194244,1398954,2017500005500002001,20948.754606664559105,,2700.000000000000000,4500.000000000000000,,,,,,900.000000000000000,,,,,,,20175,SEWARD
1194245,1398956,2017500005500004001,51062.249282375560142,,6300.000000000000000,27000.000000000000000,,3600.000000000000000,,,,9900.000000000000000,,,,,,,20175,SEWARD
1194246,1398957,2017500039910008001,8068.992547540511623,900.000000000000000,900.000000000000000,900.000000000000000,900.000000000000000,900.000000000000000,,900.000000000000000,,,,900.000000000000000,900.000000000000000,1800.000000000000000,,,20175,SEWARD
1194247,1398958,2017504013920002001,5376.705145196121521,5400.000000000000000,5400.000000000000000,900.000000000000000,5400.000000000000000,,,,,,1800.000000000000000,,,,,,20175,SEWARD
1194248,1398959,2017504013930001001,1247043.298025158699602,979200.000000000000000,926100.000000000000000,404100.000000000000000,1052100.000000000000000,77400.000000000000000,736200.000000000000000,18000.000000000000000,900.000000000000000,,332100.000000000000000,26100.000000000000000,45900.000000000000000,42300.000000000000000,122304.000000000000000,3136.000000000000000,20175,SEWARD
1194249,1398960,2017504013940003001,6032.252502405792256,7200.000000000000000,7200.000000000000000,,7200.000000000000000,,900.000000000000000,,,,7200.000000000000000,,,,,,20175,SEWARD
1194250,1398961,2017504013950002001,10568.433733667634442,,,6300.000000000000000,3600.000000000000000,5400.000000000000000,,1800.000000000000000,900.000000000000000,,,,900.000000000000000,,,,20175,SEWARD
1194251,1398962,2017504013960001001,1249404.452080781338736,89100.000000000000000,451800.000000000000000,397800.000000000000000,218700.000000000000000,221400.000000000000000,177300.000000000000000,25200.000000000000000,68400.000000000000000,12600.000000000000000,1800.000000000000000,99900.000000000000000,25200.000000000000000,24300.000000000000000,25088.000000000000000,9408.000000000000000,20175,SEWARD
1194252,1398963,2017500005450003001,24567.374955659804982,4500.000000000000000,,,,,,,,,,,,,,,20175,SEWARD
1194253,1398964,2017500034590002001,15430.291954577289289,,900.000000000000000,,,1800.000000000000000,,,,,,,,,,,20175,SEWARD
1194254,1398966,2017500005460003001,246921.703698560449993,1800.000000000000000,1800.000000000000000,,,,,,,,900.000000000000000,,,,,3136.000000000000000,20175,SEWARD
1194255,1398967,2017500005460002001,23403.481358073207957,900.000000000000000,,,,,,,,,,,,,,,20175,SEWARD
1194256,1398968,2017500041120003001,31644.434213117307081,900.000000000000000,900.000000000000000,900.000000000000000,,4500.000000000000000,,,,,,,,,,,20175,SEWARD
1194257,1398969,2017500034020002001,4975.230453183521604,,,,,,,,,,,,,,,,20175,SEWARD
1194258,1398970,2017500036020001001,350338.422546453948598,7200.000000000000000,900.000000000000000,,,1800.000000000000000,,,,,900.000000000000000,1800.000000000000000,6300.000000000000000,6300.000000000000000,,,20175,SEWARD
1194259,1398971,2017500036030004001,4122.183153711760497,,,,,,,,,,,,,,,,20175,SEWARD
1194260,1398972,2017500036030003001,74966.963535353803309,,,,,,,,,,,,,,,,20175,SEWARD
1194261,1398973,2017500042850004001,181687.874724910798250,17100.000000000000000,5400.000000000000000,3600.000000000000000,1800.000000000000000,3600.000000000000000,900.000000000000000,900.000000000000000,900.000000000000000,5400.000000000000000,13500.000000000000000,16200.000000000000000,17100.000000000000000,20700.000000000000000,,,20175,SEWARD
1194262,1398975,2017500012870001001,146475.245355830556946,5400.000000000000000,1800.000000000000000,,2700.000000000000000,1800.000000000000000,,,,,,,,1800.000000000000000,,,20175,SEWARD
1194263,1398976,2017500035840005001,37212.176344564293686,1800.000000000000000,900.000000000000000,,1800.000000000000000,900.000000000000000,1800.000000000000000,900.000000000000000,,8100.000000000000000,3600.000000000000000,900.000000000000000,15300.000000000000000,1800.000000000000000,6272.000000000000000,6272.000000000000000,20175,SEWARD
1194264,1398977,2017500035850002001,29764.974417694556905,2700.000000000000000,1800.000000000000000,900.000000000000000,1800.000000000000000,,,,,4500.000000000000000,,,21600.000000000000000,1800.000000000000000,6272.000000000000000,9408.000000000000000,20175,SEWARD
1194265,1398978,2017500034610001001,317822.435439968423452,,,,,,,,,900.000000000000000,,,9900.000000000000000,900.000000000000000,,,20175,SEWARD
1194266,1398979,2017500037510002001,5263.722198788022069,,,,,,,,,,,,,,,,20175,SEWARD
1194267,1398980,2017500033710002001,6226.956568544642323,,1800.000000000000000,,,,,,1800.000000000000000,,,900.000000000000000,3600.000000000000000,,,,20175,SEWARD
1194268,1398981,2017500034830002001,26050.169502718446893,,,,,,,,,,,,7200.000000000000000,,,,20175,SEWARD
1194269,1398982,2017500034830004001,28845.156576598590618,2700.000000000000000,,,,,,3600.000000000000000,,,,,4500.000000000000000,,,,20175,SEWARD
1194270,1398983,2017500034820003001,4327.739617645895123,,,,,,,,,,,,,,,,20175,SEWARD
1194271,1398984,2017500034820002001,25100.265092047917278,,,,,,,,,,900.000000000000000,,,,,,20175,SEWARD
1194272,1398985,2017500034820001001,247650.718191080813995,14400.000000000000000,1800.000000000000000,1800.000000000000000,4500.000000000000000,,2700.000000000000000,900.000000000000000,,900.000000000000000,1800.000000000000000,,2700.000000000000000,,,,20175,SEWARD
1194273,1398986,2017500039270002001,138186.369404055614723,2700.000000000000000,,,,,1800.000000000000000,,1800.000000000000000,,,1800.000000000000000,18000.000000000000000,29700.000000000000000,12544.000000000000000,,20175,SEWARD
1194274,1398987,2017500039260002001,111635.668255914337351,,,,,,,,,900.000000000000000,,,,,,,20175,SEWARD
1194275,1398988,2017500008500002001,9134.328092442812704,,,3600.000000000000000,1800.000000000000000,,,,,,,,,,,,20175,SEWARD
1194276,1398989,2017500009240002001,17683.458997087829630,900.000000000000000,900.000000000000000,,,,,,,,,1800.000000000000000,,900.000000000000000,,,20175,SEWARD
1194277,1398990,2017500009240003001,7516.187882882278245,3600.000000000000000,1800.000000000000000,,3600.000000000000000,6300.000000000000000,2700.000000000000000,,2700.000000000000000,900.000000000000000,900.000000000000000,,,,,,20175,SEWARD
1194278,1398991,2017500009080006001,5421.116058441568384,,,,,,,,,,,,,,,,20175,SEWARD
1194279,1398992,2017500009080004001,6429.998784968537620,,,,,,,,,,,,,,,3136.000000000000000,20175,SEWARD
1194280,1398993,2017500009080003001,5436.042464469775950,,,,,,,,,,,,900.000000000000000,900.000000000000000,,,20175,SEWARD
1194281,1398994,2017500009080005001,10978.509195979437209,,,,,2700.000000000000000,,1800.000000000000000,2700.000000000000000,,,,900.000000000000000,,,,20175,SEWARD
1194282,1398995,2017500010210002001,23134.184994376031682,,,,,,,,,,,,,,,,20175,SEWARD
1194283,1398996,2017500007520001001,310127.378829409077298,5400.000000000000000,1800.000000000000000,9000.000000000000000,2700.000000000000000,,,,5400.000000000000000,,,,6300.000000000000000,8100.000000000000000,,3136.000000000000000,20175,SEWARD
1194284,1398997,2017500012770002001,193337.394914934528060,,,,,,,,,,,,,,3136.000000000000000,,20175,SEWARD
1194285,1398998,2017500012770004001,50097.734598311755690,,,,,,,,,,,,,,,,20175,SEWARD
1194286,1398999,2017500012770001001,919806.626819239347242,1800.000000000000000,1800.000000000000000,,,,,,,1800.000000000000000,,,,3600.000000000000000,3136.000000000000000,,20175,SEWARD
1194287,1399000,2017500035680002001,28102.247850426007062,,2700.000000000000000,,,1800.000000000000000,,,,900.000000000000000,,,,5400.000000000000000,,,20175,SEWARD
1194288,1399001,2017500006220003001,30789.329018552594789,,,,,,,,,,,,,,,,20175,SEWARD
1194289,1399002,2017500006220002001,11685.659287089974896,,,,,,,,,,,,,,,,20175,SEWARD
1194290,1399003,2017520189430004001,5735.218653794647253,,,,,,,,,,,,,,,,20175,SEWARD
1194291,1399004,2017520189440002001,317041.982609344471712,2700.000000000000000,,,,,,,,,900.000000000000000,3600.000000000000000,,900.000000000000000,,,20175,SEWARD
1194292,1399005,2017520189450001003,52686.082888156721310,1800.000000000000000,,900.000000000000000,,,,,,,,2700.000000000000000,900.000000000000000,13500.000000000000000,,,20175,SEWARD
1194293,1399006,2017500035680004001,172564.812444078299450,,900.000000000000000,,,1800.000000000000000,,,,,,,,6300.000000000000000,,,20175,SEWARD
1194294,1399007,2017520189460002001,158809.155867905414198,,,,5400.000000000000000,,,,,,,2700.000000000000000,,13500.000000000000000,,6272.000000000000000,20175,SEWARD
1194295,1399009,2017500006740003001,4759.806226776672702,,,,,,,,,,,,,900.000000000000000,,,20175,SEWARD
1194296,1399010,2017500006600002001,18285.059915082674706,900.000000000000000,,,,900.000000000000000,,,,,,,,900.000000000000000,,,20175,SEWARD
1194297,1399011,2017500005800002001,67944.900871325444314,900.000000000000000,1800.000000000000000,,,5400.000000000000000,,,,900.000000000000000,,,,,,,20175,SEWARD
1194298,1399012,2017500005760002001,27698.662177584439632,3600.000000000000000,2700.000000000000000,,,9000.000000000000000,,900.000000000000000,,,,1800.000000000000000,,1800.000000000000000,,,20175,SEWARD
1194299,1399013,2017500011930001001,23371.055554720354849,,,,,,,,,,,,,,,,20175,SEWARD
1194300,1399014,2017500038160001001,38390.525237770591048,,,,,,,,,,,,,,,,20175,SEWARD
1194301,1399015,2017500012030008001,5302.511417092541706,,1800.000000000000000,1800.000000000000000,,2700.000000000000000,,,,,,,,,,,20175,SEWARD
1194302,1399016,2017500012030007001,8547.245996921128608,,,,,,,,,,,,,,,,20175,SEWARD
1194303,1399017,2017500012030006001,29961.770881533957436,,900.000000000000000,1800.000000000000000,1800.000000000000000,,,,,,,,,,,,20175,SEWARD
1194304,1399019,2017500006560001001,603849.013720680493861,19800.000000000000000,900.000000000000000,,11700.000000000000000,2700.000000000000000,26100.000000000000000,,1800.000000000000000,1800.000000000000000,900.000000000000000,,,,3136.000000000000000,,20175,SEWARD
1194305,1399020,2017500006250006001,56933.217687083131750,,,,,,,,,900.000000000000000,,,,900.000000000000000,,,20175,SEWARD
1194306,1399021,2017500037340005001,24100.151180613080214,,,,,,,,,,,,,,,,20175,SEWARD
1194307,1399022,2017500037340003001,70880.085829857460340,,,,,,,,,,,,,,,,20175,SEWARD
1194308,1399023,2017500006270002001,21666.376098939344956,,,,,,,,,,,,,,,,20175,SEWARD
1194309,1399024,2017500005640002001,186077.948693407117389,,,,1800.000000000000000,6300.000000000000000,,,,900.000000000000000,,,900.000000000000000,1800.000000000000000,,,20175,SEWARD
1194310,1399025,2017500006260011001,296800.415697095158976,,,,,,,,,,,,,900.000000000000000,,,20175,SEWARD
1194311,1399026,2017500007300002001,222706.758353490877198,2700.000000000000000,,,,,,,,,,,,900.000000000000000,,,20175,SEWARD
1194312,1399027,2017500007300003001,60420.120554237713804,,,,,,,,,,,,,,,,20175,SEWARD
1194313,1399028,2017500006920004001,52895.249375612831500,,900.000000000000000,,,,,,,,,,,,,,20175,SEWARD
1194314,1399029,2017500006920003001,185978.720558728207834,,900.000000000000000,,,,,,,,,,,,,,20175,SEWARD
1194315,1399030,2017540007250002001,11386.123350219826534,900.000000000000000,1800.000000000000000,,,,,,,,,,,,,,20175,SEWARD
1194316,1399031,2017540007260001001,631013.987908484647050,42300.000000000000000,3600.000000000000000,,5400.000000000000000,146700.000000000000000,,,17100.000000000000000,11700.000000000000000,900.000000000000000,68400.000000000000000,,9900.000000000000000,,,20175,SEWARD
1194317,1399032,2017540007270001001,626684.460314838332124,19800.000000000000000,900.000000000000000,,4500.000000000000000,7200.000000000000000,,,6300.000000000000000,900.000000000000000,3600.000000000000000,2700.000000000000000,6300.000000000000000,,,,20175,SEWARD
1194318,1399033,2017500008860005001,449902.855827244056854,900.000000000000000,,,2700.000000000000000,,,,,,,,,,,,20175,SEWARD
1194319,1399034,2017500042100002001,171835.808035552996444,900.000000000000000,,,,,,,,,,,,,,,20175,SEWARD
1194320,1399035,2017500013160002001,6932.649277327244818,,,,,,,,,,,900.000000000000000,,900.000000000000000,,,20175,SEWARD
1194321,1399036,2017500012880002001,12197.050036042830470,,,,,,,,,900.000000000000000,,900.000000000000000,2700.000000000000000,,,,20175,SEWARD
1194322,1399037,2017500012880001001,309727.073445439222269,7200.000000000000000,,,,,,,,900.000000000000000,,,,,,,20175,SEWARD
1194323,1399038,2017500012680001001,642109.554096608539112,6300.000000000000000,,,4500.000000000000000,1800.000000000000000,,,1800.000000000000000,3600.000000000000000,,10800.000000000000000,18000.000000000000000,,,,20175,SEWARD
1194324,1399039,2017500009400002001,15971.058814133268243,,900.000000000000000,,,,,,,,,,1800.000000000000000,,,,20175,SEWARD
1194325,1399040,2017500012450001001,645698.149712284677662,900.000000000000000,1800.000000000000000,,,7200.000000000000000,,,,,,,4500.000000000000000,9900.000000000000000,,,20175,SEWARD
1194326,1399041,2017500009140001001,972883.811918692663312,9000.000000000000000,7200.000000000000000,900.000000000000000,7200.000000000000000,3600.000000000000000,,,900.000000000000000,18900.000000000000000,7200.000000000000000,13500.000000000000000,40500.000000000000000,12600.000000000000000,,,20175,SEWARD
1194327,1399042,2017500009200003001,152369.281944601447321,,,,,,,,,,,,,,,,20175,SEWARD
1194328,1399043,2017500012760001001,487435.335339277633466,,,,,,,,,,,,,,,,20175,SEWARD
1194329,1399045,2017500009150004001,9335.837004744931619,,,,,,,,,,900.000000000000000,,,,,,20175,SEWARD
1194330,1399046,2017500009590004001,36307.973858875935548,,,,,,,,,,,,,,,,20175,SEWARD
1194331,1399047,2017500009590003001,2495403.009569789282978,3600.000000000000000,,,900.000000000000000,,,900.000000000000000,,,6300.000000000000000,900.000000000000000,7200.000000000000000,2700.000000000000000,,,20175,SEWARD
1194332,1399049,2017500009600002001,4939.473817730329756,900.000000000000000,900.000000000000000,,3600.000000000000000,900.000000000000000,900.000000000000000,,900.000000000000000,,900.000000000000000,,,,,,20175,SEWARD
1194333,1399050,2017500012940002001,112258.263501887777238,63900.000000000000000,3600.000000000000000,,2700.000000000000000,,,900.000000000000000,13500.000000000000000,,2700.000000000000000,12600.000000000000000,52200.000000000000000,3600.000000000000000,15680.000000000000000,,20175,SEWARD
1194334,1399051,2017500012940001001,538885.233480956405401,383400.000000000000000,900.000000000000000,,900.000000000000000,,4500.000000000000000,,1800.000000000000000,,,1800.000000000000000,4500.000000000000000,3600.000000000000000,,,20175,SEWARD
1194335,1399052,2017500008200001001,101046.356593308097217,,,,,,,,,,,900.000000000000000,,,,,20175,SEWARD
1194336,1399053,2017500008200002001,536423.117920551216230,,900.000000000000000,,,,,,,,,,,,,,20175,SEWARD
1194337,1399054,2017500008210001001,658943.548626428702846,900.000000000000000,,,,,,,,,,3600.000000000000000,900.000000000000000,9900.000000000000000,,,20175,SEWARD
1194338,1399055,2017500040840001001,663059.872308635502122,,,,,,,,,,,,,,,,20175,SEWARD
1194339,1399056,2017500012170001001,651034.069418793427758,,,,,,,,,,,,2700.000000000000000,,,,20175,SEWARD
1194340,1399057,2017500008370003001,5163.157661500319591,1800.000000000000000,,,900.000000000000000,3600.000000000000000,3600.000000000000000,,,,,,,1800.000000000000000,,,20175,SEWARD
1194341,1399059,2017500008370002001,6555.025903269744049,4500.000000000000000,,,1800.000000000000000,6300.000000000000000,5400.000000000000000,,900.000000000000000,,,,,,,,20175,SEWARD
1194342,1399060,2017500009590006001,5487.873524325127619,,,,2700.000000000000000,900.000000000000000,900.000000000000000,,,,,,,,,,20175,SEWARD
1194343,1399061,2017500009590005001,10136.467486951005412,2700.000000000000000,,,3600.000000000000000,4500.000000000000000,900.000000000000000,,,,,900.000000000000000,900.000000000000000,,,,20175,SEWARD
1194344,1399062,2017500008600003001,8603.223750012915843,900.000000000000000,,,2700.000000000000000,900.000000000000000,,,,900.000000000000000,,,900.000000000000000,3600.000000000000000,,,20175,SEWARD
1194345,1399063,2017500008600002001,5272.046188997595891,1800.000000000000000,,,3600.000000000000000,1800.000000000000000,2700.000000000000000,,,,2700.000000000000000,,,900.000000000000000,,,20175,SEWARD
1194346,1399064,2017500009280003001,336424.981952331610955,900.000000000000000,,,,,,,,,,,,,,,20175,SEWARD
1194347,1399065,2017500012540001001,854787.401463194517419,,,,,,,,,,,,,,,,20175,SEWARD
1194348,1399066,2017500012600002001,819575.359079767600633,,,,,,,,,,,,900.000000000000000,,,,20175,SEWARD
1194349,1399067,2017500012380001001,820919.484138320432976,,,,,,,900.000000000000000,,,900.000000000000000,,,,,,20175,SEWARD
1194350,1399068,2017500009270001001,552795.725810524309054,1800.000000000000000,,,,,,,,,,,,,,,20175,SEWARD
1194351,1399069,2017500012410001001,212787.567776454408886,,900.000000000000000,,,,,,,,900.000000000000000,,,,,,20175,SEWARD
1194352,1399070,2017500012290001001,160122.831754170096247,,,,,,,,,,,,,,,,20175,SEWARD
1194353,1399071,2017500012180001001,319673.245354739367031,,,,,,,,,,,,,,,,20175,SEWARD
1194354,1399072,2017500012230001001,575891.058416550746188,,,,,,,,,,,,,,,,20175,SEWARD
1194355,1399073,2017500012270001001,152700.419972071569646,,,,,,,,,,,,,,,,20175,SEWARD
1194356,1399074,2017500038410001001,509154.569273207511287,,900.000000000000000,,,,,,,,,,1800.000000000000000,,,,20175,SEWARD
1194357,1399075,2017500038400001001,438471.353986876492854,,,,,,,,,,,,,,,,20175,SEWARD
1194358,1399076,2017500007630004001,10559.666923583106836,900.000000000000000,1800.000000000000000,,1800.000000000000000,,,,,900.000000000000000,,,4500.000000000000000,,,,20175,SEWARD
1194359,1399077,2017500012130002001,13635.181556748737421,,,,,,,,,,,,,,,,20175,SEWARD
1194360,1399078,2017500009500002001,80966.226496051895083,,,,,,,,,,,,4500.000000000000000,,,,20175,SEWARD
1194361,1399079,2017500009500003001,33674.061785007201252,,,,900.000000000000000,,900.000000000000000,,1800.000000000000000,900.000000000000000,,,,,,,20175,SEWARD
1194362,1399080,2017500041270011001,11205.943831545067951,,900.000000000000000,,,,,,,,,,,,,,20175,SEWARD
1194363,1399081,2017500008160002001,19224.371230436438054,,,,,,,,,,,,,,,,20175,SEWARD
1194364,1399083,2017500008130002001,137526.796574894920923,,,,,,,,,,,,,,,,20175,SEWARD
1194365,1399084,2017500008130003001,11622.880212441483309,,,,,,,,,,,,,,,,20175,SEWARD
1194366,1399085,2017500040520003001,206977.467465880879899,,,,,,,,3600.000000000000000,,,,,,,,20175,SEWARD
1194367,1399086,2017500040520004001,15108.273864382859756,,,,,,,,,,,900.000000000000000,,,,,20175,SEWARD
1194368,1399087,2017500041330007001,5285.806182662230640,,,,2700.000000000000000,,,,,,,,,900.000000000000000,,,20175,SEWARD
1194369,1399088,2017500012310002001,1079834.905467116739601,,1800.000000000000000,,,,,,,,5400.000000000000000,,1800.000000000000000,3600.000000000000000,3136.000000000000000,,20175,SEWARD
1194370,1399089,2017500012240001001,1474740.335427506593987,1800.000000000000000,,,,,,,,2700.000000000000000,,,,,,3136.000000000000000,20175,SEWARD
1194371,1399090,2017500012420001001,1307281.749958594096825,,,,,,,,,,,,,,,,20175,SEWARD
1194372,1399091,2017500012260001001,211222.167569876794005,,,,,,,,,,,,,,,,20175,SEWARD
1194373,1399092,2017500009300004001,25454.635624567639752,,,,,,,,,,,,,,,,20175,SEWARD
1194374,1399093,2017500010310002001,490061.970353858661838,900.000000000000000,,,900.000000000000000,,,,,,,,,,,,20175,SEWARD
1194375,1399094,2017500007810002001,101981.443529205600498,,,,,,,,,,,,,,,,20175,SEWARD
1194376,1399095,2017500012210001001,363508.765537378028966,5400.000000000000000,29700.000000000000000,,45000.000000000000000,9900.000000000000000,41400.000000000000000,,,,,1800.000000000000000,1800.000000000000000,,,,20175,SEWARD
1194377,1399096,2017500012460002001,8278083.441042306832969,4500.000000000000000,3600.000000000000000,,2700.000000000000000,,,,,,18900.000000000000000,,6300.000000000000000,108000.000000000000000,,9408.000000000000000,20175,SEWARD
1194378,1399097,2017500012600001001,4274080.902723472565413,,,,,,,,,,8100.000000000000000,,,,,,20175,SEWARD
1194379,1399098,2017500011020002001,4840130.410476716235280,,,900.000000000000000,,,,,,,,,21600.000000000000000,,,,20175,SEWARD
1194380,1399100,2017500011630008001,24002.370888438661495,3600.000000000000000,,,,,,,,,,,,,,,20175,SEWARD
1194381,1399101,2017500034620001001,326401.402195434842724,,900.000000000000000,,,,,,,900.000000000000000,,,,,,,20175,SEWARD
1194382,1399102,2017500000790003001,9853.062487121664162,,,,,,,,,,,900.000000000000000,,,,,20175,SEWARD
1194383,1399103,2017500002600004001,29829.944885811659333,,,,24300.000000000000000,19800.000000000000000,,1800.000000000000000,900.000000000000000,1800.000000000000000,,3600.000000000000000,,,,,20175,SEWARD
1194384,1399104,2017500000800004001,4720.874810141905073,,,,,,,,,,,,,,,,20175,SEWARD
1194385,1399115,2017500001440015001,4478.910016949999772,3600.000000000000000,1800.000000000000000,1800.000000000000000,6300.000000000000000,1800.000000000000000,900.000000000000000,900.000000000000000,900.000000000000000,,,,,,,,20175,SEWARD
1194386,1399116,2017500001440012001,4072.276298146930912,,,,,,,,,,,,,,,,20175,SEWARD
1194387,1399120,2017500003280003001,4134.038389887957237,,,,,,,,,,,,,,,,20175,SEWARD
1194388,1399121,2017500003290003001,19921.774858892320481,,,,,,,,,,,,,,,,20175,SEWARD
1194389,1399125,2017500006690002001,6310.566378289511704,,,,1800.000000000000000,,,,,,,,,,,,20175,SEWARD
1194390,1399126,2017500007030002001,8074.343387550754414,,,,,,,,,,,,,,,,20175,SEWARD
1194391,1399127,2017500006740002001,6431.905825402744085,,,,,,,,,,,,,,,,20175,SEWARD
1194392,1399144,2017500004720004001,26807.340232782298699,,,,,,,,,,,,2700.000000000000000,1800.000000000000000,,,20175,SEWARD
1194393,1399145,2017500004720005001,10091.919847888353615,900.000000000000000,900.000000000000000,900.000000000000000,900.000000000000000,1800.000000000000000,1800.000000000000000,900.000000000000000,,900.000000000000000,,900.000000000000000,900.000000000000000,1800.000000000000000,,3136.000000000000000,20175,SEWARD
1194394,1399148,2017500001390001001,1233232.371148479171097,597600.000000000000000,1039500.000000000000000,1005300.000000000000000,1016100.000000000000000,1027800.000000000000000,1026000.000000000000000,1038600.000000000000000,994500.000000000000000,1006200.000000000000000,1026900.000000000000000,1033200.000000000000000,1094400.000000000000000,1032300.000000000000000,987840.000000000000000,3136.000000000000000,20175,SEWARD
1194395,1399149,2017500001390002001,4446.735175623153737,,,,,,,,,,,,900.000000000000000,,,,20175,SEWARD
1194396,1399150,2017500011820003001,357163.641295012261253,,,,,,,,,,,,,,,,20175,SEWARD
1194397,1399151,2017500011820001001,81934.604777128261048,,,,,,,,,,,,,,,3136.000000000000000,20175,SEWARD
1194398,1399152,2017500011820004001,564842.091919008875266,,,,,,,,,,,,,,,,20175,SEWARD
1194399,1399153,2017500012140001001,320814.649930077430326,3600.000000000000000,,,,,,,,900.000000000000000,,,900.000000000000000,,,,20175,SEWARD
1194400,1399154,2017500012580002001,224822.738476512924535,2700.000000000000000,,,,,,,,,,,,,,,20175,SEWARD
1194401,1399155,2017500012660002001,458278.644040739338379,900.000000000000000,,,,,,,,,,,,,,,20175,SEWARD
1194402,1399156,2017500012660001001,181668.484455770783825,,,,,,,,,,,,,,,,20175,SEWARD
1194403,1399157,2017500012330002001,364041.881758328469004,,,,,,,,,,,,,,,,20175,SEWARD
1194404,1399158,2017500012330001001,326058.858141856035218,,,,,,,,,,,,,,,,20175,SEWARD
1194405,1399159,2017500012750004001,72087.352317053897423,,,,,,,,,,,,,2700.000000000000000,,,20175,SEWARD
1194406,1399160,2017500012840002001,44711.624257319672324,,,,,,,,,,,,,,,,20175,SEWARD
1194407,1399161,2017500012840003001,50317.745739338162821,2700.000000000000000,,,,,,,,900.000000000000000,,,12600.000000000000000,,,,20175,SEWARD
1194408,1399162,2017500012840001001,214529.993845325312577,,,,,,,,,,,900.000000000000000,,,,,20175,SEWARD
1194409,1399163,2017500036800002001,67138.195911602262640,,900.000000000000000,,1800.000000000000000,,900.000000000000000,,,2700.000000000000000,,,,5400.000000000000000,,,20175,SEWARD
1194410,1399164,2017500003940006001,14488.799863641936099,900.000000000000000,1800.000000000000000,,,,,,,,,,,,,,20175,SEWARD
1194411,1399165,2017500041160001001,27153.456466565512528,,,,,,,,,,,,,,,,20175,SEWARD
1194412,1399166,2017500041170001001,37433.134446530319110,,,,,,,,,,,,,,,,20175,SEWARD
1194413,1399167,2017500009390002001,8528.365804169359762,,,,,,,,,,,,1800.000000000000000,,,,20175,SEWARD
1194414,1399168,2017500041070002001,21937.402992294752039,,,,,,,,,,,,,,,,20175,SEWARD
1194415,1399169,2017500008800002001,18787.459928488951846,2700.000000000000000,,,900.000000000000000,,,,,3600.000000000000000,,,,,,,20175,SEWARD
1194416,1399171,2017500008720002001,23259.557683896397066,,900.000000000000000,,,,,,,,,,,,,,20175,SEWARD
1194417,1399173,2017500003880002001,77011.890062777965795,5400.000000000000000,3600.000000000000000,3600.000000000000000,,900.000000000000000,6300.000000000000000,5400.000000000000000,,,10800.000000000000000,9000.000000000000000,9900.000000000000000,900.000000000000000,,12544.000000000000000,20175,SEWARD
1194418,1399174,2017500038470002001,30413.574687435982923,4500.000000000000000,3600.000000000000000,3600.000000000000000,1800.000000000000000,3600.000000000000000,,6300.000000000000000,1800.000000000000000,9900.000000000000000,900.000000000000000,1800.000000000000000,1800.000000000000000,3600.000000000000000,,3136.000000000000000,20175,SEWARD
1194419,1399175,2017500038470003001,29831.884411858478416,4500.000000000000000,,900.000000000000000,900.000000000000000,3600.000000000000000,1800.000000000000000,2700.000000000000000,3600.000000000000000,2700.000000000000000,,5400.000000000000000,1800.000000000000000,2700.000000000000000,,,20175,SEWARD
1194420,1399176,2017500038470004001,33847.129236011976900,5400.000000000000000,5400.000000000000000,4500.000000000000000,2700.000000000000000,11700.000000000000000,9000.000000000000000,10800.000000000000000,2700.000000000000000,9900.000000000000000,,8100.000000000000000,6300.000000000000000,4500.000000000000000,,,20175,SEWARD
1194421,1399177,2017500008430002001,9247.003388590803297,,,,,1800.000000000000000,,,,,900.000000000000000,,900.000000000000000,,,,20175,SEWARD
1194422,1399188,2017500008690004001,47914.405625937870354,,2700.000000000000000,,,11700.000000000000000,3600.000000000000000,,1800.000000000000000,,5400.000000000000000,,,1800.000000000000000,9408.000000000000000,,20175,SEWARD
1194423,1399189,2017500041180001001,41969.596691567108792,3600.000000000000000,,,1800.000000000000000,3600.000000000000000,900.000000000000000,,,,,,,,,,20175,SEWARD
1194424,1399191,2017500013200005001,32863.732742679909279,1800.000000000000000,,,,,,,,900.000000000000000,,2700.000000000000000,3600.000000000000000,2700.000000000000000,,15680.000000000000000,20175,SEWARD
1194425,1399192,2017500013200004001,115490.720008998192498,,,,,,,,,900.000000000000000,1800.000000000000000,2700.000000000000000,5400.000000000000000,6300.000000000000000,,21952.000000000000000,20175,SEWARD
1194426,1399193,2017500040190002001,30798.010719752750447,2700.000000000000000,3600.000000000000000,,3600.000000000000000,,2700.000000000000000,,,2700.000000000000000,900.000000000000000,,2700.000000000000000,6300.000000000000000,,,20175,SEWARD
1194427,1399194,2017500035390005001,37245.109272904621321,,900.000000000000000,,,,,,,,,7200.000000000000000,900.000000000000000,3600.000000000000000,,,20175,SEWARD
1194428,1399195,2017500035390004001,29872.668161938614503,,900.000000000000000,,,,,,900.000000000000000,,1800.000000000000000,2700.000000000000000,5400.000000000000000,2700.000000000000000,3136.000000000000000,6272.000000000000000,20175,SEWARD
1194429,1399197,2017500001210003001,87712.440460120356875,1800.000000000000000,900.000000000000000,1800.000000000000000,,4500.000000000000000,3600.000000000000000,,900.000000000000000,,,,2700.000000000000000,,,12544.000000000000000,20175,SEWARD
1194430,1399201,2017500038840006001,13831.267117884070103,,900.000000000000000,2700.000000000000000,3600.000000000000000,,,,900.000000000000000,,,,1800.000000000000000,,6272.000000000000000,3136.000000000000000,20175,SEWARD
1194431,1399202,2017500041140006001,84794.520481154642766,9900.000000000000000,900.000000000000000,,3600.000000000000000,4500.000000000000000,,2700.000000000000000,2700.000000000000000,2700.000000000000000,1800.000000000000000,3600.000000000000000,1800.000000000000000,2700.000000000000000,3136.000000000000000,9408.000000000000000,20175,SEWARD
1194432,1399203,2017500041010003001,4582.305398368464921,,900.000000000000000,,,,,,,,,,,,,3136.000000000000000,20175,SEWARD
1194433,1399204,2017500041930003001,38046.456091393294628,2700.000000000000000,,,,1800.000000000000000,2700.000000000000000,,,,900.000000000000000,900.000000000000000,,,,,20175,SEWARD
1194434,1399205,2017500041930004001,33540.473239846665820,3600.000000000000000,900.000000000000000,5400.000000000000000,,5400.000000000000000,1800.000000000000000,,,4500.000000000000000,8100.000000000000000,3600.000000000000000,,,9408.000000000000000,,20175,SEWARD
1194435,1399206,2017500011560003001,138418.799182918650331,1800.000000000000000,1800.000000000000000,,3600.000000000000000,900.000000000000000,2700.000000000000000,3600.000000000000000,,,900.000000000000000,2700.000000000000000,,,,,20175,SEWARD
1194436,1399207,2017500038980005001,8457.939585998141411,900.000000000000000,2700.000000000000000,,3600.000000000000000,3600.000000000000000,,,4500.000000000000000,900.000000000000000,,,,,,,20175,SEWARD
1194437,1399208,2017500012040002001,5058.923536373738898,,,,,,,,,,,,,900.000000000000000,,,20175,SEWARD
1194438,1399209,2017500009150002001,277435.171651890676003,9000.000000000000000,900.000000000000000,,,,,,900.000000000000000,,1800.000000000000000,,5400.000000000000000,36000.000000000000000,,6272.000000000000000,20175,SEWARD
1194439,1399210,2017500002280002001,11247.489322191006067,4500.000000000000000,1800.000000000000000,,8100.000000000000000,900.000000000000000,900.000000000000000,,,900.000000000000000,,900.000000000000000,9000.000000000000000,900.000000000000000,6272.000000000000000,,20175,SEWARD
1194440,1399211,2017500002280004001,5643.308613396285182,4500.000000000000000,4500.000000000000000,2700.000000000000000,1800.000000000000000,5400.000000000000000,,2700.000000000000000,,5400.000000000000000,1800.000000000000000,1800.000000000000000,5400.000000000000000,3600.000000000000000,9408.000000000000000,,20175,SEWARD
1194441,1399212,2017500002280005001,8299.505501233368705,4500.000000000000000,4500.000000000000000,2700.000000000000000,4500.000000000000000,7200.000000000000000,,6300.000000000000000,1800.000000000000000,5400.000000000000000,7200.000000000000000,7200.000000000000000,6300.000000000000000,1800.000000000000000,3136.000000000000000,,20175,SEWARD
1194442,1399213,2017500009950001001,46546.263234921862022,,,,,,,,,,,,,,,,20175,SEWARD
1194443,1399215,2017500009950002001,132954.662754920282168,,,,,,,,,,,,,,,,20175,SEWARD
1194444,1399216,2017500009200004001,5197.997261297355180,,900.000000000000000,,,900.000000000000000,,,,,,,,,,,20175,SEWARD
1194445,1399217,2017500001170024001,12944.179348292476789,,,,,900.000000000000000,,900.000000000000000,,900.000000000000000,,1800.000000000000000,900.000000000000000,1800.000000000000000,,,20175,SEWARD
1194446,1399221,2017500034030007001,7700.963660459413404,,,,,,,,,,,,,,,,20175,SEWARD
1194447,1399222,2017500034030011001,27644.515845280311623,900.000000000000000,,,,,,,,,,,,,,,20175,SEWARD
1194448,1399223,2017500034030005001,45572.465152413213218,900.000000000000000,900.000000000000000,900.000000000000000,1800.000000000000000,1800.000000000000000,,900.000000000000000,900.000000000000000,2700.000000000000000,,900.000000000000000,7200.000000000000000,4500.000000000000000,,,20175,SEWARD
1194449,1399224,2017500034030009001,4625.517280526103605,,,,900.000000000000000,900.000000000000000,,900.000000000000000,,900.000000000000000,900.000000000000000,2700.000000000000000,1800.000000000000000,900.000000000000000,,,20175,SEWARD
1194450,1399229,2017500008300003001,5974.764349819070958,8100.000000000000000,6300.000000000000000,900.000000000000000,8100.000000000000000,3600.000000000000000,3600.000000000000000,3600.000000000000000,,,,,,,,,20175,SEWARD
1194451,1399232,2017500040240008001,4391.773710112459412,900.000000000000000,,,,900.000000000000000,,900.000000000000000,900.000000000000000,900.000000000000000,900.000000000000000,900.000000000000000,900.000000000000000,900.000000000000000,3136.000000000000000,3136.000000000000000,20175,SEWARD
1194452,1399233,2017500003200018001,7562.988993435486009,,3600.000000000000000,,,,,,,,,,,,,3136.000000000000000,20175,SEWARD
1194453,1399234,2017500003200019001,5408.508926572661039,900.000000000000000,7200.000000000000000,,,,,,,1800.000000000000000,,900.000000000000000,,,,,20175,SEWARD
1194454,1399239,2017500041560010001,6513.112440925642659,900.000000000000000,900.000000000000000,,,,,,,,,,,,,,20175,SEWARD
1194455,1399240,2017500033350004001,28917.363574372313451,,,,,,,,,,,,,,,,20175,SEWARD
1194456,1399241,2017500033350005001,23907.655730418977328,,,,,,,,,,,,1800.000000000000000,,,,20175,SEWARD
1194457,1399242,2017500033350002001,33086.967028699436923,,,,,,,,,,,,,,,,20175,SEWARD
1194458,1399243,2017500033350003001,32681.001417286752257,,,,,,,,,,,,,,,,20175,SEWARD
1194459,1399245,2017500041560014001,21587.234273209389357,,,,,,,,,1800.000000000000000,2700.000000000000000,,4500.000000000000000,,,,20175,SEWARD
1194460,1399246,2017500041560019001,7308.265566060351375,,,,,,,,,,,,,,,,20175,SEWARD
1194461,1399247,2017520189560006001,351911.973620780161582,5400.000000000000000,4500.000000000000000,,1800.000000000000000,2700.000000000000000,900.000000000000000,,5400.000000000000000,1800.000000000000000,2700.000000000000000,5400.000000000000000,4500.000000000000000,12600.000000000000000,12544.000000000000000,,20175,SEWARD
1194462,1399248,2017500008190001001,237369.683868206426268,,,,,,,,,900.000000000000000,,,2700.000000000000000,9000.000000000000000,,,20175,SEWARD
1194463,1399249,2017500041740001001,1574100.300356562249362,,,,,,,,,,2700.000000000000000,,,1800.000000000000000,,6272.000000000000000,20175,SEWARD
1194464,1399251,2017500041720001001,1286743.068259444320574,,,,,,,,,,1800.000000000000000,,,,,,20175,SEWARD
1194465,1399252,2017500041680002001,655627.287591941072606,3600.000000000000000,,,,,,,,,,1800.000000000000000,,,,,20175,SEWARD
1194466,1399253,2017500007600003001,220897.689543834974756,4500.000000000000000,,,,1800.000000000000000,,,2700.000000000000000,,,1800.000000000000000,,,,,20175,SEWARD
1194467,1399254,2017500007600004001,47765.744942876444838,2700.000000000000000,900.000000000000000,,900.000000000000000,1800.000000000000000,,,900.000000000000000,900.000000000000000,,,6300.000000000000000,,,,20175,SEWARD
1194468,1399255,2017500007600006001,33921.952575401293871,,,,,,,,,,1800.000000000000000,,12600.000000000000000,900.000000000000000,,3136.000000000000000,20175,SEWARD
1194469,1399256,2017500041820004001,41274.892515267150884,900.000000000000000,2700.000000000000000,1800.000000000000000,2700.000000000000000,900.000000000000000,1800.000000000000000,1800.000000000000000,2700.000000000000000,,5400.000000000000000,900.000000000000000,2700.000000000000000,3600.000000000000000,,3136.000000000000000,20175,SEWARD
1194470,1399258,2017500035470002001,5563.021250681557831,,,,,,,,,,,,,,,,20175,SEWARD
1194471,1399259,2017500042610012001,98123.123122520395555,900.000000000000000,900.000000000000000,900.000000000000000,900.000000000000000,900.000000000000000,900.000000000000000,900.000000000000000,900.000000000000000,,,,,900.000000000000000,,,20175,SEWARD
1194472,1399260,2017500008520002001,30277.592061729093984,,900.000000000000000,,900.000000000000000,900.000000000000000,,,,,,,,,,,20175,SEWARD
1194473,1399261,2017500008520003001,173784.010603497445118,5400.000000000000000,8100.000000000000000,1800.000000000000000,9900.000000000000000,9000.000000000000000,2700.000000000000000,,,,,11700.000000000000000,,8100.000000000000000,,15680.000000000000000,20175,SEWARD
1194474,1399264,2017500037860008001,6578.470826311831843,,,,900.000000000000000,,,,,,1800.000000000000000,,900.000000000000000,5400.000000000000000,,,20175,SEWARD
1194475,1399265,2017500004100003001,134834.772481827996671,11700.000000000000000,7200.000000000000000,2700.000000000000000,10800.000000000000000,8100.000000000000000,6300.000000000000000,3600.000000000000000,5400.000000000000000,14400.000000000000000,10800.000000000000000,7200.000000000000000,2700.000000000000000,13500.000000000000000,9408.000000000000000,12544.000000000000000,20175,SEWARD
1194476,1399266,2017500040170001001,34868.669415416654374,5400.000000000000000,3600.000000000000000,2700.000000000000000,6300.000000000000000,3600.000000000000000,,3600.000000000000000,,2700.000000000000000,3600.000000000000000,4500.000000000000000,,8100.000000000000000,3136.000000000000000,,20175,SEWARD
1194477,1399272,2017500040170004001,28729.326577960753639,2700.000000000000000,3600.000000000000000,3600.000000000000000,7200.000000000000000,8100.000000000000000,4500.000000000000000,7200.000000000000000,1800.000000000000000,3600.000000000000000,6300.000000000000000,10800.000000000000000,6300.000000000000000,8100.000000000000000,,,20175,SEWARD
1194478,1399274,2017500006370030001,10328.231725864750842,900.000000000000000,1800.000000000000000,,1800.000000000000000,1800.000000000000000,,1800.000000000000000,,900.000000000000000,2700.000000000000000,2700.000000000000000,9000.000000000000000,2700.000000000000000,,,20175,SEWARD
1194479,1399275,2017500004440002001,14825.410394683009145,5400.000000000000000,1800.000000000000000,900.000000000000000,4500.000000000000000,1800.000000000000000,4500.000000000000000,3600.000000000000000,,1800.000000000000000,2700.000000000000000,6300.000000000000000,3600.000000000000000,2700.000000000000000,,,20175,SEWARD
1194480,1399281,2017500038460002001,4053.754238923233970,,,,,,,,900.000000000000000,,,1800.000000000000000,900.000000000000000,900.000000000000000,,,20175,SEWARD
1194481,1399282,2017500038460003001,14718.288377723065423,,,,900.000000000000000,,,,,,,,,,,,20175,SEWARD
1194482,1399284,2017500007810003001,8073.162260066493218,900.000000000000000,,,,,,,,,,,,,,,20175,SEWARD
1194483,1399289,2017500034950003001,4942.263787658388537,,,,,,,,,,,,,,,,20175,SEWARD
1194484,1399291,2017500034960007001,7837.174241238053582,,,,,,,,,,,,,,,,20175,SEWARD
1194485,1399292,2017500001230003001,9524.341207479266814,,,,,900.000000000000000,,,,,,,,,,,20175,SEWARD
1194486,1399294,2017500000220008001,33367.556907988378953,1800.000000000000000,,,,,,,,,3600.000000000000000,4500.000000000000000,,,,6272.000000000000000,20175,SEWARD
1194487,1399298,2017500042090004001,121847.565209938285989,,,,,,,,,,900.000000000000000,900.000000000000000,900.000000000000000,2700.000000000000000,,,20175,SEWARD
1194488,1399299,2017500042100003001,194627.050369932578178,8100.000000000000000,2700.000000000000000,2700.000000000000000,2700.000000000000000,1800.000000000000000,,,900.000000000000000,8100.000000000000000,4500.000000000000000,8100.000000000000000,16200.000000000000000,4500.000000000000000,,,20175,SEWARD
1194489,1399300,2017500001150010001,18723.837027034020139,,,,,,,,,900.000000000000000,900.000000000000000,,3600.000000000000000,900.000000000000000,,,20175,SEWARD
1194490,1399304,2017520189640023001,6755.883726471309274,,,,,,,,,,,,,900.000000000000000,,,20175,SEWARD
1194491,1399305,2017500042120009001,223155.542999847588362,,,,,,,,,,,,,,,,20175,SEWARD
1194492,1399306,2017500042130013001,30321.116793544191751,,,,,,,,,,,,,,,,20175,SEWARD
1194493,1399307,2017500034940002001,13172.125603333784966,,,,,,,,,,,,,,,,20175,SEWARD
1194494,1399308,2017500006370005001,8688.826913367956877,,,,,,,,,900.000000000000000,900.000000000000000,,3600.000000000000000,1800.000000000000000,,,20175,SEWARD
1194495,1399309,2017500006370012001,8069.877482723590219,,,,,,,,,1800.000000000000000,,,2700.000000000000000,2700.000000000000000,,,20175,SEWARD
1194496,1399310,2017500006370020001,8062.812137678050931,,900.000000000000000,900.000000000000000,900.000000000000000,1800.000000000000000,900.000000000000000,900.000000000000000,,900.000000000000000,,900.000000000000000,,,,,20175,SEWARD
1194497,1399311,2017500006370006001,7576.213506652335127,,900.000000000000000,,1800.000000000000000,900.000000000000000,1800.000000000000000,,1800.000000000000000,1800.000000000000000,,900.000000000000000,3600.000000000000000,900.000000000000000,,,20175,SEWARD
1194498,1399312,2017500011640001001,623986.446182904299349,,,,,,,,1800.000000000000000,,,,,,,15680.000000000000000,20175,SEWARD
1194499,1399313,2017500011090002001,393424.453614516125526,1800.000000000000000,1800.000000000000000,1800.000000000000000,900.000000000000000,,,900.000000000000000,,,,1800.000000000000000,1800.000000000000000,,,9408.000000000000000,20175,SEWARD
1194500,1399315,2017500001220003001,18955.380593491954642,,900.000000000000000,,,,,,,,,,,900.000000000000000,,6272.000000000000000,20175,SEWARD
1194501,1399316,2017500033320014001,18273.549100220796390,9900.000000000000000,8100.000000000000000,6300.000000000000000,9000.000000000000000,8100.000000000000000,7200.000000000000000,5400.000000000000000,7200.000000000000000,9000.000000000000000,9000.000000000000000,8100.000000000000000,7200.000000000000000,9900.000000000000000,,,20175,SEWARD
1194502,1399317,2017500039820016001,9729.836710465448050,,1800.000000000000000,1800.000000000000000,1800.000000000000000,900.000000000000000,1800.000000000000000,,,1800.000000000000000,1800.000000000000000,900.000000000000000,2700.000000000000000,2700.000000000000000,3136.000000000000000,3136.000000000000000,20175,SEWARD
1194503,1399318,2017500003170006001,17357.776531043375144,,900.000000000000000,,,,900.000000000000000,,,,2700.000000000000000,,,,,,20175,SEWARD
1194504,1399320,2017500034870001001,611898.518184754066169,900.000000000000000,2700.000000000000000,,,,1800.000000000000000,2700.000000000000000,1800.000000000000000,,,900.000000000000000,900.000000000000000,900.000000000000000,,3136.000000000000000,20175,SEWARD
1194505,1399321,2017500012030010001,140901.860186347621493,4500.000000000000000,,,,,,900.000000000000000,,,,,,,,,20175,SEWARD
1194506,1399322,2017500040340002001,6673.615789270887944,,,,,,,,,,,,,,,,20175,SEWARD
1194507,1399324,2017500007660004001,95658.867750062723644,4500.000000000000000,,900.000000000000000,7200.000000000000000,,,,2700.000000000000000,2700.000000000000000,,2700.000000000000000,,,,,20175,SEWARD
1194508,1399325,2017500041460004001,4780.118865668072431,,,,,900.000000000000000,,,,,,,900.000000000000000,,,,20175,SEWARD
1194509,1399326,2017500041460003001,6727.946655286051282,,,,,,,,,,,,6300.000000000000000,,,,20175,SEWARD
1194510,1399327,2017500041450001003,8480.586056073674627,7200.000000000000000,7200.000000000000000,5400.000000000000000,2700.000000000000000,7200.000000000000000,5400.000000000000000,7200.000000000000000,6300.000000000000000,5400.000000000000000,900.000000000000000,7200.000000000000000,9900.000000000000000,3600.000000000000000,3136.000000000000000,,20175,SEWARD
1194511,1399327,2017500041450001003,4598.568375855108570,7200.000000000000000,7200.000000000000000,5400.000000000000000,2700.000000000000000,7200.000000000000000,5400.000000000000000,7200.000000000000000,6300.000000000000000,5400.000000000000000,900.000000000000000,7200.000000000000000,9900.000000000000000,3600.000000000000000,3136.000000000000000,,20175,SEWARD
1194512,1399328,2017500012040005001,166556.282944202306680,2700.000000000000000,900.000000000000000,,,900.000000000000000,,,,,900.000000000000000,,,,,,20175,SEWARD
1194513,1399329,2017500012040001001,398589.604685508471448,5400.000000000000000,900.000000000000000,900.000000000000000,,2700.000000000000000,,,900.000000000000000,,,7200.000000000000000,,1800.000000000000000,,,20175,SEWARD
1194514,1399330,2017500008000006001,213392.973660042887786,900.000000000000000,,,,,,,,,,,,,,,20175,SEWARD
1194515,1399333,2017500008670005001,11731.222191283732172,,,,,,,,,,,900.000000000000000,,,,3136.000000000000000,20175,SEWARD
1194516,1399333,2017500008670005001,8695.689750599576655,,,,,,,,,,,900.000000000000000,,,,3136.000000000000000,20175,SEWARD
1194517,1399334,2017500042640002001,159001.715461057232460,,,,,,,,,,,,,,,,20175,SEWARD
1194518,1399335,2017500042620004001,38985.728059163855505,,,,,,,,,,,,,900.000000000000000,,,20175,SEWARD
1194519,1399336,2017500042600022001,9597.482732364574986,,,,,,,,,,,,,,,,20175,SEWARD
1194520,1399338,2017500042600006001,10809.876217650164108,,,,,,,,,,,,,,,,20175,SEWARD
1194521,1399340,2017500040930001001,948339.063615500461310,,,,,,,,,1800.000000000000000,,900.000000000000000,,,,,20175,SEWARD
1194522,1399341,2017500006930003004,17776.524137784097547,,,,,,,,,,,1800.000000000000000,6300.000000000000000,9000.000000000000000,,,20175,SEWARD
1194523,1399341,2017500006930003004,7769.366179397070482,,,,,,,,,,,1800.000000000000000,6300.000000000000000,9000.000000000000000,,,20175,SEWARD
1194524,1399341,2017500006930003004,5698.303599122225023,,,,,,,,,,,1800.000000000000000,6300.000000000000000,9000.000000000000000,,,20175,SEWARD
1194525,1399342,2017500006930004001,6056.280852636648888,,,,,,,,,,,,900.000000000000000,1800.000000000000000,,6272.000000000000000,20175,SEWARD
1194526,1399343,2017500006930015001,24891.911620092763769,1800.000000000000000,1800.000000000000000,,,2700.000000000000000,,,900.000000000000000,,1800.000000000000000,,900.000000000000000,3600.000000000000000,,6272.000000000000000,20175,SEWARD
1194527,1399344,2017500011600001001,609953.953093261225149,42300.000000000000000,491400.000000000000000,454500.000000000000000,468000.000000000000000,432000.000000000000000,429300.000000000000000,126900.000000000000000,127800.000000000000000,900.000000000000000,18900.000000000000000,98100.000000000000000,,8100.000000000000000,,,20175,SEWARD
1194528,1399346,2017500033320004002,12958.814594035980917,,,,,,,,,,,,,,,,20175,SEWARD
1194529,1399347,2017500000840002001,10283.241438274379107,,3600.000000000000000,,900.000000000000000,2700.000000000000000,,,,2700.000000000000000,3600.000000000000000,6300.000000000000000,,,,6272.000000000000000,20175,SEWARD
1194530,1399348,2017500000840006001,4175.864456232906377,,,,,900.000000000000000,,,,1800.000000000000000,,900.000000000000000,,,,,20175,SEWARD
1194531,1399349,2017500000840001010,13756.793191470644160,,10800.000000000000000,8100.000000000000000,10800.000000000000000,11700.000000000000000,,,,11700.000000000000000,9900.000000000000000,10800.000000000000000,,,,15680.000000000000000,20175,SEWARD
1194532,1399350,2017500012150001001,373835.479161881958134,,,,,,,,,,,,26100.000000000000000,,,,20175,SEWARD
1194533,1399351,2017500004460001003,99197.704216272439226,103500.000000000000000,102600.000000000000000,83700.000000000000000,90000.000000000000000,93600.000000000000000,99900.000000000000000,94500.000000000000000,88200.000000000000000,70200.000000000000000,6300.000000000000000,,6300.000000000000000,,3136.000000000000000,25088.000000000000000,20175,SEWARD
1194534,1399352,2017500004460007001,13732.942924938724900,,,,,,,,,,,,,,,,20175,SEWARD
1194535,1399353,2017500004460002001,108123.556901518473751,6300.000000000000000,6300.000000000000000,2700.000000000000000,4500.000000000000000,6300.000000000000000,3600.000000000000000,2700.000000000000000,1800.000000000000000,1800.000000000000000,,,4500.000000000000000,,,12544.000000000000000,20175,SEWARD
1194536,1399354,2017500034890005001,16770.231451825122349,,,,,,,,,,,,,,,,20175,SEWARD
1194537,1399355,2017500034890004001,4578.365802180353967,,,,,,,,,,,900.000000000000000,,,,,20175,SEWARD
1194538,1399356,2017500034890002001,40084.566060638309864,,,,,,,,,,,1800.000000000000000,3600.000000000000000,,,,20175,SEWARD
1194539,1399357,2017500002180001003,5877.334079322098660,900.000000000000000,3600.000000000000000,3600.000000000000000,2700.000000000000000,4500.000000000000000,900.000000000000000,3600.000000000000000,900.000000000000000,3600.000000000000000,1800.000000000000000,2700.000000000000000,,,,,20175,SEWARD
1194540,1399358,2017500001440008001,22271.956598929016764,900.000000000000000,900.000000000000000,900.000000000000000,,,,,,,8100.000000000000000,,4500.000000000000000,900.000000000000000,,,20175,SEWARD
1194541,1399361,2017500040990001006,439312.030500449298415,10800.000000000000000,10800.000000000000000,,7200.000000000000000,1800.000000000000000,,2700.000000000000000,4500.000000000000000,1800.000000000000000,,2700.000000000000000,1800.000000000000000,16200.000000000000000,,,20175,SEWARD
1194542,1399361,2017500040990001006,11060.363438449343448,10800.000000000000000,10800.000000000000000,,7200.000000000000000,1800.000000000000000,,2700.000000000000000,4500.000000000000000,1800.000000000000000,,2700.000000000000000,1800.000000000000000,16200.000000000000000,,,20175,SEWARD
1194543,1399362,2017500034880002001,187922.264057447202504,900.000000000000000,900.000000000000000,,,,,,,,,1800.000000000000000,4500.000000000000000,2700.000000000000000,,3136.000000000000000,20175,SEWARD
1194544,1399363,2017500034880003001,24500.965745789857465,1800.000000000000000,2700.000000000000000,,2700.000000000000000,900.000000000000000,,,,1800.000000000000000,,900.000000000000000,,,,,20175,SEWARD
1194545,1399364,2017500038610001001,4075116.528164478018880,1800.000000000000000,2700.000000000000000,900.000000000000000,3600.000000000000000,1800.000000000000000,15300.000000000000000,2700.000000000000000,15300.000000000000000,9900.000000000000000,9000.000000000000000,18900.000000000000000,12600.000000000000000,292500.000000000000000,,9408.000000000000000,20175,SEWARD
1194546,1399365,2017500000050007001,1336359.842813903698698,,,,,,,,,900.000000000000000,,,,3600.000000000000000,,,20175,SEWARD
1194547,1399366,2017500001350009001,21329.588613706520846,,2700.000000000000000,1800.000000000000000,3600.000000000000000,4500.000000000000000,,900.000000000000000,2700.000000000000000,2700.000000000000000,,900.000000000000000,5400.000000000000000,3600.000000000000000,,,20175,SEWARD
1194548,1399367,2017500001350008001,12681.943955013901359,,,,,,,,,,,,,,,,20175,SEWARD
1194549,1399370,2017500008120003001,5646.199388348219145,,,,900.000000000000000,,,,,900.000000000000000,,900.000000000000000,1800.000000000000000,1800.000000000000000,,,20175,SEWARD
1194550,1399371,2017500034440005001,15636.369505911947272,13500.000000000000000,17100.000000000000000,12600.000000000000000,16200.000000000000000,13500.000000000000000,16200.000000000000000,13500.000000000000000,18000.000000000000000,18000.000000000000000,14400.000000000000000,12600.000000000000000,13500.000000000000000,14400.000000000000000,9408.000000000000000,,20175,SEWARD
1194551,1399372,2017500034440001006,5178.502331453989427,8100.000000000000000,8100.000000000000000,8100.000000000000000,8100.000000000000000,8100.000000000000000,8100.000000000000000,7200.000000000000000,8100.000000000000000,8100.000000000000000,8100.000000000000000,8100.000000000000000,8100.000000000000000,8100.000000000000000,6272.000000000000000,,20175,SEWARD
1194552,1399373,2017502011940001001,643180.934499717550352,,1800.000000000000000,,,,2700.000000000000000,,,,,,,7200.000000000000000,,,20175,SEWARD
1194553,1399378,2017500000100005001,11738.824873829184071,,900.000000000000000,,,,900.000000000000000,,,,1800.000000000000000,,900.000000000000000,,,,20175,SEWARD
1194554,1399380,2017500036790003001,423110.351804307487328,,900.000000000000000,,900.000000000000000,,,,,,,,,,,,20175,SEWARD
1194555,1399381,2017500042720005001,21001.354377623421897,,,,,,,,,,900.000000000000000,,,,,,20175,SEWARD
1194556,1399382,2017500006020003001,74331.675731187278870,,,,,900.000000000000000,,,,,,,,,,,20175,SEWARD
1194557,1399383,2017500006020002001,93723.616259047557833,,1800.000000000000000,,,900.000000000000000,1800.000000000000000,,,,,,,,,,20175,SEWARD
1194558,1399385,2017500040260003001,23859.334610102858278,,,,,,,,2700.000000000000000,,900.000000000000000,900.000000000000000,4500.000000000000000,1800.000000000000000,3136.000000000000000,,20175,SEWARD
1194559,1399386,2017500038380003001,23333.267250499229704,,2700.000000000000000,,,4500.000000000000000,,,,,900.000000000000000,1800.000000000000000,,,3136.000000000000000,,20175,SEWARD
1194560,1399387,2017500038380001001,33437.181506623288442,19800.000000000000000,1800.000000000000000,,900.000000000000000,900.000000000000000,,,,1800.000000000000000,,900.000000000000000,,5400.000000000000000,9408.000000000000000,,20175,SEWARD
1194561,1399388,2017500038380002001,93601.790579064865597,2700.000000000000000,9900.000000000000000,3600.000000000000000,15300.000000000000000,1800.000000000000000,,,,,900.000000000000000,900.000000000000000,,22500.000000000000000,12544.000000000000000,,20175,SEWARD
1194562,1399393,2017500002360001003,5580.339990880207552,1800.000000000000000,4500.000000000000000,900.000000000000000,1800.000000000000000,900.000000000000000,,,,,,,,,,,20175,SEWARD
1194563,1399394,2017500036130007001,27018.447120643224480,2700.000000000000000,2700.000000000000000,900.000000000000000,900.000000000000000,,,,,,900.000000000000000,2700.000000000000000,,900.000000000000000,,,20175,SEWARD
1194564,1399396,2017500039580006001,25976.683804309293919,6300.000000000000000,2700.000000000000000,1800.000000000000000,1800.000000000000000,5400.000000000000000,6300.000000000000000,,3600.000000000000000,4500.000000000000000,4500.000000000000000,6300.000000000000000,900.000000000000000,1800.000000000000000,,9408.000000000000000,20175,SEWARD
1194565,1399397,2017500039580007001,5280.274594008932581,900.000000000000000,,,,,,,,,,,,,,,20175,SEWARD
1194566,1399399,2017500036550002001,6357.709544416911740,,,,,,,,,,,,,,,,20175,SEWARD
1194567,1399400,2017500004710001005,4623.745871838399580,5400.000000000000000,5400.000000000000000,5400.000000000000000,5400.000000000000000,5400.000000000000000,900.000000000000000,5400.000000000000000,5400.000000000000000,,5400.000000000000000,4500.000000000000000,4500.000000000000000,5400.000000000000000,,,20175,SEWARD
1194568,1399401,2017500042880001001,619409.016196875600144,1800.000000000000000,,,,,,,,,,,,,,,20175,SEWARD
1194569,1399402,2017500004710003003,7287.398930807604302,4500.000000000000000,7200.000000000000000,1800.000000000000000,7200.000000000000000,7200.000000000000000,7200.000000000000000,6300.000000000000000,5400.000000000000000,7200.000000000000000,7200.000000000000000,7200.000000000000000,7200.000000000000000,1800.000000000000000,6272.000000000000000,6272.000000000000000,20175,SEWARD
1194570,1399412,2017500001130005001,19456.651052971599711,5400.000000000000000,2700.000000000000000,,900.000000000000000,900.000000000000000,,,,900.000000000000000,,,,,,,20175,SEWARD
1194571,1399413,2017500006080002001,337465.919963325664867,900.000000000000000,,,,,,,,,,,,,,,20175,SEWARD
1194572,1399415,2017504013910001001,2578168.469354723114520,900.000000000000000,12600.000000000000000,900.000000000000000,,2700.000000000000000,900.000000000000000,900.000000000000000,,1800.000000000000000,,,900.000000000000000,,,6272.000000000000000,20175,SEWARD
1194573,1399418,2017500001450005001,20729.757228449354443,,,,,,,,,,,,,900.000000000000000,,,20175,SEWARD
1194574,1399419,2017500001450006001,4625.572702406978351,900.000000000000000,,,900.000000000000000,900.000000000000000,,900.000000000000000,,900.000000000000000,900.000000000000000,900.000000000000000,,,,,20175,SEWARD
1194575,1399420,2017500034850006001,635274.499682007473893,5400.000000000000000,5400.000000000000000,2700.000000000000000,6300.000000000000000,6300.000000000000000,2700.000000000000000,5400.000000000000000,2700.000000000000000,8100.000000000000000,6300.000000000000000,10800.000000000000000,13500.000000000000000,17100.000000000000000,,15680.000000000000000,20175,SEWARD
1194576,1399421,2017500010110002010,12659.173120442575964,900.000000000000000,12600.000000000000000,,9000.000000000000000,,,,,,900.000000000000000,,,,,,20175,SEWARD
1194577,1399422,2017500035460001007,13245.657420707382698,3600.000000000000000,,,,,,,,2700.000000000000000,900.000000000000000,1800.000000000000000,2700.000000000000000,2700.000000000000000,3136.000000000000000,6272.000000000000000,20175,SEWARD
1194578,1399422,2017500035460001007,7365.121833707284168,3600.000000000000000,,,,,,,,2700.000000000000000,900.000000000000000,1800.000000000000000,2700.000000000000000,2700.000000000000000,3136.000000000000000,6272.000000000000000,20175,SEWARD
1194579,1399423,2017500000810007001,21677.914425131581083,,,,,,,,,,,,,,,,20175,SEWARD
1194580,1399425,2017500002870001004,13093.563995060649177,7200.000000000000000,4500.000000000000000,,1800.000000000000000,900.000000000000000,,,,,,3600.000000000000000,,5400.000000000000000,,,20175,SEWARD
1194581,1399426,2017500002870003001,42902.974910985962197,14400.000000000000000,11700.000000000000000,1800.000000000000000,,,,,900.000000000000000,900.000000000000000,900.000000000000000,12600.000000000000000,,17100.000000000000000,9408.000000000000000,,20175,SEWARD
1194582,1399427,2017500002480001003,10904.155326222982694,8100.000000000000000,,,7200.000000000000000,,900.000000000000000,,,,,,,,,,20175,SEWARD
1194583,1399428,2017500038760005001,18451.717860419812496,,,,,,,,,,,,,,,,20175,SEWARD
1194584,1399429,2017500040550017001,447533.644079033925664,900.000000000000000,,,,,,,,,,,,,,,20175,SEWARD
1194585,1399430,2017500040550018001,15607.890355504514446,,,,,,,,,,,,,,,,20175,SEWARD
1194586,1399431,2017500040540009001,282250.237858845444862,,,,,,,,,,,,,,,,20175,SEWARD
1194587,1399432,2017500040540010001,5702.577899822340441,,,,,,,,,,,,,,,,20175,SEWARD
1194588,1399433,2017500005540002001,59121.431151305012463,3600.000000000000000,,,1800.000000000000000,,,,,,,,,,,,20175,SEWARD
1194589,1399442,2017500004220007001,49959.309667826222721,41400.000000000000000,36900.000000000000000,27900.000000000000000,25200.000000000000000,25200.000000000000000,23400.000000000000000,4500.000000000000000,10800.000000000000000,9000.000000000000000,6300.000000000000000,15300.000000000000000,11700.000000000000000,12600.000000000000000,6272.000000000000000,18816.000000000000000,20175,SEWARD
1194590,1399443,2017500004220006001,16899.067671175125724,4500.000000000000000,3600.000000000000000,900.000000000000000,3600.000000000000000,4500.000000000000000,2700.000000000000000,,1800.000000000000000,900.000000000000000,900.000000000000000,3600.000000000000000,1800.000000000000000,2700.000000000000000,,,20175,SEWARD
1194591,1399444,2017500004220001005,36879.079518110731442,35100.000000000000000,35100.000000000000000,34200.000000000000000,35100.000000000000000,35100.000000000000000,35100.000000000000000,31500.000000000000000,32400.000000000000000,34200.000000000000000,35100.000000000000000,35100.000000000000000,35100.000000000000000,35100.000000000000000,37632.000000000000000,40768.000000000000000,20175,SEWARD
1194592,1399446,2017500004220005001,10728.609302054646832,,1800.000000000000000,,,,1800.000000000000000,,,,,900.000000000000000,,,,,20175,SEWARD
1194593,1399447,2017500004220002005,6937.048329153773921,12600.000000000000000,12600.000000000000000,9000.000000000000000,12600.000000000000000,11700.000000000000000,10800.000000000000000,9000.000000000000000,8100.000000000000000,7200.000000000000000,12600.000000000000000,12600.000000000000000,12600.000000000000000,12600.000000000000000,18816.000000000000000,18816.000000000000000,20175,SEWARD
1194594,1399447,2017500004220002005,4769.316752326725691,12600.000000000000000,12600.000000000000000,9000.000000000000000,12600.000000000000000,11700.000000000000000,10800.000000000000000,9000.000000000000000,8100.000000000000000,7200.000000000000000,12600.000000000000000,12600.000000000000000,12600.000000000000000,12600.000000000000000,18816.000000000000000,18816.000000000000000,20175,SEWARD
1194595,1399450,2017500043140002001,4388.228350956751456,,,1800.000000000000000,,,,,,,,,,,,,20175,SEWARD
1194596,1399451,2017500043140003002,146492.919507634243928,52200.000000000000000,2700.000000000000000,1800.000000000000000,,,,,,,,,,,6272.000000000000000,,20175,SEWARD
1194597,1399455,2017500043140005001,34523.536904639069689,2700.000000000000000,3600.000000000000000,,1800.000000000000000,3600.000000000000000,,,,,900.000000000000000,,,6300.000000000000000,,,20175,SEWARD
1194598,1399456,2017500000990002001,118346.226454285162617,2700.000000000000000,2700.000000000000000,900.000000000000000,,,,,,,,3600.000000000000000,,,,,20175,SEWARD
1194599,1399457,2017500042470002001,12807.049653831811156,,,,,,,,,,,,,,,,20175,SEWARD
1194600,1399458,2017500042470001006,6938.614475439155285,,,,,,,,,,,,,,,,20175,SEWARD
1194601,1399459,2017500000810005001,57191.591602427695761,5400.000000000000000,8100.000000000000000,9000.000000000000000,2700.000000000000000,900.000000000000000,1800.000000000000000,9000.000000000000000,,,4500.000000000000000,16200.000000000000000,1800.000000000000000,2700.000000000000000,,3136.000000000000000,20175,SEWARD
1194602,1399460,2017500000810003001,1395950.417788215447217,21600.000000000000000,6300.000000000000000,5400.000000000000000,1800.000000000000000,2700.000000000000000,,1800.000000000000000,4500.000000000000000,,6300.000000000000000,24300.000000000000000,3600.000000000000000,15300.000000000000000,21952.000000000000000,31360.000000000000000,20175,SEWARD
1194603,1399461,2017500000810004001,31505.063983295178332,3600.000000000000000,2700.000000000000000,,,900.000000000000000,1800.000000000000000,3600.000000000000000,,,3600.000000000000000,5400.000000000000000,2700.000000000000000,,,,20175,SEWARD
1194604,1399462,2017504013970001001,1278219.962120281998068,12600.000000000000000,202500.000000000000000,2700.000000000000000,60300.000000000000000,4500.000000000000000,900.000000000000000,900.000000000000000,900.000000000000000,,,,66600.000000000000000,2700.000000000000000,,,20175,SEWARD
1194605,1399464,2017500008100001004,20821.782539715721214,,,,,,,,,,,,,,,,20175,SEWARD
1194606,1399468,2017500001130002001,46807.371855634490203,7200.000000000000000,1800.000000000000000,900.000000000000000,12600.000000000000000,,,,,3600.000000000000000,,,,,,,20175,SEWARD
1194607,1399471,2017500007160008001,90840.107840681099333,,,,,,,,,,,,,900.000000000000000,,,20175,SEWARD
1194608,1399472,2017500007160010001,77649.163501125804032,,,,,,,,,,,,,,,,20175,SEWARD
1194609,1399473,2017500011350001001,142451.820615851436742,,,,,,,,,,,,,,,,20175,SEWARD
1194610,1399474,2017500042610008001,9595.851880857691867,,,,,,,,,,,1800.000000000000000,,,,3136.000000000000000,20175,SEWARD
1194611,1399475,2017500011690002001,127089.154690948111238,,,,,,,,,,,,2700.000000000000000,,,,20175,SEWARD
1194612,1399476,2017500011690001001,164513.526358707807958,,,,,,,,,,,,2700.000000000000000,,,,20175,SEWARD
1194613,1399477,2017500011720001001,97441.737234583866666,,,,,,,,,,,,,,,,20175,SEWARD
1194614,1399478,2017500011720003001,9584.107037241787111,,,,,,,,,,,,,,,,20175,SEWARD
1194615,1399479,2017500011720002001,124693.031462408325751,900.000000000000000,,,900.000000000000000,,,,,,900.000000000000000,,4500.000000000000000,,,,20175,SEWARD
1194616,1399480,2017500011720005001,8261.501811014784835,,,,,,,,,,,,,900.000000000000000,,,20175,SEWARD
1194617,1399481,2017500013140001001,657977.289242160157301,,,,,,,,,,,,,,,,20175,SEWARD
1194618,1399482,2017500011340001001,3123771.018547857645899,900.000000000000000,,1800.000000000000000,,,,,900.000000000000000,,,4500.000000000000000,,,,3136.000000000000000,20175,SEWARD
1194619,1399483,2017500013150001001,621157.486599326482974,,,,,,,,,,,,,,,,20175,SEWARD
1194620,1399484,2017500011260001001,649038.838003172073513,,,,,,,,,,,,,,,,20175,SEWARD
1194621,1399485,2017500033070001001,212615.016892269690288,,,,,,,,,,,,,,,,20175,SEWARD
1194622,1399486,2017500033060003001,18263.615760413020325,4500.000000000000000,3600.000000000000000,1800.000000000000000,4500.000000000000000,3600.000000000000000,1800.000000000000000,2700.000000000000000,4500.000000000000000,4500.000000000000000,3600.000000000000000,6300.000000000000000,,6300.000000000000000,9408.000000000000000,6272.000000000000000,20175,SEWARD
1194623,1399488,2017500001870001001,628351.305910385097377,,,,,,,,,,,,,,,,20175,SEWARD
1194624,1399489,2017500011290001001,3277467.331687629688531,9900.000000000000000,3600.000000000000000,3600.000000000000000,,7200.000000000000000,9000.000000000000000,,,,1800.000000000000000,,5400.000000000000000,,,15680.000000000000000,20175,SEWARD
1194625,1399490,2017500011150001001,648963.104954966343939,900.000000000000000,5400.000000000000000,,5400.000000000000000,1800.000000000000000,,,,,,10800.000000000000000,7200.000000000000000,,3136.000000000000000,18816.000000000000000,20175,SEWARD
1194626,1399491,2017500041560011001,53316.486475070429151,,,,,,,,,,,,,,,,20175,SEWARD
